2.628950491122920084e+03 1.692744131249544353e+02 -4.029181894213500641e+02
3.065871241020454818e+03 2.390198372794948227e+02 -4.185533604627715931e+01
2.553985150110410359e+03 2.115087573784597907e+02 -3.644039114236055070e+02
2.437348981614372406e+03 1.774741853456025638e+02 -3.121684719597348590e+02
2.737144264468283382e+03 1.065406908549144731e+02 -2.276396386320899410e+02
2.706342957291788935e+03 3.431753462636123686e+02 -8.718510030143944789e+01
2.517939208348889224e+03 3.673135489794249224e+02 -2.230517133923263771e+02
2.531317003664372351e+03 6.087624030016748975e+02 -1.664501120645049355e+02
2.307167827481465338e+03 4.880631490376636066e+02 -3.365642361217361440e+02
2.371315455340720746e+03 3.662750321651930108e+02 -3.070989178823630255e+02
2.650883665319785450e+03 2.530112815572559271e+02 -2.851440184715988835e+02
2.528923873015181925e+03 5.051976646624163436e+02 -3.689994880397307497e+02
2.533128678979483084e+03 3.955842099114156554e+02 -1.392828006921957353e+02
2.829371756264749820e+03 3.940785127800633632e+02 -9.656751036421604795e+01
2.456016908689734009e+03 1.369394366948874051e+02 -3.383852798998389630e+02
2.759708493183150040e+03 4.829499009012614579e+02 -4.277230075482258087e+00
2.644456539250574679e+03 2.303025345749076109e+02 -3.010974508177219491e+02
2.903896883335562507e+03 -9.622111894825559375e+01 -2.510455932431237898e+02
2.674796767554272719e+03 8.264694879913172372e+02 -2.439449933292483479e+02
2.591859926687806819e+03 1.429952420690986514e+02 -1.852350017687477930e+02
2.442393842222354124e+03 5.950146107084411824e+02 -1.431418187266672817e+02
2.459774986966680444e+03 3.980524236640258096e+02 -1.633752387809869902e+02
2.669738166317776631e+03 2.004718599214816663e+02 -3.675111666523544045e+02
2.625410844292073307e+03 3.984881315880310240e+02 -1.350149772843869016e+02
2.837697091603408353e+03 3.868207736457102328e+02 -8.858154402658368554e+01
2.540023912548019325e+03 4.528650255954711383e+02 -1.218851037701687972e+02
2.731665691660658922e+03 4.588925542562713531e+02 -2.174312323272856133e+02
2.951807095734416180e+03 -5.556199553870612817e+00 -2.896657943899393786e+02
2.377636407083656650e+03 1.009851522155628345e+01 -5.196116184052440303e+02
2.330150691430220377e+03 3.498254052520725281e+02 -3.563576295931355844e+02
2.576254941756003063e+03 3.724721705399751954e+02 -2.076843644004841849e+02
2.528715726105685462e+03 2.329528326650572581e+02 -2.502578879082658432e+02
2.793640241118549966e+03 3.108839637059735992e+02 -3.083500743792853882e+02
2.735011360677664015e+03 5.013445661236608544e+02 -4.419641189431588657e+01
2.748245786500255690e+03 2.775733639219997713e+02 -9.678106267488979597e+01
2.693445426473867428e+03 4.923850045658847989e+02 -1.590549841697456088e+02
2.425620633384707162e+03 2.945947300909210753e+02 -2.254892059810431988e+02
2.573870887493952978e+03 1.569583201326534905e+01 -3.159705617065111483e+02
3.071046964853553163e+03 1.149669573186474594e+02 -1.217612444713388129e+02
2.625387906790779653e+03 2.276505310979253522e+02 -2.703237684434424750e+02
2.396630377969883739e+03 3.848192726684509353e+02 -3.717636154767772041e+02
2.505055638086321778e+03 2.527827260239705538e+02 -2.895320554094308818e+02
2.423481840152673612e+03 2.416163361751083016e+01 -4.271770419827854539e+02
2.776542030442902615e+03 2.386899532808638469e+01 -1.000424433075072841e+02
2.311083422477151998e+03 1.480336992216196279e+02 -4.392492955119622593e+02
2.797909712687314823e+03 -5.215280812481182693e+00 -2.496219240564553843e+02
2.854970948689139732e+03 2.501027327860815603e+02 -1.234520756533765820e+02
2.755463687102355834e+03 1.520497116222749128e+02 -1.295870572201200162e+02
2.910724750905103519e+03 7.995206009893315695e+02 -1.381332985711010792e+02
2.455189524642514243e+03 6.066022136551961239e+02 -9.361139552614204717e+01
2.394471690605037566e+03 3.146727847505163709e+02 -5.339084844768359517e+02
2.742107679653070591e+03 3.555972358808712670e+02 -2.771729228975368073e+02
2.587167050462072439e+03 2.597756642395441986e+02 -2.364143712205070074e+02
2.784569837933401232e+03 5.811695219257338749e+02 -2.057254548730244892e+02
2.518494625620031002e+03 6.383175089233616291e+02 -3.330176031377361596e+02
2.697814187013203536e+03 3.634265609973447226e+02 -3.201437435197662467e+02
2.605698123075829244e+03 4.995878651655182239e+02 -1.955549388710895187e+02
2.791537058491245716e+03 8.023524367634556143e+01 -2.216647879938995231e+02
2.738991589090128400e+03 -9.131931638486184966e+01 -2.027381911861092476e+02
2.601458114619443677e+03 -4.487852670610224948e+01 -4.295607367408763366e+02
2.928830404156501572e+03 1.651111032926177984e+02 -9.539714870331063423e+01
2.487866999075597050e+03 3.769543078587026912e+02 -1.112469346475367900e+02
2.615431226361243262e+03 1.655171522975903429e+02 -2.133943316850235590e+02
2.602832579581905065e+03 1.602052616490527726e+01 -3.985759885669442042e+02
2.328637779020333710e+03 3.001115048933971821e+02 -2.684801675002468073e+02
2.610858398889505679e+03 -2.541949957278041836e+02 -5.343808794549223649e+02
2.446841474425941669e+03 1.847858392929229865e+02 -3.790933644368178079e+02
2.634085716459848300e+03 2.617638754427761114e+02 -1.661898052918635926e+02
2.498396340373662042e+03 1.670514315419004561e+02 -1.411658532681690588e+02
2.907056650753098438e+03 7.387873218788638496e+01 -2.126424088714486516e+02
2.897115812822332373e+03 1.788762970723757633e+02 -2.102308848982120537e+02
2.820524150756251856e+03 1.610855144744641620e+01 -1.581971427307230726e+02
2.780590497840374610e+03 3.989697247846349910e+02 -6.309182067606003841e+01
2.841922275565983455e+03 2.520806015231995900e+02 -3.863896910090090842e+01
3.036704682056466027e+03 1.736212639387804302e+02 -1.480231145175972074e+01
2.406852423554994402e+03 1.086808092845769806e+02 -3.833081924283849276e+02
2.916263501601565167e+03 1.559833578491669641e+02 -6.354899167368415647e+00
2.569995956829995066e+03 8.699070327577661601e+02 -3.547827535596265989e+02
2.563326224578913752e+03 6.261423855967942131e+01 -4.950697013408476437e+02
2.649441294091067903e+03 1.702472929289328647e+02 -2.044889422456701595e+02
2.846143948280212499e+03 1.444809252841912723e+02 -1.865811137940092692e+02
2.780753467536656899e+03 2.165489158761909607e+02 -1.835583601436646859e+02
2.724524335713004803e+03 4.244019626083313028e+02 -5.293397881381287107e+01
2.846607814271081224e+03 -1.620593945005452952e+01 -3.001092876326115402e+02
2.622720055942094405e+03 5.831444899468771155e+02 -3.096954015329245635e+02
2.841114206879392896e+03 4.220784901327023135e+02 -1.254261665618440418e+02
2.423330507147070421e+03 7.962387820708150343e+01 -3.039241994796356607e+02
2.690249487232350475e+03 3.770181585196908713e+01 -1.825773259057870916e+02
2.807206404183956693e+03 5.552399309013947004e+02 -1.251914819822364962e+02
2.702676428655725886e+03 1.569091584187884507e+02 -2.183808955259906099e+02
2.821473965348528509e+03 3.314055188027522831e+02 -1.657507737802032750e+02
2.904573839255766416e+03 7.917900405432507682e+01 -6.471445600710907797e+01
2.879415006482462104e+03 2.149092529739950805e+02 -3.257480888508255248e+02
2.813031661938909110e+03 1.357784808031968851e+02 -6.691282384045477727e+01
2.695207540166898070e+03 3.598058872210526715e+02 -2.473905042322061547e+02
2.613531594322048477e+03 7.971207130252308843e+02 -2.166643202881317620e+02
2.611321426703097586e+03 1.244076905368631287e+02 -1.781751258039478216e+02
2.399839027182124937e+03 1.845680829131626126e+02 -2.606101003362110760e+02
2.570547335631656097e+03 3.611487852527380937e+02 -1.470927196474885363e+02
2.900383177734068340e+03 -1.156066713830614816e+02 -2.421068191642080194e+02
2.788320277761288253e+03 1.305765364520560468e+02 -1.197081125925365086e+02
2.462607035448114857e+03 9.519645067568916375e+01 -3.705780550250515262e+02
2.674620418594737203e+03 3.279492539378593960e+02 -3.897549418878745087e+02
2.924645214807565026e+03 3.499987183568097748e+02 -1.412344181326900525e+02
2.512416538306093571e+03 9.683070396286392167e+01 -2.062176246073462096e+02
2.483043184617290080e+03 3.858052674308233918e+02 -1.272312165096074636e+02
2.977094068160480674e+03 5.630899012772738388e+02 -9.556504350349582921e+01
3.007514978647262524e+03 1.055014269736945636e+02 -2.704809292755666092e+02
2.601781550073505059e+03 1.787533456920326103e+02 -4.445183034477340129e+02
2.601582648047996372e+03 8.401354515997451244e+01 -1.660105311994586827e+02
2.650116707225183745e+03 4.529607277275418369e+02 -1.279745557072108255e+02
2.375910802816839805e+03 6.498904463768594724e+02 -3.907261718673516384e+02
3.045356082268783211e+03 1.418662032077121751e+02 -2.457052627814919674e+02
3.002222677469008886e+03 1.276922151220868926e+02 -7.970391267749630515e+01
2.773571242854558022e+03 8.598996572397795717e+02 -4.256668345606890114e+01
2.505335728998620652e+03 -3.908760003393537374e+01 -4.829815773036546602e+02
2.432065229356040163e+03 2.138834844382569145e+02 -3.139689203478269519e+02
2.349775619143070799e+03 5.538587143626816669e+02 -4.834045506666087135e+02
2.826376642736339818e+03 -9.734755650223348766e+00 -1.620459621433201391e+02
2.870847940910478883e+03 5.230006404526845927e+02 -9.608709001720063725e+01
2.438684924506545485e+03 2.617194935734408290e+01 -1.954580544226714665e+02
2.846943113865662326e+03 3.725919049449972249e+02 3.225151263558309722e+01
2.466812720179448661e+03 3.863135008602399694e+02 -4.462769635591428141e+02
2.398937066265505109e+03 2.003658689058848665e+02 -4.514401639946557339e+02
2.612178886982039785e+03 2.609488659594121600e+02 -2.675327758675152836e+02
2.610514510052658352e+03 2.157601315336730750e+02 -1.545613195333904173e+02
2.705309509639194857e+03 3.349582464649685676e+02 1.353796558055880439e+01
2.811033565819989690e+03 -1.183257501553095068e+02 -3.145442918074062959e+02
2.818941694834521968e+03 -7.098278202205312937e+01 -4.392759138317312591e+02
2.642337541112633062e+03 1.424528026374417777e+00 -7.657471093660478800e+01
2.342117011518081199e+03 6.323435338120848428e+02 -3.340286553105128178e+02
2.332381835695007339e+03 2.588737540430353192e+02 -4.197275329950489322e+02
2.690752831256830632e+03 2.304009811148154370e+02 -2.090008376005810078e+02
2.677404500888356324e+03 4.787687300980368832e+01 -4.353265088905946527e+02
2.512137475041572543e+03 2.907417961716953414e+02 -1.721804245646816867e+02
2.764429053057511737e+03 5.009254248643917435e+02 -2.880574808103357327e+02
2.502495538462980676e+03 3.739684600039743856e+01 -1.686769754101191552e+02
2.592689952808971157e+03 6.475438117438784502e+02 -1.832262706729140405e+02
2.558928957147511028e+03 3.160079014422432238e+02 -1.778058596486435476e+02
2.829223244505610182e+03 -1.039644351449869220e+02 -1.953882706748715918e+02
2.728874562779842108e+03 5.120208346779169233e+02 -3.055183689014372135e+02
2.971087754062012664e+03 -1.493976505214409656e+01 -1.460514510320590773e+02
2.466395783940525234e+03 -8.435291009122066441e+01 -4.170077107411369752e+02
2.526843186286043419e+03 1.388965269728377052e+02 -4.362839305536294887e+02
2.452100888073595797e+03 4.763667745010776002e+02 -3.170289786404520100e+02
2.463356169718515503e+03 4.865047377597371678e+02 -3.694098529366609114e+02
2.594037160529996527e+03 3.082772521140689150e+02 -3.523197703637384137e+01
2.377217081757691631e+03 2.485166840914675390e+02 -4.572415620255561635e+02
2.396017953642720386e+03 2.127254563253414688e+02 -4.760106543073330840e+02
2.669604694020189982e+03 1.660072396948887672e+02 -1.483128586893451484e+02
2.432258301677694817e+03 6.158966558674853786e+01 -4.046166717714973515e+02
3.075407979212417104e+03 1.766835169822903140e+02 -1.841352135695402694e+02
2.451132949431703310e+03 2.107091582996746126e+02 -3.727662140586655823e+02
2.560865194714486734e+03 2.899224534747753523e+02 -3.723537150009146330e+02
2.539929602478280231e+03 5.864605334095529088e+02 -2.205618299212547129e+02
2.464446793368891122e+03 3.331345357533271567e+02 -4.484311183354736272e+02
2.773216846084505050e+03 3.676058602374337170e+01 -2.813743506263525660e+02
2.960172534277800423e+03 1.717460788200277477e+02 -2.647233064492539256e+02
2.325614492847923430e+03 2.701417026196378401e+02 -4.158108830429885643e+02
2.501664988165753584e+03 5.075868656308306299e+02 -2.013059064252848884e+02
2.414053136322766932e+03 1.037568969051232415e+02 -4.137185930428814231e+02
2.781659789263548646e+03 4.593059958743111224e+02 4.269861103938417557e+01
3.005344129633250759e+03 2.095153184214942712e+02 -1.938683447330235481e+02
2.503054163768510989e+03 2.285139578253509853e+02 -2.617184707887541890e+02
2.765547140859021056e+03 1.424136275937827349e+02 6.103782974096617409e+00
2.516119476204687089e+03 8.442480297866766250e+02 -3.787766825342479251e+02
2.444182072969755154e+03 4.773447991901965537e+01 -1.659619569909692416e+02
2.789563647088679772e+03 8.815288594023857627e+01 -3.746054427685361361e+02
2.314152617281241874e+03 1.696334224404827751e+02 -5.116474462112433912e+02
2.843442568894530268e+03 5.306924859655251794e+02 -6.559176893683745391e+01
2.833430767720173662e+03 1.322765461644392246e+02 -2.679377210227265778e+02
2.832214203159262070e+03 3.778290687060526807e+02 -1.866660804221958472e+02
2.620322707114276454e+03 2.655023009167805412e+02 -9.573221123471867600e+00
2.817562327397921763e+03 3.526723671454384430e+02 -5.420325681526972517e+01
2.469691739296172727e+03 5.532574026477404914e+02 -3.530346132733413924e+02
2.733437191449303100e+03 2.234567609677145583e+02 -1.535605708762686845e+02
2.436318336821512275e+03 4.523688670757700692e+01 -1.832422903288083091e+02
2.391175854632271694e+03 2.736772377206220881e+02 -2.885977362554277761e+02
2.571789218774941219e+03 2.623284524952998140e+02 -1.584290984091079508e+02
2.599641382724689265e+03 3.665295468071719256e+02 -3.506053486678126774e+02
2.438919237926919322e+03 4.218006435099478608e+02 -1.488016970192218196e+02
2.649955333169565620e+03 2.377303686627060415e+02 -3.985486181441415852e+02
2.852317989282259077e+03 3.264220430788150225e+02 -1.329232794872590944e+02
2.622217777145956006e+03 2.803521116561493045e+02 2.040128164078406670e+01
2.916762854832044923e+03 1.131758036001696581e+02 -2.073746412333207161e+02
2.745961274146721735e+03 2.839129829130189364e+02 2.952183257759045887e+00
2.797929218801758907e+03 2.697799900523732504e+02 -3.797894402186397400e+00
2.408884261856662306e+03 7.248237795070517109e+01 -4.829699520297804725e+02
3.009969517114739574e+03 1.258661508300066600e+02 -1.206397464089183273e+02
2.500751404186445598e+03 4.604995555864609287e+02 -2.364836582523935817e+02
2.728553985680053756e+03 -1.085952927406033552e+00 -2.051300139721134883e+02
2.982615588656314230e+03 1.491333109877050731e+02 -1.921141849892733831e+02
2.591580597475045124e+03 4.985327675886869088e+02 -1.246659676505438483e+02
2.833907014536301631e+03 2.991096187938142066e+02 1.386429148717965631e+00
2.851258149338201292e+03 1.372076396963160221e+02 -1.574386866350141645e+01
2.503515292181049517e+03 3.987439599233441641e+02 -3.426047784398080012e+02
2.250906289358344566e+03 3.801500603799614169e+02 -4.293115312378573094e+02
2.368219864281270475e+03 3.738264043902449316e+02 -3.085462272462433475e+02
2.636119329262582141e+03 3.273967373592778927e+02 -3.348793621860437497e+02
2.669528299625906129e+03 4.318096531660224855e+02 -1.207485090757897837e+02
2.331821684196617753e+03 4.072929530026175371e+02 -3.556653551158311757e+02
2.856096351625229545e+03 7.304395801260745884e+02 -2.032742155033859888e+02
2.650172407510708126e+03 4.793936628222812146e+02 -1.393037069079730372e+02
2.361040570715872946e+03 2.702339682137998125e+02 -2.415239038591831786e+02
2.559586991056393799e+03 2.662391605373050751e+01 -1.483541113570366008e+02
2.417617587858461775e+03 3.185842147069524799e+02 -3.791185352455223665e+02
2.856392313159245077e+03 -4.008673556474604993e+00 -1.700843180398703680e+02
2.708977524038480169e+03 -1.770824483398222071e+01 -3.558542617480724175e+02
2.655863510925051742e+03 3.313914932581413098e+01 -2.772881608677305394e+02
2.561130065402730906e+03 3.186298810575508469e+02 -1.739417664640615726e+02
2.360316884284156913e+03 1.887244173809829704e+02 -5.063178028961391419e+02
2.495390327762714605e+03 1.404133271061605797e+02 -2.214589245988430548e+02
2.341832941403148197e+03 4.101520273693669765e+02 -5.293615849234946609e+02
2.693419791121646540e+03 1.487526281665802514e+02 -6.246435420874413325e+01
2.984193784967026204e+03 2.313924314960205777e+02 -1.884985052461657347e+02
2.759240431976638774e+03 5.293730499148734907e+02 -1.271568273665493507e+02
2.763185045269049624e+03 2.071122726592845993e+02 -2.651721519886853429e+01
2.619957765366904368e+03 3.055158252546685844e+02 -3.055108655967070490e+02
2.399719003665076343e+03 4.730717928448742668e+02 -3.238342702840664060e+02
2.311677826776619895e+03 5.338247639490336951e+02 -2.942561113762707237e+02
2.599195081986417790e+03 -7.676955280831472805e+01 -4.747262855323251074e+02
2.546349690530939824e+03 8.669681373459031875e+02 -2.387526330431857104e+02
2.639431120347599517e+03 2.863129100942717287e+02 -1.294921365866378551e+02
2.712980271167289175e+03 2.229601946159752401e+02 -3.468015396208519405e+02
2.579789512143490356e+03 8.848497029882029210e+02 -2.031384907712055963e+02
2.716509866482820598e+03 1.712906299542030979e+02 6.612640051960056553e+00
2.590800213299357438e+03 1.733356449849256649e+02 -2.168423364480219959e+02
2.909815539885425096e+03 2.103177543205322024e+02 -1.531103711069047790e+01
2.785361429397074971e+03 1.895738642442707089e+02 -2.330394084880794310e+02
2.435187408332072664e+03 5.306222636630378702e+02 -2.699396739199741546e+02
2.280296930361608247e+03 3.912290828299439340e+02 -4.587602244462190697e+02
2.903661168915879443e+03 1.364066882148553361e+01 -3.166228271624434001e+02
2.272566531938426124e+03 4.816474828925162228e+02 -4.999596766123336806e+02
2.325896551630190061e+03 6.085628490176071637e+02 -5.236726044711746226e+02
2.888363733736386166e+03 1.581974328785298667e+02 -7.106177016033421978e+01
3.006302696509211728e+03 -4.710282716426432614e+01 -3.295856074782799396e+02
2.813915970031626784e+03 5.155759478328742489e+02 -1.647148983002002467e+02
2.742112221366254289e+03 9.880248527435574601e+01 -1.125452787863955280e+02
2.399945639290439885e+03 4.067151001827487562e+02 -1.531289432317064438e+02
2.751586200010291122e+03 2.422977393630329459e+02 -2.565250305016355128e+02
2.451744010942889417e+03 -6.139137198139326301e+01 -5.266684562615998857e+02
2.719602073337993716e+03 4.972951507426835178e+02 -2.236831622777190489e+02
2.445112395758801085e+03 5.186734719470576920e+02 -2.668152549016182320e+02
2.928917041964778036e+03 3.157046590021167276e+02 -1.347412543251296881e+02
2.765564949074629567e+03 5.157441504980853324e+02 -1.433047341672286166e+02
2.729785320772984960e+03 -8.705618679060665954e+01 -4.421599346717780463e+02
3.078833247357468281e+03 -8.533645462784633651e+00 -2.949432709839495033e+02
2.749025254123829654e+03 3.820801988145359473e+02 -1.820901299356342804e+02
2.595132554086499113e+03 4.531280795487217574e+02 -3.015634731789390344e+02
2.511987118339035078e+03 2.395999673622646924e+02 -2.134746531916140100e+02
2.530614283999388590e+03 5.627630989808333197e+02 -1.715599388283725091e+02
2.690843872481888411e+03 2.533629601572876595e+02 -1.323190371605934388e+02
2.748619151464851711e+03 -8.336967930038480290e+01 -4.721206729498793493e+02
2.717374924108723917e+03 7.534642718781361737e+02 -2.472907977482479964e+02
2.319277459341668873e+03 2.270676198883221559e+02 -4.100386149786784813e+02
2.526587147227513924e+03 1.785839141005626516e+02 -1.540805016972877013e+02
2.493307928589806579e+03 4.203106614677026300e+02 -1.389788897354802089e+02
2.923868844510738199e+03 3.370876120488007928e+02 -5.020548236604425085e+01
2.776000812322222828e+03 2.992524100923521360e+02 -1.065026472901536607e+02
2.837044277914279519e+03 1.960927354395410589e+02 -1.634556550404580548e+02
2.568928716967174296e+03 -6.999725312313671566e+00 -2.959351525083989713e+02
2.634890289124049559e+03 2.938951341058265712e+02 -1.432974523225389873e+02
2.561523128645988436e+03 7.198488618485375810e+02 -9.194118455217970620e+01
2.460572619763910552e+03 3.919120996644797970e+02 -1.931571697896409034e+02
2.339124947010333472e+03 3.705989878647891942e+02 -3.624619433966017823e+02
2.460361045613661645e+03 3.222108056853226685e+02 -3.042746069622859295e+02
2.630376740960814459e+03 2.206359357181686676e+02 -2.833644052556327892e+02
2.364507822928219866e+03 4.765430879220181168e+02 -3.117458156255750623e+02
2.598578767578249426e+03 3.824704989265869699e+02 -2.532014125710316250e+02
2.394234810529747392e+03 5.811205663337434544e+02 -1.509876574198498815e+02
2.836296993694374123e+03 -9.048171480150769241e+01 -4.173003937438941193e+02
2.689588230673841736e+03 3.386184681044451850e+02 -2.185676803755785045e+02
2.831908178928078542e+03 2.159762404882380338e+02 2.318197107068796470e+01
2.584091419166928972e+03 5.062047143334689281e+02 -7.678385711076016662e+01
2.740838225887168846e+03 7.537215562231756394e+01 -1.218263154547304907e+02
2.605011314168471017e+03 5.091732678504156979e+02 -1.467728148961858210e+02
2.959868292104813918e+03 6.154014139526411498e+01 4.810021992585632233e+00
