2.628333957864434069e+03 2.124393836021543081e+01 -4.269110167129962292e+02
3.072078032176914803e+03 8.931097087107542620e+01 -3.570810935241361506e+01
2.542260371976560236e+03 1.003705009231441352e+02 -4.644032857394685152e+02
2.423327869129542250e+03 7.812956194764346662e+01 -4.236274847868053257e+02
2.728004217116503241e+03 -1.242228691835688892e+01 -3.184874607716601531e+02
2.718007916636684968e+03 1.955701365335905564e+02 -1.109692992120152155e+02
2.527076357978398846e+03 2.268894754334764912e+02 -2.748846122036956103e+02
2.551246143052943353e+03 4.784189157062002096e+02 -2.378816321145849884e+02
2.319467143908836988e+03 3.521672981250734438e+02 -3.987743788152074558e+02
2.358370814175660598e+03 2.940020149208273210e+02 -4.378586386578489851e+02
2.656803500451314903e+03 1.041748448725777223e+02 -3.025143380081792657e+02
2.541515594389157286e+03 3.669890101662532516e+02 -4.258226673680648560e+02
2.535097207277032339e+03 2.994549244994923924e+02 -2.543668687308012011e+02
2.843740326254445790e+03 2.451748812421601542e+02 -1.070703692633526032e+02
2.447604962908799280e+03 2.205177471474542017e+00 -4.036920628054180042e+02
2.771201157911254086e+03 3.810842034464129142e+02 -1.137320411769787825e+02
2.632335394835760781e+03 1.399456367848281957e+02 -4.201678762541332617e+02
2.888760005702432863e+03 -2.352938815601758051e+02 -3.050705779149195678e+02
2.694964589066319604e+03 7.124765268701928562e+02 -3.392755819358212648e+02
2.582436993125101253e+03 4.655905230522201066e+01 -2.996916615167854161e+02
2.453309415142338821e+03 4.948897621352434726e+02 -2.542495245791523644e+02
2.469228909647142700e+03 2.671302920202730888e+02 -2.358947266831179945e+02
2.665854902576424138e+03 6.200475851053079879e+01 -4.249640988955756029e+02
2.635591680650855778e+03 2.654971553927669561e+02 -2.035628303174763403e+02
2.844272709293649768e+03 2.724450307210080382e+02 -1.853493486735521287e+02
2.557852159047830355e+03 3.071113101780706529e+02 -1.523328524972093021e+02
2.743545039338057904e+03 3.223113542617922462e+02 -2.782055216329385416e+02
2.946300938659038820e+03 -1.553179848392746010e+02 -2.841751445040464432e+02
2.360592133681690029e+03 -1.309517108592451677e+02 -5.676051992315738062e+02
2.335394332691396357e+03 2.103635580103184566e+02 -4.112389080405384902e+02
2.578143046887100809e+03 2.590498858984757362e+02 -3.057704375173963740e+02
2.527798116988850779e+03 9.851321195839182110e+01 -3.166973619544701819e+02
2.797937436105082270e+03 1.691475541879646869e+02 -3.571494766908978704e+02
2.751352924325366530e+03 3.717668579760379544e+02 -1.178959925073502717e+02
2.746552051430710435e+03 1.904919236034463097e+02 -2.188589531683776954e+02
2.694254066677804076e+03 4.124301669442340881e+02 -2.859235278505794895e+02
2.428255535547539694e+03 1.618250574030273867e+02 -2.951622182506550871e+02
2.574102419973741235e+03 -1.261469762898597651e+02 -2.672918039247708748e+02
3.068165453942348904e+03 -2.159262770442423829e+01 -1.836662843871218342e+02
2.619980133941016447e+03 1.080513304835367308e+02 -3.606334829761781293e+02
2.401006505846287837e+03 2.500186270980988752e+02 -4.373280325976920722e+02
2.511808693538650004e+03 1.035461887627688924e+02 -3.026434825675774505e+02
2.404669521276407522e+03 -1.047950251699244149e+02 -5.013749809478153452e+02
2.769014871517108077e+03 -1.083266001520816246e+02 -1.704464470851989688e+02
2.304706127093408668e+03 4.562094498403297393e+00 -4.824266747227628684e+02
2.784885716781624524e+03 -1.343444239003410416e+02 -3.247557863944398946e+02
2.858203006426870616e+03 1.140722762646921922e+02 -1.864943316023984892e+02
2.753200323549369841e+03 2.024825363690070645e+01 -2.010874781429109248e+02
2.919140510071766130e+03 7.251532517395945661e+02 -2.680860965286518649e+02
2.459942131957550373e+03 5.387011563564946073e+02 -2.272374277025377296e+02
2.414316873307548121e+03 1.704138230774175042e+02 -4.980674739681600158e+02
2.743978900959017665e+03 2.297614384460615042e+02 -3.587260218487680845e+02
2.589677539291078119e+03 1.199689028668294526e+02 -2.906068453667558060e+02
2.801807089298455594e+03 4.466517076902097756e+02 -2.697324244345854254e+02
2.542029620645658269e+03 4.965125196860997789e+02 -3.757552489589946845e+02
2.702417288011152777e+03 2.272561288671118405e+02 -3.827974122746600187e+02
2.618350891304237393e+03 3.702499891824235760e+02 -2.703926207306944320e+02
2.791298443186904933e+03 -6.839659643617930840e+01 -2.017254675119723402e+02
2.726331832165410560e+03 -2.393414022181851806e+02 -2.231893523741425724e+02
2.586318697136734954e+03 -1.894196515799000622e+02 -4.665434163663586560e+02
2.922780137061654841e+03 9.339030141757848469e+01 -2.269592183900634552e+02
2.491366759382586679e+03 2.760133554746947766e+02 -2.220969826555674160e+02
2.615166253623736793e+03 2.003187265350692314e+01 -2.497676808587089852e+02
2.579084181690790501e+03 -7.588301361817673296e+01 -5.146742672222471811e+02
2.340864210327679757e+03 1.506657609694870246e+02 -2.661261636142187399e+02
2.600593898257774981e+03 -3.955770421379878030e+02 -4.854440394115613913e+02
2.442994417697113022e+03 4.311085558906444248e+01 -4.281082242327634617e+02
2.644360433588790784e+03 1.167506687651362114e+02 -1.293841343868529918e+02
2.498601310503381228e+03 2.403324170629011292e+01 -1.862747514720808226e+02
2.903496946185105116e+03 -7.466540828833606724e+01 -2.329161398390954787e+02
2.888822969189686773e+03 8.295638326821286057e+01 -3.252076486988429451e+02
2.814943485735836475e+03 -1.335776833430750514e+02 -1.654044047591501965e+02
2.796124018828072622e+03 2.508553871752015425e+02 -4.548755829380891669e+01
2.845645213713353314e+03 1.294138506759708207e+02 -1.248251936493424239e+02
3.039648760734889947e+03 2.669619071438649627e+01 1.508769678713780138e+01
2.393435896684725321e+03 -1.973733665774932433e+01 -4.595829191290053473e+02
2.917704339076215547e+03 1.762964403723414364e+01 -6.419287281442018411e+01
2.569249918138321846e+03 7.987245129680859463e+02 -4.867734715531352094e+02
2.551923311844166619e+03 -8.065896540680199678e+01 -5.378694669958415489e+02
2.649142824065921559e+03 2.594533170723898508e+01 -2.453045304075044442e+02
2.845728145155426319e+03 -2.633912178596446552e+00 -2.156690673115497816e+02
2.775963656691697452e+03 1.100748715110146634e+02 -2.890542980861826550e+02
2.741510993376587976e+03 2.754077127813581569e+02 -5.182749171612639572e+01
2.834943204460832476e+03 -1.583717534662179105e+02 -3.463896888503617220e+02
2.642636014498127224e+03 4.411200230488715306e+02 -3.535298940121512032e+02
2.855699529395507852e+03 2.753982338810600936e+02 -1.530165294959035975e+02
2.414822715055332992e+03 -6.187546459387485953e+01 -3.528589600737249725e+02
2.683462281547007933e+03 -1.075125517051947384e+02 -2.193982252394184229e+02
2.810185607804260144e+03 4.802638281936727367e+02 -2.550327916734497364e+02
2.694483062229073312e+03 4.743384456044560693e+01 -3.205429321932161884e+02
2.828357328878139015e+03 1.929110146290345540e+02 -2.228554929720086477e+02
2.899007820312548120e+03 -2.190861511174634302e+01 -1.753461423281566454e+02
2.885113334507973377e+03 6.510116343643409209e+01 -3.219900706763885410e+02
2.812354018141973029e+03 -3.214765239238516870e+00 -1.232109204979006165e+02
2.682813124685827461e+03 3.087856821465134090e+02 -3.878624746491337874e+02
2.639651764651388930e+03 6.698037842517964009e+02 -2.914787151827381422e+02
2.600952161667151358e+03 3.429107988834846310e+01 -2.975925958894338237e+02
2.389116485089834441e+03 8.033521587385590124e+01 -3.678928755316024990e+02
2.585709436393678061e+03 2.128775217346391457e+02 -1.305156134763742273e+02
2.887233520535531170e+03 -2.640937429281194113e+02 -2.584693811064419151e+02
2.789561531873278909e+03 -1.918606696263363176e+01 -1.120478749680590056e+02
2.461052402883304694e+03 -5.473018898729242920e+01 -3.735179820198144398e+02
2.693834301769391004e+03 1.925735820033704044e+02 -3.281650768497368063e+02
2.934913592409229750e+03 2.034455184126414622e+02 -1.713305531226497465e+02
2.505532720832829000e+03 -3.823624790768737824e+01 -2.710141438284631477e+02
2.487557614575716798e+03 2.782320941232690075e+02 -2.316184266479810105e+02
2.998275935172522168e+03 4.166980355217249326e+02 -1.202593238994338662e+02
3.007200760108428767e+03 -4.445901927500506190e+01 -2.695736468606909284e+02
2.604929621688929274e+03 2.886559260376052549e+01 -4.480971933640298062e+02
2.598747795549614239e+03 -6.491897242318957240e+01 -1.833346805705694180e+02
2.670095181087389392e+03 3.101120183143094664e+02 -8.693598683729686627e+01
2.394040434173827634e+03 5.170465217474527435e+02 -4.579040364485946952e+02
3.044715311489312626e+03 -6.136779246677122046e+00 -2.698664699366307786e+02
3.001281527992749034e+03 -1.401939455435200443e+01 -1.287548174026447043e+02
2.784428941772139751e+03 7.983475305686977208e+02 -1.788843397235600321e+02
2.489586735143514943e+03 -1.841205242704387501e+02 -5.177159610428277574e+02
2.426879968031804310e+03 8.386837413456044033e+01 -3.885225352266285199e+02
2.357905053347617923e+03 4.238321411072599290e+02 -5.576747323059855717e+02
2.814320679344600649e+03 -1.221279849425756510e+02 -2.605927687364990106e+02
2.888136621325472333e+03 3.851850924381708410e+02 -1.526294068139777380e+02
2.436660570379281125e+03 -1.176224033007921150e+02 -1.529357841660797703e+02
2.860488231361438466e+03 2.258378443911960858e+02 4.523677581678704485e+00
2.471845177161465926e+03 2.468183412520495779e+02 -5.010933129121346497e+02
2.379926943371550806e+03 9.860574836925351860e+01 -5.599415484545171466e+02
2.611011011594437150e+03 1.308997065527312884e+02 -3.421980927052168227e+02
2.614476475912467777e+03 6.857878399940558722e+01 -1.830395761215754362e+02
2.716973683176338909e+03 1.916931535333065426e+02 -2.921852558461105076e+01
2.797108321155038539e+03 -2.669396113170226954e+02 -3.290033777193143578e+02
2.816836115788560619e+03 -2.129869279087004088e+02 -3.911152823817116087e+02
2.636178273322797395e+03 -1.482564879198126846e+02 -6.973993080919814247e+01
2.356382072051374507e+03 5.085409622099939497e+02 -4.174462112952710413e+02
2.315762818106487885e+03 1.608564664178164492e+02 -5.320016480651185020e+02
2.693154172400948937e+03 8.745467309517701437e+01 -2.542738308531135090e+02
2.653137655365997944e+03 -3.909074649980128413e+01 -5.550629306636132014e+02
2.514618392826386298e+03 1.636632696212378164e+02 -2.517665444002992103e+02
2.784562490746107869e+03 3.524384537402241335e+02 -2.940006640474289270e+02
2.500838292654145789e+03 -1.057968286679894732e+02 -1.241586375584776789e+02
2.596898549342733531e+03 5.683995676974280968e+02 -3.105350829496434244e+02
2.554263697826183488e+03 2.306328610927759826e+02 -3.010064894139626404e+02
2.817447501553729126e+03 -2.534133037952508403e+02 -1.993157216124394608e+02
2.746083229448083330e+03 3.669273655269469145e+02 -3.392941640070673657e+02
2.961371787482391937e+03 -1.484940862564585586e+02 -2.135636767016229953e+02
2.452141027172647227e+03 -2.330310875466360585e+02 -4.304486479035616640e+02
2.517025791229322294e+03 2.397421831323335084e+00 -4.976082355529174492e+02
2.453504151222279233e+03 3.659244504908600675e+02 -4.184665518248361877e+02
2.465636929015473925e+03 3.691335897918019100e+02 -4.627258167129515982e+02
2.602266040174212776e+03 1.758620749924375843e+02 -1.051430901831949427e+02
2.381206488185958733e+03 1.003197785818812378e+02 -4.798428710034110054e+02
2.406204332634795719e+03 6.456081723972093300e+01 -4.552131847151630950e+02
2.671302373239911049e+03 1.752280437619315023e+01 -1.692543888897542956e+02
2.415894758364516747e+03 -6.673508517377271687e+01 -4.804721272527443148e+02
3.074211878620180414e+03 3.908616593613094636e+01 -2.437556434760148818e+02
2.448000346928149611e+03 7.084831229622702153e+01 -4.267864685058104328e+02
2.544186387077301788e+03 2.139216859252278482e+02 -5.005518352736434622e+02
2.554504098051833807e+03 4.628646569461080844e+02 -3.042320201552261096e+02
2.459326638270460080e+03 2.083003358300577474e+02 -5.313724462430061521e+02
2.755200113722466540e+03 -4.057162025375815517e+01 -4.085914271570927667e+02
2.965873259393372336e+03 2.561523137975439823e+01 -2.315218833875258042e+02
2.305616467589332387e+03 1.883354170034667732e+02 -5.398949994851095653e+02
2.514280358664527284e+03 3.806357040640804144e+02 -2.801304732671722491e+02
2.412462281783939034e+03 -4.608813274634452029e+01 -4.194625989940155364e+02
2.791068882140292772e+03 3.768998562185014976e+02 -8.224039188621794949e+01
3.004077708868238005e+03 7.868073884521569994e+01 -2.671470339907060634e+02
2.503788269515987395e+03 8.752146981229464018e+01 -3.128030745987017553e+02
2.767103528577315956e+03 -6.507593286148498635e+00 -1.147759816279635459e+01
2.517693145548312714e+03 7.628921525629727967e+02 -5.047441471421306574e+02
2.443401160896364672e+03 -9.351268214962047409e+01 -1.155864994975770941e+02
2.788698151853108811e+03 -6.176277587699494376e+01 -3.709172733475760424e+02
2.314567302657664186e+03 2.036022617304025317e+01 -5.260140131609285845e+02
2.854322764317470046e+03 4.270169366009520218e+02 -1.733974234513025863e+02
2.826391379647206122e+03 2.591066089923323545e+00 -3.429122540801595846e+02
2.832281672879774760e+03 2.773151670662188053e+02 -2.979585256229112247e+02
2.628923386804096936e+03 1.161635248229158606e+02 -2.020410055272401451e+01
2.828568982674713880e+03 2.097372951578493883e+02 -9.822002713409492003e+01
2.481161956034105060e+03 4.236878165772663465e+02 -4.276617787514062456e+02
2.737541149406727982e+03 7.656552930974640958e+01 -1.834801451524587037e+02
2.435471419188934306e+03 -9.737536396769255020e+01 -1.368732702654368723e+02
2.391391200601985929e+03 1.393434789842720249e+02 -3.552569608508057399e+02
2.567439096837254510e+03 1.691923832553455327e+02 -2.758846490631205484e+02
2.608786200626796472e+03 2.211531065535112361e+02 -3.862581221712969182e+02
2.434751474402070471e+03 3.577549497069810513e+02 -2.843370657842684182e+02
2.651462930505063014e+03 9.176400833399929979e+01 -4.329085677431119734e+02
2.854784379890643322e+03 2.128767773657701525e+02 -2.308541065301292292e+02
2.624712690588753048e+03 2.058047941453781959e+02 -1.096968743516850964e+02
2.908870579208851723e+03 -4.184191778773836745e+00 -3.003982984605096362e+02
2.753964286978107793e+03 1.472273268715598817e+02 -5.822003716880588087e+01
2.800806898558874309e+03 1.752400570188671338e+02 -1.201721929178607269e+02
2.394912815864095592e+03 -6.621948600433066190e+01 -5.382478767923396390e+02
3.005254846055356211e+03 1.107562579000087055e+01 -2.170242087024915634e+02
2.503249631911014148e+03 3.551822483357121314e+02 -3.432126654878551335e+02
2.723579749331171570e+03 -1.499355720310974789e+02 -1.875770883125248361e+02
2.981978747263411606e+03 3.219127626446081081e+00 -2.267220289099338970e+02
2.611636190590130809e+03 3.528298022930190427e+02 -1.539486660001012979e+02
2.837594082429459831e+03 2.078542474651478074e+02 -1.175586004565499536e+02
2.852419095374108565e+03 -5.678803545180009849e+00 2.976628268623665008e+01
2.508025809738388034e+03 2.667407705873067130e+02 -4.136249908462688154e+02
2.252897542289640569e+03 2.466016321778522524e+02 -4.975017766567536341e+02
2.375797880925403206e+03 2.346479669923332949e+02 -3.638724738295464363e+02
2.653825319970294458e+03 1.889361949141259629e+02 -2.800684744662458456e+02
2.684010089702605455e+03 2.899247204209236770e+02 -1.670950402283236826e+02
2.339484291583728918e+03 2.698008708440019632e+02 -4.150477525539536714e+02
2.865505504908774128e+03 6.376736551130647968e+02 -3.207263688457024955e+02
2.661264125300995147e+03 3.574380679424993446e+02 -2.258650378113203487e+02
2.365570408786593816e+03 1.273140122191683474e+02 -2.867170900638013222e+02
2.556487174289261475e+03 -1.191594874231196570e+02 -1.133305801173723779e+02
2.419204425658514538e+03 1.813143336243204260e+02 -4.394801043697259502e+02
2.845957797866925375e+03 -1.350712836372159416e+02 -2.422145506973180034e+02
2.695832666640725620e+03 -1.600998794533875866e+02 -4.010304993978157313e+02
2.642152440399102943e+03 -8.986911798077888136e+01 -3.619641908469509985e+02
2.573357135228879088e+03 1.692231600406650216e+02 -1.697959478201078696e+02
2.355377041359198302e+03 4.512896027760836404e+01 -5.492712659105371813e+02
2.484799631111311101e+03 3.700132455488454752e+01 -3.295461680947914260e+02
2.369237575702500180e+03 2.695737617381507221e+02 -4.849116739582563014e+02
2.694828058536320896e+03 2.236202530752606776e-01 -8.310915803194289708e+01
2.984802150251712646e+03 9.655806173296099360e+01 -2.541367559545639381e+02
2.767757304885319627e+03 4.266758597049058039e+02 -2.361054727579204382e+02
2.765755979632855997e+03 8.040997038387473594e+01 -1.066980996314269845e+02
2.630355981469665039e+03 1.559864021486946513e+02 -3.101891196785783791e+02
2.397578135149480659e+03 3.720919075939120262e+02 -4.346834326195619838e+02
2.306745545175458119e+03 4.535475027639211021e+02 -4.208274006507490981e+02
2.574288400843985983e+03 -2.008394764741474035e+02 -5.551959606267564595e+02
2.553337759935010126e+03 7.912297281761161685e+02 -3.679962696223744842e+02
2.647555229661357316e+03 1.392490816567339778e+02 -1.576929618747779500e+02
2.709846017728782954e+03 8.688469342678894236e+01 -4.097514543568910881e+02
2.593303325620389842e+03 7.982838273536707447e+02 -3.248462693012481850e+02
2.719667730315450626e+03 2.158189126051912865e+01 1.475995792598659762e+01
2.596790209669477917e+03 2.722045691771557685e+01 -1.836229280645273434e+02
2.911214094749721426e+03 1.024965885758850277e+02 -1.195305055200836506e+02
2.777905250029663421e+03 8.168216307851992042e+01 -3.369280197146279079e+02
2.458414191114812184e+03 3.834235231546717841e+02 -2.867356462971175119e+02
2.272441515058043024e+03 2.782558317098455518e+02 -5.570678758043067091e+02
2.893582269589265707e+03 -1.291028602141981878e+02 -3.614754529560634069e+02
2.286534835480890706e+03 3.380295259793511491e+02 -5.407987055186806629e+02
2.348232563085362017e+03 4.646085783307447628e+02 -5.592721533035351058e+02
2.888566654084516813e+03 2.039082583277954797e+01 -1.302086653590689025e+02
2.995736818785830110e+03 -1.948120652813322806e+02 -3.532372572429261481e+02
2.830090659959259028e+03 3.768527368525625434e+02 -2.193345602804478744e+02
2.740395177638499717e+03 -4.966988063558946465e+01 -1.335706362321068639e+02
2.404281616292874332e+03 2.997597702799614012e+02 -2.581566254997633791e+02
2.759432619159183105e+03 9.282863951956579740e+01 -2.472256094280861873e+02
2.447450672658594613e+03 -2.083727070651242457e+02 -4.972216955371972062e+02
2.735804246855867405e+03 3.547850042601882592e+02 -2.674713462616898596e+02
2.460195115361834269e+03 3.829230801720572117e+02 -3.287297123093175060e+02
2.938162794205538376e+03 1.674022965321092897e+02 -1.549892834908692407e+02
2.787311408375262545e+03 3.674382977422503131e+02 -1.386654583584304987e+02
2.720382612737748786e+03 -2.364016173420103257e+02 -4.323319751277227851e+02
3.069937204536331592e+03 -1.549990012101234811e+02 -3.258918948905078423e+02
2.763581484992173046e+03 2.328248020447240947e+02 -1.820935611395568401e+02
2.616659943246725106e+03 3.061946379957548743e+02 -2.806782486619591737e+02
2.512340690444609663e+03 1.053511055412922417e+02 -2.803041034386362753e+02
2.541166184404022260e+03 4.538302185810469496e+02 -2.740847763041575718e+02
2.693663150231761392e+03 1.202444508664244154e+02 -2.013159319525118178e+02
2.731808041103602591e+03 -2.278943533130318997e+02 -5.084395730397721991e+02
2.742610500573784066e+03 6.194194441183957451e+02 -3.096142055908658222e+02
2.311536819948486482e+03 9.703615999447083595e+01 -4.843417728754869813e+02
2.522982964004442692e+03 5.775083899616129912e+01 -2.428241502468501380e+02
2.509155577105746943e+03 2.748971311126829278e+02 -1.720366355749142144e+02
2.934110994476081942e+03 1.922163396530044110e+02 -8.757485662211105648e+01
2.782629628640336705e+03 1.606624694342477824e+02 -1.634055863740309178e+02
2.837159674205322972e+03 5.831404083165072194e+01 -2.226677765158901536e+02
2.550942733353338554e+03 -1.208338594971533979e+02 -3.918900982986518216e+02
2.643723618433111824e+03 1.458817951299236597e+02 -1.657269220510398782e+02
2.579207136391771655e+03 6.192640668174933580e+02 -2.017548094463135158e+02
2.472942857612602438e+03 2.491109551056797500e+02 -2.372464843912890160e+02
2.355364888042913208e+03 2.215189918054392137e+02 -3.631521781263577964e+02
2.476858704936123104e+03 1.776182488432669402e+02 -2.680823829834183698e+02
2.625207684535703720e+03 9.677752812286348671e+01 -3.677529889468460169e+02
2.374648308960843679e+03 3.445003339525865727e+02 -3.821087248958003215e+02
2.608202244628781500e+03 2.407597512735565601e+02 -3.013107674082838230e+02
2.406746623606547018e+03 4.733887207635715413e+02 -2.545558055994686981e+02
2.830996945742606385e+03 -2.358960021676624024e+02 -3.810284782267619903e+02
2.699510255234049964e+03 1.915974851280298310e+02 -2.464144275295073498e+02
2.836948485736977091e+03 7.719735489219027613e+01 -3.342256544159940290e+01
2.599948248694715858e+03 3.796804814854393726e+02 -1.557093713208298595e+02
2.734738742573118998e+03 -5.311869608231558004e+01 -1.989103907576049437e+02
2.626454782446464378e+03 3.615689713772880509e+02 -1.623358051186132798e+02
2.956896453562916122e+03 -7.652339644198049484e+01 6.327954421847896072e+01
