7.146259286060064220e+00 -8.351622121791540954e-01 4.491617826092437582e+01 4.569918653232692307e+00 -2.377475771585958597e+01 -3.841863682029458715e+01
-4.459297830888780112e+01 -5.013296822118500984e+01 -2.749392751025494519e+01 5.426699095704414333e+01 1.024775894352262782e+02 -3.045621105416186225e+01
8.427229434840748823e+00 1.796173636963894538e+01 2.141393418209541011e+01 -9.891362380505198360e+01 1.947838599532308734e+01 4.433132844927827421e+01
4.234531206934449621e+00 4.222510842065299386e+01 -2.215387632346487834e+01 1.308072049504096981e+02 -2.686945047098285855e+01 1.651830205865930452e+02
4.050591110391757610e+01 7.202029617048840038e+00 4.703966940795426765e+00 1.262096698499143201e+02 -5.337858024660162215e+01 -1.644095729952467764e+02
-4.003415214930515020e+01 -2.060835661114165163e+01 -4.083168068600708800e+00 -1.322475318418786401e+02 -7.032601706422805421e+01 1.013264634998966187e+02
-3.310956813244752084e+01 2.828194892178369280e+00 5.242199998648318982e+00 5.449615066941512964e+01 4.140270310996583447e+01 -1.102826242505755090e+02
-6.927123759048627960e+01 1.958124547315248165e+01 -2.400615288642563527e+01 5.448521471132226424e+01 7.982052104493162403e+01 -1.286264692759886827e+02
-4.497532966256211751e+01 5.672529382950219201e+01 -4.796249100179147717e+01 -1.196482328508452184e+02 -5.057199246808424675e+01 5.328026166269293640e+01
-1.699647696206245229e+01 3.854339905785166565e+01 -1.073023773159045824e+01 -4.506427327254954207e+01 1.200015713677349360e+01 -4.156711266111868497e+01
-1.285211992954729787e+01 -2.355814451739570714e+01 3.910519775939716425e+01 7.192852164985900743e+01 2.119292425948645686e+01 -1.097684312112715190e+02
-5.773290776560017434e+01 1.091663472615629615e+01 2.615041193553032528e+01 -9.908366257322666115e+01 -5.361360878580776301e+01 1.539154015660720631e+01
-2.064092969059104377e+01 8.354677566789682208e-01 -8.799533970461651533e-01 4.659286485875377970e+00 4.021984660320242000e+01 -8.322953012685310625e+01
7.509068178942632699e+01 -5.675459199385134212e+01 4.328045639752835960e+00 -5.433189795149156254e+01 9.211864638754987311e+01 6.506036053327034274e+00
2.705051133451531253e+00 3.407018601407616387e+01 -1.127066487969816855e+01 -4.459308493413318075e+01 9.134670350156635976e+00 -2.660574619671349783e+00
-5.950741986802211159e+01 -2.301707974018883718e+01 -1.464649733774478868e+01 3.299574088426440710e+01 9.121514826521951136e+01 -1.077300891140034480e+02
2.044768733303817498e+01 3.644578686825308278e+00 2.946528874386018870e+01 1.088826655950585405e+02 -3.581793430736838957e+01 -1.641654263793820405e+02
6.526310658007048460e+01 4.422914883515273488e+01 -4.535735768509501753e+01 1.212604075602308598e+02 -7.383510176205092534e+01 -1.446568063678070359e+02
-1.026218612809871331e+02 3.231633974026139100e+01 -2.282624049162938817e+01 -1.280091152209078587e+02 -9.472841541249644592e+01 1.005029022841848807e+01
2.078312660256816002e+01 2.287300990335473827e+01 -1.825226335610514639e+01 1.377249465387818077e+02 -5.193618754794263026e+01 1.628302309271908541e+02
-5.449096900054625081e+01 2.691820217850288444e+01 -3.253355061045332519e+01 -1.417953922060062553e+02 -6.100428740537500971e+01 5.280916129068448583e+01
-3.332539330244990339e+01 1.831784509603481936e+01 -2.326885225296081927e+01 -1.430649518376703213e+02 -5.035509103502582207e+01 8.228124750787009134e+01
1.600647982372223765e+01 -9.000757601783790918e+00 4.559252092760230823e+01 -1.165199665144280914e+02 1.700032746610382262e+01 7.866534140893287486e+01
-3.598588084144535770e+01 -1.435018616199475794e+01 4.249772155336170698e+00 -1.427229721415576478e+02 -5.672847453636683923e+01 8.487799603463868436e+01
5.259568870122846818e+01 -4.279634534975095761e+01 1.191436163738987553e+01 1.375409692568146340e+02 -9.036250916796689125e+01 1.648656462145604280e+02
-5.414064445935580494e+01 1.340457154304872311e+01 -2.788481776692158931e+01 -1.226217260107527807e+02 -7.617240054136713923e+01 8.092403353784783349e+01
-7.179612680663034041e+01 -3.597678727871880966e+01 3.405939968809321527e+01 5.774429253583888766e+01 7.913941852356607853e+01 -1.276035370283998560e+02
7.808445656055981487e+01 4.000622577329593810e+00 1.708011527670414509e+01 9.914473797921462506e+01 -6.718038165092822567e+01 -9.672032620758746191e+01
8.161228419618815622e+00 8.942656069300430488e+01 -7.281176148981712970e+01 -6.272316926742148269e+01 1.315114982816088762e+01 2.102506878006843039e+01
-2.999828932384771818e+01 4.507272400197092566e+01 -2.516775005445441948e+01 7.120600093433213829e+01 3.104496831063822171e+01 -1.311159982398738748e+02
-1.931549426862773089e+01 -9.785575483178149625e+00 1.896122118769226716e+01 1.599454768743035693e+01 2.918669661113663949e+01 -8.583128461686229116e+01
-4.823507683158982040e+00 7.704702749248466098e+00 6.036588629783510740e+00 7.670809444766907070e+00 1.766904153575860903e+01 -5.844005571304784752e+01
1.666583694851387420e+01 -6.064934730172139155e+01 5.977812078669605711e+01 -2.306659626135042274e+01 3.093481000413954973e+01 -1.643755766398784957e+01
-7.800703959602253690e+01 -1.366439125108501074e+01 -1.667871337622007744e+01 5.372562159615736732e+01 1.009111894694394920e+02 -1.106659873798715523e+02
3.296864564012259535e+01 -1.528556010015211974e+01 6.648827983015128673e+00 -4.097176385299434287e+01 7.193113038529590142e+01 -2.259521689848068604e+01
-4.132961142458201209e+01 -3.699272837247224999e+01 3.449089672735561862e+01 2.035688382431520083e+01 4.619772776231762634e+01 -1.143899877567956764e+02
-1.866099427650965126e+01 2.530742519381819733e+01 -2.046333715404629316e+01 2.860544472811129069e+01 3.169393743149906228e+01 -8.530103994081630958e+01
8.865957646221493960e+00 1.161238028975542136e+01 1.779876001657090967e+01 -5.359951588211584905e+00 -2.533080208546761725e+01 -6.422526840418506744e+00
9.734068303391669019e+01 1.617925803150631481e+01 -3.018595174592760699e+01 1.211816269095590286e+02 -1.056412174678695663e+02 -1.423595533104717106e+02
1.172964615735775418e+01 -3.821902975091119092e+00 2.449760810560866631e+01 -4.907209796538650437e+01 2.388442385579010008e+01 -2.468519111158995027e+00
-3.254144404241144173e+01 3.035504554413881451e+01 1.459916359653567586e+00 8.797560299985246957e+01 2.901463239959544538e+01 -1.562865917032914638e+02
-2.170982373942331733e+01 7.209286342121112412e+00 1.302596533060594375e+01 -9.448107829701703508e+01 -2.929555272094155782e+01 5.375209897993335773e+01
1.238561225436991542e+01 7.156725240296604795e+01 -5.617416004517529160e+01 -5.393288407717925992e+01 2.500506041881552122e+01 6.922260291150342582e+00
4.713630136752679789e+01 3.373523286990160130e+01 -6.025961754139389370e+01 -4.207804038140284320e+01 7.981638621377209120e+01 -2.331628957225825083e+00
-9.012262048914079671e+00 6.745253179486898887e+01 -4.801289610665295982e+01 6.827493035740690175e+01 9.349929640145083098e+00 -1.147699204910050383e+02
5.207604070088966353e+01 2.503937176248224716e+01 -1.519814376411791379e+01 -5.734714200154500219e+01 6.099199655712732238e+01 2.909590216732831180e+01
6.162072820713434851e+01 -2.909183659631039731e+01 1.060447089845064106e+01 -4.866103656811529987e+01 7.837592984161513243e+01 1.216514034484215756e+01
3.800878069692665662e+01 -4.409440559194666598e+00 -5.344308933911077197e+00 -3.990436768631412434e+01 5.993488830621142682e+01 -9.243290704646019151e-02
-1.369170630997276135e+02 9.904380291860185537e+00 -5.323650060017209640e+00 4.438362384746356781e+01 1.074865163568697284e+02 1.571297455473193168e+02
-5.198824900477428912e+01 2.097358889707718532e+01 -2.699114162202748091e+01 2.647291243183094167e+01 5.375065861185083804e+01 -1.301274896140745625e+02
-4.092888218561206060e+01 5.423202227285915455e+01 7.558616453664510626e-01 1.154658424371969687e+02 6.908067617708022112e+01 -1.673017859076448701e+02
-3.094412314759220184e+00 -4.844694912396327169e+01 5.277906353573619214e+01 -2.294781331300357330e+00 2.935303437524694203e+01 -5.438219901807557477e+01
-8.183554270918902418e+00 -7.262215871545334878e+00 1.759877969771676831e+01 2.469687202909296886e+01 2.116984500363536625e+01 -7.226288195070229392e+01
-1.074951517556894487e+02 -1.814462856763449139e+01 2.153585679819941134e+01 -1.252383996152911720e+02 -1.076774978628538832e+02 2.633706624788217709e+01
-7.587565925783296450e+01 3.056791490945580492e+01 -7.699041767245997647e+00 -1.129635011972968357e+02 -7.883981574354390887e+01 2.886226111136786798e+01
-2.605954370957422483e+01 -3.991512152824533644e+01 5.612580810958324662e+01 -1.230137659409932667e+02 -2.833786808103866761e+01 6.346484018268081684e+01
-5.800053900711794341e+01 -1.038872227880194643e+01 1.416192060673799347e+01 5.352250718707639265e+01 6.283197001321996567e+01 -1.281365020657685250e+02
4.248371809812257993e+01 -2.236183409952851875e+01 2.754401029075917151e+01 1.067503065523273733e+02 -3.271950030866166514e+01 -1.195220877420393180e+02
-1.354716027960593578e+02 -7.360752150863440590e+01 -4.026522870846504532e+01 -3.907869968969932017e+01 -9.501523827701061009e+01 1.653843077765628493e+02
2.917165924275588651e+01 4.262008319102269382e+01 -7.686053880747191869e+00 -1.059684610821389157e+02 3.002402487428542344e+01 8.150826805007221765e+01
7.220702461171779873e+01 9.724234526780989540e+00 -1.401743923234107569e+01 -4.807681893316735966e+01 1.035817608940549377e+02 4.695395684346102883e+00
-2.016201834219498679e+01 1.439053268719720613e+01 -2.298655229696754532e+01 5.532727801908641219e+00 4.910938174749694696e+01 -8.091371296085723941e+01
7.170628639887843825e+00 -2.994450099879142790e+00 8.404337950822640124e+00 -8.376266424355362616e+00 2.106831197377080755e+01 -2.743443645683657905e+01
3.148036965909911800e+01 5.672688610206036230e+01 -2.811553301181950104e+01 1.127403877106791299e+02 -4.950268834987677735e+01 -1.597728358646665754e+02
1.468693149282096897e+02 -7.346753586368728861e+01 -5.990484359314007179e+01 4.581950278651902408e+01 -7.545722694840401346e+01 1.243769057129716060e+02
3.625905887827823904e+01 7.962606558253207822e+01 -4.750489225795575976e+01 -1.307615548273020352e+02 4.296592993002779082e+01 1.260723025724656736e+02
-6.145902126702004864e+00 2.941034041751980865e+01 2.978506659552007552e+00 -4.083052845505383743e+01 -9.060297593017473616e+00 -6.536501864052255861e+00
-3.602594184233314678e+01 -1.597798384415189865e+01 1.376486155101369846e+01 -1.040029719858482053e+02 -5.311727067593326268e+01 8.791178089797114126e+01
-2.599707335132475094e+00 2.812472094657686839e+01 -4.369911733660006092e+01 6.315845596531604933e+00 4.507567563855599957e+01 -4.613175318065812291e+01
7.168631661943953759e+01 -8.936772873037819309e+00 1.368735172844801617e+01 -6.689062463242218826e+01 6.673271490229512892e+01 5.440338505823481796e+01
6.917902281482440685e+01 -3.216975108264984229e+00 1.689838039403672099e+01 1.285024902465006278e+02 -8.219312185050958419e+01 -1.559766176789167105e+02
5.293478657109483976e+01 1.533056920958245417e+00 -6.916206888327159241e+00 -5.868178365982238631e+01 5.297438843419847387e+01 3.991023061351497603e+01
9.025863513223933410e+01 -5.532878929586376415e+01 -1.009566190410507680e+01 -6.795246860613714546e+01 9.801155948795835116e+01 7.073015754522994136e+00
5.565194977567422541e+01 -1.306366786051322215e+01 -1.708470562840810203e+01 -4.357454444358831580e+01 9.018619823941224922e+01 -7.020266881061477449e+00
-5.741983251454970372e+01 -4.467807652775911009e+01 -3.290392448292892880e+01 6.874023253999762062e+01 9.956213686867869228e+01 -2.414294628761618355e+01
4.135350533056191935e+00 5.295574142031941278e+01 -3.157331568183735016e+01 -5.149184116674903322e+01 1.449692644966004806e+01 9.144893743491742111e-01
7.339480399808226707e+01 1.359189875507717638e+01 -5.782153870684635422e+01 -5.413972633855029670e+01 1.028414009098590327e+02 2.177295478068683732e+00
-9.242966172005064607e+01 4.449198545757732859e+01 -9.293231131609910989e+00 -1.141925228700864778e+02 -5.886873733764320349e+01 -2.679019746669533575e+01
1.770744065945363843e+01 3.816952873410566838e+01 1.524942210599469661e+01 3.272468885609796985e+01 -3.430663178978199568e+01 -6.348516263405334570e+01
1.188368378063983855e+01 -7.859116020432193039e+00 1.122019322633761540e+01 -1.846781449189245450e+01 2.542296398221284193e+01 -1.740725278327186487e+01
5.807521181983345571e+01 -2.209356149711950223e+01 1.852598649158287003e+01 1.225631585839730207e+02 -5.901909871298691712e+01 -1.449225984015492372e+02
4.389863208522867666e+01 -1.402642078087623112e+01 1.890772752206772012e+01 -4.895367825968112641e+01 6.385030858291588629e+01 3.929217668661612262e+00
1.028794195433242322e+02 -5.251852041264175597e+01 -2.138941449272028450e+01 -8.099878774484137978e+01 1.088201572746955605e+02 -4.587557842581782452e+00
5.924247236652818316e+01 1.793225768937493214e+01 2.169549446179838803e+00 1.098292576955235802e+02 -5.638921189519409438e+01 -1.243012429090812532e+02
-8.073884090887210618e+01 5.151881904829654246e+00 1.988322869749044486e+01 6.553948076862319283e+01 8.037971560095780887e+01 -1.541823444872064215e+02
6.488686076604615494e+01 -6.257170314311670722e+01 1.250873152043641490e+01 -4.643299395736197965e+01 8.973215733538994243e+01 -1.037491351017735264e+00
3.825455527216014229e+00 4.735468005179936313e+01 -3.999429633778011350e+01 -1.419364654735205100e+01 2.004179592716189617e+01 -2.732156014471416228e+01
3.226055252848101418e+01 1.194480935446188852e+01 -1.386508271104882795e+01 -4.383614150365283280e+01 4.156477092886697022e+01 1.456399368931023197e+01
-1.084700421309232752e+02 -4.528929206977933575e+01 3.192529323920219042e+01 4.902829534208781581e+01 9.527969263985859527e+01 -1.669631608952465456e+02
3.297528144402579642e+01 2.759543770628026582e+00 9.621513270796009820e+00 -5.115390225038115801e+01 5.037922238055904955e+01 5.037611731685527339e+00
2.741239826250762235e+01 -4.991462024963409050e+01 2.720715237240197482e+01 -2.442241950825827246e+01 5.905397966544768451e+01 -1.768739249701795657e+01
6.603656369272529503e+01 3.605610987262973310e+01 -6.511855803510832175e+01 -5.120449738424760255e+01 1.067115735083013419e+02 -7.350030700569488928e+00
8.359203168914935134e+01 -5.561756974268516274e+01 6.229352665777254572e+01 1.045030876027199156e+02 -7.168881684575525526e+01 -1.124980475178938093e+02
4.903986333045472179e+01 3.461059306158092430e-01 -2.533200492255119940e+01 -4.123053692474338305e+01 7.456358417218231693e+01 2.806051211201133100e+00
1.537046674784227562e+01 -2.199220390208372322e+01 5.003444866765019583e+01 -6.460911175406884865e+01 4.358073447158748337e+01 -9.510443816688644247e+00
-9.467951247116583602e+01 4.386113296445978449e+01 -4.889424704384990150e+01 5.664140173207415785e+01 1.029906829293291821e+02 -1.457933397247103926e+02
2.501642577885991869e+01 2.599349358465225279e+01 -2.258422782486176672e+01 -4.441983391412224336e+01 5.805690272510704375e+01 -1.585069767046583245e+01
2.629184488179184820e-01 5.011253564143076744e+01 -4.620369597528301853e+01 -2.524300608329182793e+01 3.667036227258405745e+01 -4.064484479333854239e+01
1.299787523015909017e+02 -7.633532354628633243e+01 -8.327384859218591728e+00 6.787462241541014407e+01 -1.073175547851172382e+02 1.669138402228930715e+02
6.552981449413564974e+01 3.403041865332554750e+01 -3.176587051556353103e+01 1.130278464365719202e+02 -6.488377156114127331e+01 -1.277818380400692604e+02
3.599174694207182768e+01 -2.129441249787738499e+01 4.940748814777699671e+00 -3.736925329251676686e+01 4.253230773336956361e+01 1.732412438656571396e+01
-1.828136590157408037e+00 2.947878048305640775e+01 9.676847410652777981e-01 -3.120340257263177719e+01 -1.665678850361993568e+01 -1.034357798087462837e-01
-6.471561923256197701e+01 -7.745954860260333419e+00 5.662205939404317689e+01 -8.477016907429819526e+01 -8.601670719783659536e+01 3.271977373469418637e+01
-1.707444089183475100e+01 -6.321133111296931872e+01 1.833216416870397225e+01 2.409819062689728142e+01 7.513277597926149554e+01 -5.211009033381023414e+01
1.037598573975500571e+01 3.302789552378264659e+01 -3.610915417042423314e+01 -2.084539105743337117e+01 3.757978359630087795e+01 -2.367421274547833576e+01
-2.343126520807691904e+01 1.382748477439126589e+01 -2.040714543887807864e+01 1.266764478992589993e+01 4.718777895739635397e+01 -8.564781472308729349e+01
3.253392913266377207e+01 -6.305507176864702501e+01 -2.070537758701061293e+01 -1.750144361075788879e+01 1.099671584948118124e+02 -2.869021068647469619e+01
9.811844239916534605e+01 -1.170368631651640001e+01 2.808123809041545371e+01 1.066897632018513633e+02 -8.479571806364195652e+01 -9.888617488287910362e+01
-3.068823806075016147e+00 6.424812076095983038e+00 4.801088915364612575e+01 -1.754435519836972901e+01 -4.035402539433411562e+01 -1.832453165544628959e+01
1.292270717281710191e+01 1.095806337420095744e+01 -1.605606970592715044e+01 -1.376935710894962206e+01 2.888919421741558580e+01 -1.435223952329028840e+01
1.027908839705824562e+02 -7.461393126241758011e+01 -1.205654110155911773e+01 -8.186385952859913573e+01 9.882742692865295453e+01 -7.234006882380213277e+00
-6.446121704037284417e+01 5.619466660939811220e+01 -3.577322817803826638e+01 6.743982748097923263e+01 6.425319304349061156e+01 -1.524965921916603122e+02
1.046283118198094542e+02 -6.867778888470041032e+00 1.848675496684092678e+01 1.149423085190670690e+02 -9.353933971844706718e+01 -1.080672613071854187e+02
9.019725966237031400e+01 6.569604406386525319e+00 -2.902713424998224667e+01 -6.026670239050446298e+01 1.006017485767572452e+02 3.036887959561233785e+01
-1.157706769668696722e+02 2.964651133035064134e+01 -4.824634719312324194e+01 -1.300476205056672541e+02 -1.050596527719252009e+02 4.340425450918833583e+00
1.978998488007135848e+01 5.778952206057761742e+01 -2.238053793562646021e+01 5.864901208414904232e+01 -2.411345151213965821e+01 -8.819041865103403666e+01
-6.350847637258601353e+00 3.015936289305398432e+01 -9.445050922555035200e+00 4.538309607757396336e+00 1.043199067653099199e+01 -5.945472191046842880e+01
-5.220113133989094223e+01 5.570049360230489555e+01 -1.493270735604659727e+01 -9.065340626610873187e+01 -4.574662175028727518e+01 1.922018595808061336e+00
5.533138676275950019e+01 4.343980456539466672e+01 -5.756390463764894605e+01 -4.871107787863122240e+01 8.587688220525835447e+01 2.828963753624742949e+00
5.035331564334018140e+01 -6.230060072591849973e+01 -8.886647417823519968e-01 1.438944621789141820e+02 -1.017391222592575275e+02 1.552294173118235960e+02
-2.882957130828524228e+00 4.018036697621637643e+01 -4.659229118492572042e+01 4.480212707071077460e+01 1.980230359572147947e+01 -5.615314647986989627e+01
7.618494924561103687e+01 -1.705027156118893572e+01 -5.438611824560606323e+01 -5.769330828435595038e+01 1.095921098375011553e+02 -1.226179567238531831e+01
-3.536074787426990440e+01 2.450033701373368444e+01 2.586169853085205972e+01 -6.424442695024355032e+01 -3.875341719190167566e+01 -7.972574671579278238e+00
-2.665583735840055812e-01 5.529881636893710350e+01 -1.575390880791610648e+01 7.107837722819584769e+01 -1.725712580903770288e+01 -1.349694483017927098e+02
2.357997961561603129e-01 -9.692314626584344950e+00 2.735567855645831159e+01 -1.387806375375173040e+01 1.530528776282115722e+01 -3.799205693399243700e+01
-5.094472268447889363e+00 -5.471378263164016431e+00 -1.138174747429996581e+00 1.931420998820443558e+01 3.421299074992582945e+01 -5.438199044621736533e+01
-2.675438375948322189e+01 3.476300882516174973e+00 -5.416751921354992305e+01 2.879258844484074231e+01 8.771859319809563260e+01 -5.698932639082281781e+01
5.487673400919949529e+01 3.259263819206636725e+01 -1.546777618928816267e+01 -7.776753917400323246e+01 5.051530191252172841e+01 6.587743689960012716e+01
5.572785586972420191e+01 1.966784736437262282e+01 3.522993947740214082e+01 5.340922397444280278e+01 -6.410766049066893402e+01 -4.015291824022192912e+01
2.278149091572754514e+01 3.717399134302582553e+01 -7.380229208142714015e+01 -1.694521016010871151e+01 5.720970409041733262e+01 -5.729255952217564563e+00
-5.881174706217579029e+01 5.789858592969051188e+01 -4.826494231717339289e+01 5.850129320188080584e+01 5.986013560101734754e+01 -1.416201873745878288e+02
-9.198504774011281526e+00 6.036948562554726294e+01 -3.047331090081281602e+01 -6.879436230173287470e+01 9.591315382111057275e+00 -3.397456558918640734e+00
8.303999763435260917e+00 -2.265925132224754890e+01 2.372370442689605952e+01 -9.432655477231699948e+00 2.757231450251504867e+01 -2.931265818791049327e+01
3.831622364390798197e+01 4.864745824214210757e+01 -4.867074584772576706e+00 1.034574837568992365e+02 -5.127636740936380022e+01 -1.411192902268520584e+02
-1.249484411473927459e+01 9.789249892977528233e+00 -1.046042012884323746e+01 1.140399620833433048e+01 3.647938977193523158e+01 -6.909007679691660542e+01
-9.996189194583230631e+01 -1.738465404160389127e+01 3.610714168266941471e+01 6.321480737208291600e+01 1.064862173957007627e+02 -1.440456342797148750e+02
-5.505389709391522723e-01 2.382050385535758608e+01 -2.749720886876814063e+01 4.687127870611751490e+01 1.655759369311734375e+01 -5.742632338362138711e+01
-7.138980721666931117e+01 -3.370035850774864894e+00 1.612692982311712342e+01 4.974735716784221040e+01 5.320848466422198442e+01 -1.628251495957387931e+02
-1.905256506088405244e+00 1.625728724118664870e+00 8.227217021361282079e+00 -2.920502361463268670e+01 3.530161912894422471e+01 -4.551578058259394766e+01
5.614294369918078331e+01 2.785059869632826945e+01 -3.174795351740767302e+01 1.166188286470744089e+02 -5.643458527193509155e+01 -1.338796130925852310e+02
-9.063888846155050771e+01 -1.959176186137084841e+01 4.077416067645461339e+01 -1.167765748906207364e+02 -9.128202170303745788e+01 2.905665904240730057e+01
7.443315610961742834e+01 4.036639068416761944e+01 -6.025539801431472853e+01 1.247326854087266526e+02 -9.389256360462859163e+01 -1.599184149037211000e+02
1.751451288619394120e+01 6.545843914479631565e+01 -4.946397085547644679e+01 -8.239480347585362097e+01 1.583759942069412219e+01 5.534014573569093187e+01
8.174954397172983889e+00 2.906404331253903450e+01 1.670918626609027768e+01 -1.486806217118828499e+02 2.137211889073667592e+01 1.061643827125629684e+02
-3.921226953719135366e+01 1.673009261280982329e+01 1.364782846612497025e+01 -1.080051925345295984e+02 -2.558402534921286531e+01 2.228403185630887151e+01
-4.309430941381987168e+01 1.882189064652235899e+01 2.060871267115764738e+01 -8.923806248026917842e+01 -3.043506543149663912e+01 1.880254722913346166e+00
-1.425397716862327080e+01 1.183287579292529657e+01 -4.529270260312561902e+01 1.224083841821247098e+01 7.084685505772530689e+01 -6.117417654110030156e+01
-2.190693345528997682e+01 4.295707927465798548e+01 -1.641737949930668572e+00 -5.584463248350004250e+01 -3.363520675888008071e+01 5.155995252729319134e+00
-2.434706950440790507e+01 4.339873123275997813e+01 4.073365785287835550e+00 -5.087057928131901008e+01 -5.016771637723093846e+01 9.807276606766192728e+00
1.014733197837393419e+01 -9.983434710703294357e+00 1.519747831402238791e+00 -5.226384215375476927e+00 3.268725797043951786e+01 -2.456267969651328897e+01
1.007627588573576816e+01 5.756974471545350980e+01 -3.540101048929124516e+01 -6.383398431835124853e+01 1.945970789986255411e+01 1.640157590743368843e+01
1.064998250942111468e+02 1.074503280678143602e+00 -1.584924771595177806e-01 -5.670366875042859789e+01 1.043069227124001941e+02 5.489207029857625031e+01
-8.438271046880243986e+00 2.651176813864403314e+01 6.100887759585602588e+00 -5.146067270921236769e+01 -9.476040667654848093e+00 1.247823664014480416e+00
4.799354380971878165e+00 1.835961707659835440e+01 3.183014346218033808e+01 7.035836179465668749e+01 -2.805837335785986397e+01 -1.374890028491483349e+02
-6.534518249994310679e+01 8.457089833256365097e+00 1.612530741408016555e+00 -1.238318786972278360e+02 -6.450147616798891193e+01 3.761329701336881470e+01
-1.957342515546043771e+01 2.772446986029796179e+01 2.471394789429769290e+01 -2.854476472130206588e+01 -2.466849259422869167e+01 -4.067005880977400523e+01
4.935817872737931822e+01 3.661927440580119253e+01 -1.521064631389509536e+01 -5.588788881855082025e+01 7.069742955799570439e+01 1.442894641986728388e+01
1.113724428914177196e+02 -3.905308269006251010e+01 4.673091947631599652e+01 -7.944401661716860019e+01 9.661864851579461799e+01 8.434922707181017643e+01
-8.663793711889073990e+00 6.469605145174172378e+01 -3.536050482362892211e+01 -7.059562749216944155e+01 1.535617816039433592e+01 -7.273201557641153059e+00
-5.114888606917717340e+01 9.651184283825193333e+00 -4.238317724998688973e+00 5.170788995129770171e+01 5.583440960680940890e+01 -1.261718827891010903e+02
-5.102500909958890496e+00 4.060763738281156776e+01 -7.122038723195921683e+00 -3.351170968994115640e+01 -2.073326061897423855e+01 -8.580811703786942468e-01
-2.341054626685817652e+01 -2.225615424386300134e+01 -2.360898115415378129e+01 1.515568846455816576e+00 9.034233206626281287e+01 -8.630008200943406393e+01
9.853018686418711525e+01 -1.165508841556336961e+01 1.451934163909215947e+01 -5.477964267361324602e+01 9.894331576420395891e+01 4.785273616626827931e+01
-9.218111605986775814e+00 1.126144704113066375e+01 3.261293926435032020e+00 -1.450925553699295847e+02 -1.696443950121559752e+01 9.778970868228100244e+01
3.060663818072471543e+01 1.596264144144278418e+01 -6.829298029082654864e+01 -2.047307002368079054e+01 8.066484788739680312e+01 -1.307094291875487002e+01
-8.597590277246997914e+01 4.912964060270143563e+01 -1.457233042945841817e+01 6.692533525032008868e+01 5.724102829156078087e+01 1.603126682163970429e+02
-6.461100718206457039e+00 3.739313215835780824e+01 -4.725353617716548627e+01 -1.298845951699541672e+02 -2.445039739663547707e+01 1.221452018932900216e+02
4.559446206287648096e+01 -1.435925057983903486e+01 5.119985552748378410e+01 -1.132258061784217915e+02 3.986047166146828857e+01 1.052372697920184805e+02
-1.517357043018925111e+01 6.540502473995150012e+01 -2.953219064701779217e+01 -4.869975703407126844e+01 -2.801741320126908974e+01 5.178440595045306516e+00
5.398705386428523667e+01 -5.754372136460215614e+01 5.979853287803299722e+00 1.343468921624413781e+02 -1.084057682729784347e+02 1.451828063901603230e+02
5.695342859627975685e+01 -6.950685422324327511e+00 2.491910937375206814e+01 1.181185904894706482e+02 -5.864208535942253064e+01 -1.415288067899502380e+02
5.633785759419299666e+01 -5.121484131535731876e+01 4.043149557259841487e+01 -4.792626092411382643e+01 8.342385911219092520e+01 -4.145595256112103222e+00
-2.197305088184479160e+01 2.045604758718106808e+01 -6.841545006139007512e+01 3.113909405839311262e+01 7.808889524740941113e+01 -4.698060753097259123e+01
-3.657705894018118897e+01 -3.324330962592725314e+01 -7.263870177756818869e+00 -1.431653398679221425e+02 -8.187606902195227576e+01 1.105573784693725656e+02
-5.756779212039371174e+01 2.221471153180750946e+01 1.005969408386786590e+01 7.512563526313051909e+01 5.023780671754025207e+01 -1.633537994725917315e+02
1.275617342122058773e+01 -2.620047465365816564e+01 1.421290536536461424e+01 -8.839105978682429310e+00 3.845773278445712862e+01 -2.382144769064378664e+01
-5.903183602778092620e+00 3.856161764197273101e+01 -4.603244416163510522e+01 -1.286366072877507918e+02 -2.274467757715335026e+01 1.188795769091027665e+02
-1.729844502775641857e+01 3.282023551930627292e+01 -1.896402460860068828e+01 -1.408209240669835935e+02 -2.193599938153376172e+01 8.424386737771357048e+01
5.828451817124902234e+00 6.329280438766951455e+00 -2.396220629601918617e+00 -3.047307743839900596e+01 4.333681628149107468e+01 -3.792428455461112691e+01
-3.879194115953342248e+01 -1.192230949121754868e+01 4.386524935060366914e+01 -9.051022761978734366e+01 -4.148059587709037288e+01 2.946274736872389965e+01
-2.201562919175849586e+01 1.857455632256854727e+01 -1.199761170466337923e+01 -1.018244016047656686e+01 3.351470854847036662e+01 -8.332920176082976127e+01
-1.526747821927860738e+00 -1.299250925768263265e+01 5.477972096643636490e+01 -1.714322623760574160e+01 -1.982948129326729614e+01 -2.472735641782273319e+01
6.447994332979422438e+01 -3.748822290154475212e+01 2.125103085862832586e+01 -4.876552883338401756e+01 8.889479215414191060e+01 3.075546696862384799e+00
1.113489634003386541e+01 2.138153651937371791e+01 -5.708673591458468621e+01 -2.730502999964955535e+01 8.732087682111460936e+01 -5.892416227129089634e+01
7.099467042256193849e+01 4.712712583124631038e+00 3.865665915693140775e+00 -5.382879007546516448e+01 8.014146159711516759e+01 3.083862901970952564e+01
8.966634836643832429e+00 -4.418874306509713357e+00 -4.051665865788078946e+01 -5.671684641858777631e+00 8.035109832926210061e+01 -3.901298273737891265e+01
4.419518896300401423e+01 -5.409612125110143666e+00 -2.489806365234277052e+01 -4.111954573643286892e+01 9.405813626009947370e+01 -2.612937209307405340e+01
5.413813210757617789e+00 5.979352275967642072e+01 -2.489013239203006123e+01 -1.381688505706796946e+02 1.357344894310909567e+01 9.484810812749454101e+01
8.555066616174808303e+01 1.440527908049927319e+01 -2.407773067057630456e+01 1.280397870392366997e+02 -1.031958677887925830e+02 -1.555737061551122622e+02
-3.584406793356144050e+01 3.808586495699497032e+00 1.343551391970404829e+01 4.214838172087566903e+01 2.925263114845376577e+01 -1.254536944625510984e+02
3.596760722528722454e+01 3.160483666701490169e-01 5.030341079493517498e+00 -6.995860633492956993e+01 2.850479432806317703e+01 5.611505180182201258e+01
9.272181543152407812e+01 -1.320914512696211141e+01 1.333985805282284964e+01 -6.341190233233979967e+01 8.878443776259720721e+01 5.403910501256670074e+01
-6.603362626100536659e+01 7.872875083588717793e+00 -2.062183171056760855e+01 -1.180785563606908823e+02 -8.607444909735852434e+01 7.335932543313808196e+01
5.437324551181637133e+01 -1.123395113406535550e+01 -2.040935327162494062e+01 1.341979787648236879e+02 -1.017408716525160202e+02 1.578011915820087268e+02
5.176577702362290978e+01 -2.029073863262688704e+01 -1.738833152181691943e+01 -4.456984245071740247e+01 5.900971727094185582e+01 2.676784975170271608e+01
-3.390941198973445836e+01 7.199996570764636949e+00 2.580743706983909647e+01 -9.353511906305648438e+01 -2.862550850550213610e+01 2.248154850754542977e+01
-3.148852352632230733e+01 7.410306562114458018e+01 -6.024617963472865512e+01 -1.194222079828900291e+02 -3.208939521409803319e+01 5.465046096479202475e+01
-3.296625579183353949e+01 3.494854041627911556e+01 -1.880707772358034546e+01 -1.152868398939577332e+02 -3.589662981459097324e+01 5.510642881376771385e+01
-5.798228276206935305e+01 -9.027503244462755205e+00 4.420874340667622704e+01 -8.393471006223131781e+01 -7.754131158801146739e+01 4.491575565665291236e+01
-5.670930154253493072e+01 -1.636019091244762080e+01 1.338714436731092583e+00 -1.264643604241659602e+02 -7.683038941030987701e+01 7.694222466840368213e+01
-3.632626797947528985e+01 4.475189389132956563e+01 -2.443586534278149003e+01 -1.090289754986902153e+02 -3.680058353202217347e+01 4.400056924677068793e+01
-1.285335337064940688e+02 -3.921787021806188989e+00 1.767640681207103270e+01 -1.351980669823518042e+02 -1.003418673035664739e+02 -1.688299860965059196e+01
-5.344066589990168836e+01 -1.883858966892065112e+01 1.064715790986941713e+01 4.294435547242085249e+01 6.556963692757341278e+01 -1.159222795707171514e+02
-2.158913458458505374e+01 4.395168948483552640e+01 -4.682217856881150198e+01 -1.419455321320695305e+02 -3.898988257853533668e+01 9.539074636020602327e+01
7.037905701081270671e+00 1.755969425271626250e+01 -2.450932706810986517e+01 1.182172231812744734e+01 1.784553273429002118e+01 -2.455005136362060725e+01
-2.378971272202600318e+01 2.753134522924208483e+01 6.580791727755643805e+00 1.011257259171386522e+02 2.202224402033358786e+01 -1.627550956008800256e+02
5.939621699045662950e+01 2.715640636469540325e+01 -3.430741402318088973e+01 1.280255076312934932e+02 -7.581643657750846899e+01 -1.601324379080514575e+02
4.036202075025287428e+01 2.497532623155622744e+01 3.908130391929811154e+00 -8.427719896865208682e+01 3.824886824884200820e+01 6.295375732410068537e+01
3.326175444470577247e+01 2.822884806662059276e+01 -1.310564698237351422e+01 1.231835415493709860e+02 -4.508352926015497530e+01 -1.619419594180073148e+02
-3.837355218684776048e+01 -1.211607422322975136e+00 -1.919292829091084618e-01 6.698833792440939305e+01 5.495011927318498834e+01 -9.758321858396550397e+01
-1.127971429433396189e+01 5.584925186164680611e+01 -1.291383593895469239e+01 -2.958340334569109586e+01 -2.379849638504747134e+01 -2.100535176501672652e+01
1.111405149548332183e+01 3.734946510423450405e+01 -3.342563865224541075e+01 1.444593603375264195e+02 -4.367268914158076853e+01 1.544112159963538033e+02
-5.187752860262686028e+01 7.226457767728167880e+01 -3.379826946812940491e+01 1.004797711711439092e+02 7.513096978712381713e+01 -1.457074902649460455e+02
1.605950904234176946e+01 8.552397937805779060e-01 -2.800921984155738187e+01 -9.903171319845730736e+00 5.329671145428697798e+01 -1.910592923063900272e+01
1.000960512889040217e+02 -1.962355933761295290e+01 1.887685530586063720e+01 -5.671983437202816702e+01 1.002320625808657724e+02 4.761663506832118742e+01
-8.315559254908450271e+01 -3.602629538440363177e+01 2.207289117310211068e+01 -1.331775987256216922e+02 -8.572036243926274324e+01 3.991588777473784688e+01
3.468104734759798191e+01 1.221942912213161314e+00 -3.411675610871701991e+01 1.490892519102226572e+02 -8.019818105084243598e+01 1.596605796306142508e+02
-3.370541372339311437e+01 -1.788922784994133863e+01 3.962423843383114530e+01 -9.301084094461555196e+01 -4.284353793821113499e+01 4.973961894883512258e+01
-3.582470829391185418e+01 2.763425591197065145e+01 2.544026339715091289e+00 6.864662621567495648e+01 1.942274167265599516e+01 -1.565186664893119541e+02
-3.957955045197738997e+01 4.772122712215636398e+01 -2.949762382953582929e+01 -1.407173966715096185e+02 -2.469851849511791997e+01 4.366096090620099801e+01
3.371511387769916723e+01 7.259058518644127389e+01 -4.823270176363570982e+01 1.077331864793027592e+02 -4.317798864733089914e+01 -1.437359208836454059e+02
-8.976045148779991223e+01 4.289103013556989907e+01 -3.141877382783913575e+01 -1.268371688922989478e+02 -7.047544093456582459e+01 5.490653882171846467e-01
-1.987353034108091165e+01 -1.340565425476748906e+01 3.998230414702205193e-01 -1.447504488584453952e+02 -4.778801376604356932e+01 1.087221249106705443e+02
2.182698642749003426e+01 -2.031248160994432794e+01 5.032849941813453398e+01 -8.628397535910205818e+01 2.071293752100049446e+01 4.907554312468280244e+01
-9.443665473312630354e+01 5.091042982410174034e+01 -5.437300813494018570e+01 5.047522152774072879e+01 8.746460574203737792e+01 -1.664356411352395071e+02
6.443404075503362805e+00 6.492698019818476496e+00 -5.336405626913453659e+01 5.674557433051661270e+00 6.683653600738342959e+01 -2.253688936295207768e+01
-1.440531248033190259e+01 -7.751237491620869946e+00 1.652077319545705336e+01 8.538357110456071553e+01 2.765887437176994013e+01 -1.042404565352918837e+02
7.244015578837947089e+01 4.422958151523130432e+00 -3.527698606274572768e+01 -5.153868198347556984e+01 1.082425964399862295e+02 -3.545585681314840976e+00
4.657488466142595485e+01 -9.363831916465715111e+00 2.441708047078071431e+01 1.250239396578328410e+02 -5.951762611981313000e+01 -1.637908998963515614e+02
-6.101922647799470667e+01 3.727432253996256151e+01 -3.041407406187664364e+01 7.020021275125344573e+01 7.497760173645492898e+01 -1.226038270678068329e+02
-2.764013483807081428e+01 6.428749794849098009e+01 -3.229128274224798645e+01 9.041373261279683504e+01 1.463376187550895580e+01 -1.686435703751303379e+02
6.851539180102111004e+01 1.266911137503271156e+01 1.194202390084206122e+01 1.084578699802375752e+02 -6.233437412321737270e+01 -1.157212577225481454e+02
-4.667618494559167175e+01 7.778185210439457364e+01 -5.441846433175054187e+01 -9.884198881002849646e+01 -5.115034415368229759e+01 3.315897031632629677e+01
-6.187499546651715576e+01 8.645075169531335746e+01 -6.596531613638558156e+01 -1.042910249621282617e+02 -6.935568580774591396e+01 3.345112460560514478e+01
6.755684635633041069e+01 -4.646015532594605091e+00 -1.917443157545304544e+01 -5.079342326451835987e+01 8.644979164299606111e+01 1.433463198632873592e+01
8.147532266235556619e+01 2.627700223446903038e+01 -3.425831782886542776e+00 1.073297131118885801e+02 -7.276609666215883010e+01 -1.050169876124758446e+02
6.908122130904339997e+01 -7.668300391661344406e+01 1.872156645112092477e+01 1.291259360024074283e+02 -1.028629506954872568e+02 1.654828632357570939e+02
3.300390740272634105e+01 -3.413874021501551059e+00 -1.204732565211947204e+01 -3.381473902670906995e+01 4.813630983039951161e+01 6.501609815222432864e+00
1.522199042259258022e+02 -7.195022542185076020e+01 -3.984527803474117746e+01 1.349266711461902624e+01 -1.075735145015227232e+02 1.035976035624513827e+02
-9.028051856951949006e+00 -4.680412550662293825e+01 4.614125910305546796e+01 -1.281205037840686600e+02 -2.655992083135645743e+01 1.034169143272642657e+02
1.060436983777690756e+01 6.200630494498654599e+01 -1.754782661065963012e+01 5.432330178928228115e+00 -3.914023180126542201e+01 -2.405688463665003596e+01
-8.335576677086137920e+01 -2.347683539542221709e+01 2.755376356322263831e+01 -1.178412396989366755e+02 -9.029172560809624315e+01 4.558725018248384231e+01
-5.340283541319696781e+01 2.362119355793906905e+01 -1.028390024853617213e+01 6.266404520585164306e+01 5.669531288339834418e+01 -1.345677501186062841e+02
-3.392527326452729142e+01 -6.199546350887918322e+01 1.651169839778678750e+01 3.998835258624966826e+01 8.044582831731466399e+01 -5.933017366357213973e+01
7.982423288427152386e+01 -7.567299497168480116e+01 -8.381593797115830524e-01 -5.882136380766284134e+01 1.016220976048879123e+02 -9.647969933963228328e+00
4.386126967440910818e+01 3.136784487419303602e+01 1.404897238381777491e+01 -1.225002014596216924e+02 4.672320948219070402e+01 1.184336916237376300e+02
9.172313413623015776e+01 2.671417513897720397e+01 -1.072559458678828648e+01 -6.638199489328810898e+01 8.389499156121804901e+01 6.949517897340402328e+01
1.062257982471763142e+02 -7.847396302362106724e+01 2.493472016295500993e+01 1.000301607867410922e+02 -1.060789088503528319e+02 -1.656004476694387506e+02
-6.914146566913004222e+01 4.743040750794656368e+00 2.024989717316386972e+01 -9.957963793400135444e+01 -8.276269837611847890e+01 4.667447078756973866e+01
-7.151335476548124070e+00 1.121872871687654261e+01 -5.188082512720909811e+00 1.023477619823151841e+01 2.643984734827082406e+01 -6.145898487704992164e+01
-5.676423671291923512e+01 4.933895466626444737e+00 -1.278386730920903380e+00 -1.343328509322342939e+02 -5.688028157993744571e+01 4.619705460385932128e+01
1.005041144789209362e+01 -1.619396868989141325e+01 4.905718087393855953e+00 -1.328824394959846877e+01 4.677882682334146836e+01 -3.345408803655958252e+01
4.810614033888350605e+01 4.440216307681890839e+01 -1.526778852274508491e+00 -9.968553836961511649e+01 4.683998730677962641e+01 8.886028306612269034e+01
-1.051523108413507828e+02 2.346726668731705345e+01 -1.347741783427242801e+01 -1.262016934756789794e+02 -1.053759219570459322e+02 2.033103900908704631e+01
-1.247219516555515817e+01 5.834314706558022579e+01 -3.545385687193067525e+01 4.483271918275129053e+01 8.432705974704582275e+00 -1.036641034518483764e+02
6.272718070470940432e+00 2.422879044532423976e+01 -3.143667810393611717e+01 -1.786413070868315600e+01 4.650910027791619683e+01 -3.749639494675885487e+01
-4.603434273245225228e+01 1.898910815755195713e+01 -3.133054392163797530e+01 -1.260945539819006882e+02 -6.757610636078139521e+01 8.328222471478875377e+01
-3.512305380687023870e+01 -4.421899861274551569e+01 -1.009631140160775864e+01 3.657904790612602142e+01 9.156945388809623410e+01 -5.828901343811385516e+01
1.306572053630824115e+01 -3.212714638329075001e+01 7.537900431632312603e+00 -1.033425505552214041e+01 5.785110264117653145e+01 -3.229436376248485630e+01
5.558111740656941890e+01 -2.302959482477416131e+01 1.542126224317645367e+01 -5.016625227733550929e+01 6.637336332101186542e+01 1.863036672404513894e+01
2.747406285036380780e+01 5.720996007056313459e+01 -5.382044197036199762e+01 -4.727874240943489781e+01 5.234966378384935837e+01 -2.043317033698244245e+00
-2.424340999561113108e+01 -1.437801316689489717e+01 4.147083788064404253e+00 -1.369166043118004552e+02 -4.791393505805438480e+01 1.016723278808440085e+02
-7.972344561102083560e+01 2.857324937531672759e+01 -4.603768886443563702e+01 4.642790123451149498e+01 8.901868673403417631e+01 -1.386097118934186767e+02
-3.849001570505303960e+01 1.816279212484001349e+01 -1.880029831098516269e+01 5.313705130023478063e+01 5.258058885856759446e+01 -1.045728988736292848e+02
-4.118028816310896900e+01 4.778979380119039888e+01 -2.858945324970730795e+01 8.506258904792233011e+01 5.265728591806623626e+01 -1.299045866543421255e+02
-4.327726486758909630e+01 2.064956839416324996e+01 3.036564197292164202e+00 -8.496127212612186952e+01 -5.995956657789396615e+01 5.211766191490294631e+01
1.221613626613311432e+01 -4.564877551734411121e+00 2.695975638378814310e+01 -5.333304204838553630e+01 2.125443767130247963e+01 4.282326062723813997e+00
-4.362324086234892917e+01 3.752742544506067190e+01 -2.084988126441856693e+01 -1.167473865429944766e+02 -4.382319510749400138e+01 4.487676873596979732e+01
-3.853530534897364390e+01 -1.450507529427751585e+01 2.685592756694560990e+01 6.247466144249378317e+01 4.412781727478174787e+01 -1.204442705503271611e+02
1.281647662980334985e+02 -6.268964727558961414e+01 -5.991940661641964994e+01 -1.451718959797365756e+02 1.032409563293076644e+02 -9.224540623649004090e+01
5.880006889405914450e+01 2.163685514602715543e+01 2.519494706620189106e+01 6.354627100114150551e+01 -5.930327827488609671e+01 -5.386171404583824796e+01
-3.570956933712368198e+01 -3.230422093448526510e+01 3.118708959140348114e+01 5.639809327454276655e+01 5.036477940713131574e+01 -9.982086838647342120e+01
4.912206483248970557e+01 1.025704815375439694e+01 -6.599826828333955575e+01 -3.763256464660281608e+01 9.888018122807400800e+01 -1.693311718458747350e+01
-5.572606770618222782e+01 5.023127711654063354e+00 -2.522458463476487367e+01 4.323341757833975407e+01 7.835940964251821583e+01 -1.070997677928356779e+02
4.050356419069125735e+01 1.641668876981536229e+01 -2.946722236725538480e+01 -4.116308831634674448e+01 6.680487565074483314e+01 -7.841917669244167222e-01
-7.149696188262255703e+01 7.606279589304265620e+00 -1.545679860430255914e+01 6.691606642195583277e+01 9.018770614939361963e+01 -1.100198196114590417e+02
8.917075624466114903e+01 -2.285421153564962005e+00 -3.389292869189841184e+01 1.035195797676209821e+02 -8.249341694277357817e+01 -1.312404206501419708e+02
