2.646429887226633582e+03 7.411164521936510141e+01 -2.875649768720793418e+02
3.067721670326388903e+03 1.690325677651182730e+02 9.143458610219799709e+01
2.565724184401586172e+03 6.823940959674962414e+01 -3.196385856775018510e+02
2.444989896962598323e+03 2.994696886348435427e+01 -2.830964555398117568e+02
2.741251523529848328e+03 -3.261496201513950410e+01 -1.703100648821393008e+02
2.715958430532323291e+03 2.485195601903304521e+02 2.950110353710554278e+01
2.536545005173138179e+03 2.526419622014610695e+02 -1.272806486629443725e+02
2.560034778982862917e+03 4.834508172084752005e+02 -8.809105913639041319e+01
2.337828870502983591e+03 3.682907370741431237e+02 -2.506438363186968274e+02
2.386735249342862971e+03 2.166015051057452467e+02 -3.123819643100482040e+02
2.666069469106023462e+03 1.636089798922885450e+02 -1.649588898182880996e+02
2.558831699755311547e+03 3.888085825547746595e+02 -2.782969588861078023e+02
2.550958296366623017e+03 2.482140321418535791e+02 -1.141435728393623208e+02
2.839416459821845365e+03 3.103068371705634831e+02 2.812914406190552796e+01
2.467669246265470520e+03 1.197221021907656358e+01 -2.552272335963977241e+02
2.779173223287525161e+03 3.375817154684324350e+02 2.973835862986361533e+01
2.653152933354809193e+03 8.100974692306830605e+01 -2.836652503321989229e+02
2.902392098123348660e+03 -2.138652702988093779e+02 -1.571018089702198495e+02
2.715161646801330335e+03 6.910190530018599020e+02 -1.920633827762014789e+02
2.595469371333809704e+03 -5.285974214947513516e+00 -1.593990164824814997e+02
2.472534754813861127e+03 4.508237749233542786e+02 -1.120231170701060677e+02
2.478826701131736172e+03 2.702491067976521322e+02 -8.610176523173419127e+01
2.684909104390856101e+03 8.092653949737245966e+01 -2.772526250525664864e+02
2.642320060333367110e+03 2.728698461265969399e+02 -5.376246901763052222e+01
2.852634073309201995e+03 2.458650060248318141e+02 -3.782522933599026516e+01
2.556512927802610193e+03 3.538531917301999101e+02 -9.668284800771028031e+00
2.752786397795570338e+03 3.386971411159573790e+02 -1.292562712474374109e+02
2.959052027817785984e+03 -7.647094197488587497e+01 -1.570518599957392496e+02
2.392194260947655494e+03 -1.046343889443462416e+02 -4.232151717820771069e+02
2.354601704586748838e+03 2.333628686417420965e+02 -2.641270985800944686e+02
2.594153653539403876e+03 2.310838996952804223e+02 -1.591370852482724274e+02
2.541850567210795361e+03 1.078563145222695283e+02 -1.675162271397298355e+02
2.811072854617993016e+03 1.978964609034611897e+02 -2.103818472539969946e+02
2.753696224346801955e+03 3.729691132542701553e+02 3.221343236207153637e+01
2.757794745991892341e+03 1.279671657780633751e+02 -8.282942554567996751e+01
2.714788456887993107e+03 3.434268090079583544e+02 -1.541788834828217887e+02
2.441564782657448177e+03 1.678891727992763379e+02 -1.457437911634934267e+02
2.585660571351013459e+03 -1.348243380714076523e+01 -1.687378293155611004e+02
3.073684972855662181e+03 -7.549775998354451900e+00 -3.429390027847879452e+01
2.637005248212220067e+03 8.904808613174250809e+01 -2.126848496755235374e+02
2.422289997358742767e+03 2.615857380472454565e+02 -2.891626154427348752e+02
2.521250010871701306e+03 1.669645897010869078e+02 -1.668909729892405096e+02
2.430900275510364736e+03 -1.069660448034940288e+02 -3.535676397450135369e+02
2.774516547234952213e+03 -1.039332609020773930e+02 -2.047909716561433413e+01
2.330124649917155239e+03 3.798148283137488335e+01 -3.382850114595626678e+02
2.798356754277571326e+03 -1.361155307398957746e+02 -1.752393316587862273e+02
2.863654789117867040e+03 1.271246782331043619e+02 -3.702965759640390075e+01
2.760202324218855210e+03 2.362074836800905686e+01 -5.115624666232093887e+01
2.945220888446149274e+03 6.529702221158282782e+02 -1.390543174757512190e+02
2.484507041743476748e+03 4.591807797666950819e+02 -1.022860338663789292e+02
2.424375992146653061e+03 2.757589316069410756e+02 -3.915733513864102520e+02
2.760159548635490864e+03 2.222419010170122249e+02 -2.096575171101880528e+02
2.601051138015665401e+03 1.427949565942220715e+02 -1.426562170116881987e+02
2.810230796856526013e+03 4.597969535234685736e+02 -1.204139072629620557e+02
2.552069069752596988e+03 5.332559594909870384e+02 -2.305350540813300881e+02
2.718270718454722555e+03 2.415213690656365202e+02 -2.341873602168587638e+02
2.629556094768839102e+03 3.711642350645501551e+02 -1.206816208771199257e+02
2.798267301434814726e+03 2.278788283430995776e+01 -8.265993235480218004e+01
2.738604597909826225e+03 -1.840696341635433555e+02 -8.414192598850371496e+01
2.610755971345419312e+03 -1.512486619706057525e+02 -3.234156025464382651e+02
2.931502476255183865e+03 1.463072563455674668e+01 -9.944205903947026570e+01
2.504751568417513226e+03 2.307349685635696801e+02 -7.958210457893257228e+01
2.624493675038810125e+03 6.081619459452031862e+01 -1.055823341658827559e+02
2.600583175716632468e+03 -1.330417442899116907e+02 -3.775230781233336188e+02
2.345901059440773679e+03 2.279170808906573313e+02 -1.374924214280333103e+02
2.631336261889980051e+03 -2.851638016020235682e+02 -3.884718820671687354e+02
2.463679623497485409e+03 7.092833458987811923e+01 -2.820326067245406421e+02
2.640954630534841272e+03 2.210129850906565139e+02 -2.141401904298597714e+01
2.504896250514511848e+03 5.599276101100690539e+01 -3.971848663348444575e+01
2.912367380691880953e+03 -1.857921451740840979e+01 -9.393617665258415173e+01
2.902352267918426151e+03 3.050779914247542024e+01 -1.851866502504421135e+02
2.822185718317807641e+03 -6.559044949286746373e+01 -3.174415633801752179e+01
2.786257314564789340e+03 3.396471382424222725e+02 7.517083965996265249e+01
2.849031031471218284e+03 1.156492842133400671e+02 2.463667056885686435e+01
3.034665779605961234e+03 1.256414607743134439e+02 1.278918604479262910e+02
2.417346366306893742e+03 -2.318235969467773927e+01 -3.114066822821496316e+02
2.917167646029269235e+03 3.615288993895368463e+01 8.479161372431603638e+01
2.611352728421439679e+03 7.253588917481201861e+02 -3.627387389309965329e+02
2.579069834928058754e+03 -4.778590399245408804e+01 -3.939173776567933487e+02
2.658171604096050942e+03 6.228361964147660501e+01 -9.991613379845908582e+01
2.852747077924578207e+03 4.524423154061003771e+01 -7.354871745214990142e+01
2.788653651620214532e+03 7.134371334757243233e+01 -1.445598783897607404e+02
2.732491593795991776e+03 3.503828219379123539e+02 7.793058836192271599e+01
2.850670889934574916e+03 -1.286503646190129189e+02 -2.000713548590079256e+02
2.652174510700303472e+03 4.762236682633411533e+02 -2.078709530224858497e+02
2.854741287779146660e+03 3.248642650357002708e+02 -1.127038513145915388e+01
2.432465961093845635e+03 -3.461311024833911887e+01 -2.062804629735839512e+02
2.692844109425921033e+03 -6.757732293433294046e+01 -7.497892349604870788e+01
2.830665635198116888e+03 4.065219208217383766e+02 -1.258721340316236166e+02
2.708383145441147917e+03 1.281288176814950219e+01 -1.751195759900087410e+02
2.834906103647673262e+03 2.126592360874949748e+02 -7.417160949562573080e+01
2.903573810154005059e+03 -6.788951699771955361e+01 -3.250117634792583488e+01
2.893876286591076223e+03 1.432744016386952524e+02 -1.941153999744279588e+02
2.815052432507659432e+03 1.696284357221144745e+01 2.553503262330615442e+01
2.706173913781900865e+03 2.122586188805510972e+02 -2.752721753448385016e+02
2.651497294929761665e+03 6.721143764317058640e+02 -1.418320630866241743e+02
2.613295979391797573e+03 -2.506635801683175302e+01 -1.602459518216355150e+02
2.408012954241295120e+03 3.852380715212310491e+01 -2.249435647193947148e+02
2.580371274112873834e+03 3.012901156636041833e+02 -9.294768876161894511e+00
2.901179952031854100e+03 -2.051714115647743597e+02 -1.210887717665513890e+02
2.791320376455845235e+03 6.194402054156381610e+01 1.426361015767579410e+01
2.478100667072000761e+03 1.710271983334425983e+01 -2.427924458538012686e+02
2.691745534179967763e+03 3.146275243657559599e+02 -2.407680053248286356e+02
2.936287957647012263e+03 2.505590971238198961e+02 -2.878863743259083208e+01
2.517529109387638982e+03 -2.768530351074024409e+01 -1.217340710077827737e+02
2.500782441043297240e+03 2.419393644135842294e+02 -8.654011109911884603e+01
2.993110042222552693e+03 4.685749513108804081e+02 2.053085709912664925e+01
3.016335086942150156e+03 3.086192119543746415e+01 -1.400240582572688481e+02
2.622461859432944038e+03 1.007065479360620515e+02 -3.174401090402066075e+02
2.605791797422247328e+03 -6.025227190391587051e+00 -4.541555674270529153e+01
2.657085590378752840e+03 4.167035320006854135e+02 1.798672598987872462e+01
2.415237401826219866e+03 5.291933659317314778e+02 -3.097726128880300962e+02
3.053711278301644143e+03 4.645794333549436317e+01 -1.295359898370140286e+02
3.004139927170785086e+03 1.380170055000916385e+01 1.874973211602670276e+01
2.812239094585489056e+03 7.151159778034960937e+02 -5.706939838972896695e+01
2.517723921406618047e+03 -1.440783009736063036e+02 -3.757839526373410877e+02
2.446267313147018285e+03 8.372043926754918175e+01 -2.396471347333575466e+02
2.387446035664715509e+03 4.276149871563734450e+02 -4.105258405436528619e+02
2.822768421522514473e+03 -1.522963632973443850e+02 -1.137653853677550018e+02
2.889553011872483239e+03 4.054606812124153521e+02 -3.879044646186171619e+00
2.443964415027964606e+03 -9.305779416310448582e+00 -4.923458479505644192e+01
2.852644940723935633e+03 2.745057208232723838e+02 1.463323391751825682e+02
2.494836488566867956e+03 2.702272090786330523e+02 -3.545900692131965002e+02
2.410188700930108553e+03 5.356632440665384820e+01 -4.199577914469365396e+02
2.626440929279538068e+03 1.309930789434443739e+02 -1.928606063556711661e+02
2.619008611342648237e+03 1.171947813902937128e+02 -4.106873244758456565e+01
2.712168005464972339e+03 2.257264564387041901e+02 1.169266613441996157e+02
2.815034264905040345e+03 -2.066506183425912297e+02 -1.926814287375974288e+02
2.835129142768615111e+03 -1.011328943972259964e+02 -2.926581025597501480e+02
2.639951820427270377e+03 -6.792730280448786573e+01 5.703845168691705680e+01
2.379529774887274925e+03 5.016753661129354782e+02 -2.692678614899571130e+02
2.346330010102699816e+03 1.112505993587910211e+02 -3.936373440190166093e+02
2.701928570114010654e+03 1.194427641746409563e+02 -1.078513329873892417e+02
2.676248781436457648e+03 -1.019653069914646863e+02 -4.207035565875609109e+02
2.525661433518306239e+03 1.581537810706726930e+02 -1.021421055690678656e+02
2.785817273186283273e+03 4.225922994713470757e+02 -1.612729753101699259e+02
2.506239761909660501e+03 4.007190009329273828e+00 -2.191541030324156125e+01
2.623345407633561081e+03 5.001880995771919629e+02 -1.794338426397212345e+02
2.571692076746067869e+03 1.664240351364954904e+02 -1.664209991673758964e+02
2.829288948164245539e+03 -1.830055688907907836e+02 -6.724639544180031692e+01
2.753865214633313826e+03 4.115902206073585603e+02 -1.961702806401879968e+02
2.968898076407812368e+03 -1.410298387338471855e+02 -6.380581917386132318e+01
2.477201402016857628e+03 -1.724442391537095887e+02 -2.953894485802528038e+02
2.541863096453217167e+03 1.629367338696960132e+01 -3.501979972066941400e+02
2.478453451038252751e+03 3.345828915816076687e+02 -2.737771775390801281e+02
2.491814945114536386e+03 3.485143654348594850e+02 -3.163381978122796454e+02
2.603816965906956284e+03 1.811822875894990261e+02 4.488712635556326802e+01
2.402190589213362273e+03 1.552616302318683665e+02 -3.417094704490352228e+02
2.421346305846887390e+03 1.574775306606621541e+02 -3.382645595771646754e+02
2.675722136546909041e+03 7.321754029406511677e+01 -2.990469211677345740e+01
2.440762716430372166e+03 -7.027515579451035421e+01 -3.324558157563146210e+02
3.082299803316378529e+03 5.571441957523053645e+01 -9.476617216211469952e+01
2.468553666702292503e+03 9.356023211338373358e+01 -2.798119616964526699e+02
2.571297131278284269e+03 1.397267736718661979e+02 -3.728807796190515091e+02
2.569611649380032304e+03 4.541593970236679070e+02 -1.551154340558867943e+02
2.487524191182238155e+03 1.989298753888875808e+02 -3.842097186647195031e+02
2.769528429980724013e+03 -1.137206535072382252e+02 -2.782699239634229116e+02
2.969964667593255399e+03 1.273522507340636594e+02 -1.211923081177192074e+02
2.336949147865349460e+03 1.201280053181700680e+02 -4.098727396782346091e+02
2.527173947794320611e+03 3.771380325474653432e+02 -1.305935294683670520e+02
2.432204915010043351e+03 2.326828234684164087e+01 -2.877823346181635316e+02
2.800162423898337238e+03 3.101749784073052183e+02 5.194185018309877222e+01
3.013766048890080583e+03 8.013415648522422430e+01 -1.173344859442958636e+02
2.516963820399974338e+03 1.135277759512483016e+02 -1.655283218157362910e+02
2.763910487637752340e+03 5.222830946734674029e+01 1.266515954374824702e+02
2.558562947360904673e+03 6.998517700814824138e+02 -3.747620507451271124e+02
2.447959922563436521e+03 2.044077435918670815e+01 -1.794632667341977239e+01
2.803521310343444839e+03 1.587046897226853126e+01 -2.432727310673917316e+02
2.339886715268311491e+03 8.239984653968112127e+01 -3.916645109021262670e+02
2.865392474381817465e+03 3.862219373870776167e+02 -2.933838879674040712e+01
2.840701576935009143e+03 1.628158575673951836e+00 -1.934663877269003081e+02
2.847917578727320233e+03 2.312834522962142785e+02 -1.559149562822588280e+02
2.622985942612630424e+03 1.810601751274591891e+02 1.150473225196271585e+02
2.827385825660670434e+03 2.427680550750440034e+02 4.822909353976179858e+01
2.502001957104370376e+03 4.262009043604252838e+02 -2.790039345165372993e+02
2.741821707902248818e+03 1.237843837364428055e+02 -4.103074180878033417e+01
2.441142984978630466e+03 1.375731789728089183e+01 -3.609065137524903832e+01
2.408441735927630361e+03 1.487298289789059709e+02 -2.063914121625337827e+02
2.581800577199850068e+03 1.136166779456386422e+02 -1.371587871321291914e+02
2.622254944939594679e+03 2.637568153741507899e+02 -2.429288061583621356e+02
2.457007332464187584e+03 2.729580808157220986e+02 -1.624603095280789944e+02
2.669190737181232635e+03 1.349551113757935923e+02 -2.902199928821282811e+02
2.864998199618531089e+03 1.846876351237303879e+02 -8.374589447656184404e+01
2.631942361372093728e+03 1.301094420198199657e+02 1.975474377001063075e+01
2.920402325228680183e+03 -2.696029673352220257e+01 -1.524522144156875640e+02
2.752405863660827436e+03 1.620760554272969216e+02 9.116825716651106859e+01
2.806330321259718403e+03 1.213257244339965695e+02 1.983677983377706866e+01
2.423762730659777844e+03 -4.671922693568104989e+01 -3.922095317595690744e+02
3.012414144063706317e+03 -1.571050538379539852e+01 -6.947413741772091100e+01
2.524116623907938447e+03 3.163885758929281451e+02 -1.996877703275542331e+02
2.732815650587802338e+03 -6.091686630033959204e+01 -6.703604109054495552e+01
2.989244311041617493e+03 4.570165925231068371e+01 -8.290887931291227630e+01
2.609425094388635443e+03 4.006632294331344610e+02 -1.165723896040892349e+01
2.843750392565843867e+03 1.501463753476402303e+02 2.090322550478545693e+01
2.847792711042217888e+03 1.048563652381214553e+02 1.312569174139482300e+02
2.527681154782118938e+03 2.720837552751628436e+02 -2.648805931930789370e+02
2.279698784729994713e+03 2.554278916626781495e+02 -3.500447779943199293e+02
2.391630002425071780e+03 2.571735361632744912e+02 -2.162861649465136509e+02
2.651261503336328133e+03 3.063702083466571935e+02 -1.865673769284706509e+02
2.685781011606229640e+03 3.209249328685628484e+02 -2.020859915500476234e+01
2.358924076299307671e+03 2.884100683961007690e+02 -2.673468099569208789e+02
2.888963642832679852e+03 5.850476156903473566e+02 -1.820901843656226333e+02
2.671648048106923852e+03 3.441715940621701293e+02 -7.668075336648963969e+01
2.376975982796066091e+03 1.596880703498894718e+02 -1.405609778103747942e+02
2.561897674057955555e+03 -1.633348731392303321e+01 -4.072554777493798461e+00
2.440314323001402045e+03 1.980617723328211639e+02 -2.917855836919064814e+02
2.855015383923076570e+03 -1.329524912832382029e+02 -9.237047586895104700e+01
2.715311538591932276e+03 -1.296068394189224762e+02 -2.553235195912940867e+02
2.657985655702884287e+03 -1.031082737733357959e+02 -2.132570627245317780e+02
2.572460607039353818e+03 2.475365891253105701e+02 -4.171012124439861424e+01
2.383601304265309409e+03 7.909721028915028285e+01 -4.057814583215200059e+02
2.500062770821567938e+03 -5.956311210437710280e+00 -1.865026292577920231e+02
2.372448664588873726e+03 3.813924048139531919e+02 -3.847814793303461443e+02
2.695111655140547555e+03 5.613453252240058333e+01 5.622377192200217166e+01
2.993585390304067914e+03 1.067256717713065655e+02 -1.046066576209377388e+02
2.782560314110697163e+03 3.846702282096411523e+02 -9.273122908796943875e+01
2.767828160791397295e+03 7.378757375798498686e+01 4.327398388930259188e+01
2.637596958910914964e+03 2.271311038466967887e+02 -1.781823941932051127e+02
2.425461219626880393e+03 3.277655642351290908e+02 -2.939798975117384430e+02
2.339098808872415248e+03 3.858247558223952751e+02 -2.908017424819770440e+02
2.601024306665480253e+03 -2.116521801412003470e+02 -4.078594319358517168e+02
2.588931802807917848e+03 7.225580105515570040e+02 -2.393221260743115124e+02
2.649356205509299798e+03 1.881566680621732246e+02 -1.576135727114251139e+01
2.727890522306026924e+03 9.994899381476275835e+01 -2.612809326453145218e+02
2.623611226897428423e+03 7.414839928187572013e+02 -1.892181533946971683e+02
2.714365420346806786e+03 1.030098596362520311e+02 1.407803823919046522e+02
2.599369584593219315e+03 1.289417577866405225e+02 -7.323316548706038986e+01
2.914775414375606033e+03 6.561037193345985941e+01 2.595660707654278454e+01
2.792661258132416606e+03 4.486386806494846979e+01 -1.921300594923300196e+02
2.460581560555852775e+03 4.440507460771438559e+02 -1.494060491310732175e+02
2.306326481280494590e+03 2.499924106973591051e+02 -4.135660848602653914e+02
2.909481078311563124e+03 -9.776357208763238305e+01 -2.155136332623333999e+02
2.309793352350978694e+03 3.774840032732179793e+02 -3.978226182808329554e+02
2.368294028217542291e+03 5.103780290316586274e+02 -4.177007193676594738e+02
2.891427891951892889e+03 3.752226923463214803e+01 1.891578894742136896e+01
3.012010704878937759e+03 -1.426760683077766032e+02 -2.133917197439589870e+02
2.834741398650318843e+03 3.995893307495146018e+02 -7.100656617628135336e+01
2.744255627745634683e+03 5.842892955718709480e+00 5.868256479157743399e+00
2.419924815372473404e+03 2.628534172106869846e+02 -1.134742584571442023e+02
2.763942941654674996e+03 1.756524450746363186e+02 -1.220870856564848879e+02
2.473896774132086648e+03 -1.108345030504121524e+02 -3.861961201871400249e+02
2.741693810537557965e+03 3.890309771340986913e+02 -1.214155271755207082e+02
2.473188093773851506e+03 3.989005919126014987e+02 -1.800163049179907091e+02
2.938610246440488481e+03 2.238248765683661077e+02 -1.586319623214293451e+01
2.779484007129611200e+03 4.456793812132091830e+02 -1.077159394577341800e+01
2.743199404041002254e+03 -1.548181488762828337e+02 -3.083831646651028109e+02
3.083829878452339017e+03 -1.096031005269685323e+02 -1.834630294172418417e+02
2.761953599843532174e+03 3.075715221558465942e+02 -5.190118912819263386e+01
2.614377864476986815e+03 3.987514857721212138e+02 -1.624928098229704290e+02
2.524332430627625399e+03 1.143002659704258548e+02 -1.309190753991109943e+02
2.558440839288054576e+03 4.211823104604590640e+02 -1.285668176139658385e+02
2.700561712018376511e+03 1.267187772413858937e+02 -5.148179415127567182e+01
2.757640858707934967e+03 -1.894248842010568126e+02 -3.656371172197227111e+02
2.751905391739671813e+03 6.353009595635122650e+02 -1.606136741396192065e+02
2.337836371532344856e+03 9.699071400120008946e+01 -3.365307197416879603e+02
2.533412375351454557e+03 4.068857378112409862e+01 -9.402938423655106703e+01
2.509824860925364192e+03 3.192509054005811322e+02 -2.860696405273555243e+01
2.932150060607095384e+03 2.319079009589698046e+02 5.720259537518492721e+01
2.786343008571128394e+03 1.804266285732696247e+02 -1.462600198695817078e+01
2.844690595393977674e+03 7.545067216721706416e+01 -7.370671784654444991e+01
2.567892946535956526e+03 -1.488070113551670772e+02 -2.453637561087049335e+02
2.645403736579824908e+03 2.003182588407373146e+02 -2.582115187322540351e+01
2.596312634809632527e+03 5.771969417424970743e+02 -5.865507213287789767e+01
2.479201420280168350e+03 2.828192009282644221e+02 -9.108096019261402887e+01
2.363680442958710501e+03 2.968213344170077335e+02 -2.335366518533629971e+02
2.476700528043984377e+03 2.819471081879364647e+02 -1.601229461782736223e+02
2.642354558166073275e+03 8.502559332158021732e+01 -2.190665650188235531e+02
2.393067381135462256e+03 3.512719781772832448e+02 -2.332643144461854661e+02
2.618275474923100319e+03 2.704990914893578520e+02 -1.544983783454409547e+02
2.424265896189588602e+03 4.395910306484415742e+02 -1.093298880144321998e+02
2.850234695417495004e+03 -1.328913374733392345e+02 -2.735123215523836961e+02
2.704914301528289798e+03 2.411886514210325174e+02 -1.048118554599203947e+02
2.834355395650797618e+03 9.697395295626780864e+01 1.153791078023193535e+02
2.605430770895616206e+03 3.751861643139989724e+02 -5.744312154195235109e+00
2.741630764467799054e+03 -5.638298724212146595e+01 -4.897166879159527042e+01
2.622469713249465713e+03 4.222642427689403917e+02 -2.507700153369967921e+01
2.954391638779607547e+03 4.298195161439475243e+01 1.541199184812428769e+02
