2.778027168999999958e+03 -5.608417466999999768e+00 -5.629091971000000285e+02
2.778026872999999796e+03 -5.611202723999999975e+00 -5.629121552999999949e+02
2.778024073999999928e+03 -5.625482298999999742e+00 -5.629151332999999795e+02
2.778036212999999861e+03 -5.617684823000000272e+00 -5.629224153000000115e+02
2.778036908999999923e+03 -5.606871446000000425e+00 -5.629170779999999468e+02
2.778036712999999963e+03 -5.616104294000000330e+00 -5.629199856999999838e+02
2.778047063999999864e+03 -5.578317700999999573e+00 -5.628916838999999754e+02
2.778040813000000071e+03 -5.595584943999999616e+00 -5.629053747000000385e+02
2.778042256000000179e+03 -5.593660324000000017e+00 -5.629146984999999859e+02
2.778027310999999827e+03 -5.606400755000000125e+00 -5.629070248000000447e+02
2.778018922000000202e+03 -5.611074915999999746e+00 -5.628722794999999905e+02
2.778044593000000077e+03 -5.596324880000000057e+00 -5.629110654999999497e+02
2.778043798000000152e+03 -5.594909109999999686e+00 -5.629137640000000147e+02
2.778043710999999803e+03 -5.591926634000000007e+00 -5.629100752000000512e+02
2.778030570999999782e+03 -5.639207639000000327e+00 -5.629351103000000194e+02
2.778039779000000181e+03 -5.610533367999999577e+00 -5.629191177000000152e+02
2.778036604999999781e+03 -5.625411155000000107e+00 -5.629247175000000425e+02
2.778040534000000207e+03 -5.602660352000000010e+00 -5.629181698999999526e+02
2.778043134999999893e+03 -5.591083614999999618e+00 -5.629074055999999473e+02
2.778044026000000031e+03 -5.594830146999999698e+00 -5.629061656999999741e+02
2.778038787999999840e+03 -5.604538263000000242e+00 -5.629161100000000033e+02
2.484674946999999975e+03 1.224434422000000033e+01 -4.954740252999999939e+02
2.778045865000000049e+03 -5.596163776000000034e+00 -5.629075413000000481e+02
2.778040006000000176e+03 -5.605650826999999836e+00 -5.629149205999999594e+02
2.778036763999999948e+03 -5.611530521999999799e+00 -5.629173555999999508e+02
2.778044218000000001e+03 -5.593851014000000177e+00 -5.629051864000000478e+02
2.778041671999999835e+03 -5.598134197000000256e+00 -5.629103816000000506e+02
2.778030561000000034e+03 -5.638768758000000325e+00 -5.629294390000000021e+02
2.778039315999999872e+03 -5.607795917999999880e+00 -5.629138824999999997e+02
2.778034744999999930e+03 -5.614372083000000124e+00 -5.629189371999999594e+02
2.778040136000000075e+03 -5.599546239999999564e+00 -5.629068228999999519e+02
2.778043657000000167e+03 -5.595350262000000185e+00 -5.629037359999999808e+02
2.778044961999999941e+03 -5.586883881000000329e+00 -5.628998812999999473e+02
2.778037797999999839e+03 -5.600658794000000107e+00 -5.629099940999999490e+02
2.778043517999999949e+03 -5.592557145999999868e+00 -5.629025192999999945e+02
2.778045089000000189e+03 -5.590626589000000202e+00 -5.628993040000000292e+02
2.778034481000000142e+03 -5.622242735999999574e+00 -5.629193092000000433e+02
2.778038932999999815e+03 -5.599960681999999856e+00 -5.629079921999999669e+02
2.778037499000000025e+03 -5.608340183000000145e+00 -5.629148162000000184e+02
2.778036810999999943e+03 -5.611521747000000282e+00 -5.629157861999999568e+02
2.778038001999999778e+03 -5.603280967999999973e+00 -5.629105703999999832e+02
2.778041287000000011e+03 -5.597483558000000414e+00 -5.629060224999999491e+02
2.778039947000000211e+03 -5.595184303999999997e+00 -5.629057735000000093e+02
2.778039174000000003e+03 -5.600335000000000285e+00 -5.629088497000000189e+02
2.778037073999999848e+03 -5.606966092999999596e+00 -5.629124590000000126e+02
2.778040834999999788e+03 -5.596590521000000429e+00 -5.629055716999999959e+02
2.778041067000000112e+03 -5.594162362999999694e+00 -5.629054883000000018e+02
2.778045304000000215e+03 -5.584556863000000426e+00 -5.628945268999999598e+02
2.778038426999999956e+03 -5.594830164000000217e+00 -5.629067950999999539e+02
2.778031762999999955e+03 -5.626413194999999590e+00 -5.629203414999999495e+02
2.489405720000000201e+03 1.271500709999999934e+01 -5.069913649999999734e+02
2.778041654999999992e+03 -5.591400139000000102e+00 -5.629017470000000003e+02
2.778043579000000136e+03 -5.575614829000000050e+00 -5.628925129000000425e+02
2.778037122000000181e+03 -5.589301854000000347e+00 -5.629056379999999535e+02
2.778037719999999808e+03 -5.586312619000000090e+00 -5.629034398999999667e+02
2.778034329999999954e+03 -5.594703660999999606e+00 -5.629088712999999871e+02
2.778035938999999871e+03 -5.591085449000000374e+00 -5.629045314999999619e+02
2.778038552999999865e+03 -5.585456999999999894e+00 -5.628996905000000197e+02
2.778040312999999969e+03 -5.588038713000000435e+00 -5.628981671000000233e+02
2.778027304000000186e+03 -5.625988729000000355e+00 -5.629211463000000322e+02
2.778030713999999989e+03 -5.611242887000000401e+00 -5.629180298999999650e+02
2.778039683999999852e+03 -5.585869572000000005e+00 -5.628977298999999448e+02
2.778030205999999907e+03 -5.611994448999999996e+00 -5.629154827999999497e+02
2.778043596999999863e+03 -5.576563666000000197e+00 -5.628925050000000283e+02
2.778038188999999875e+03 -5.585268391999999693e+00 -5.629001124000000118e+02
2.778034941999999774e+03 -5.587317418999999674e+00 -5.629072813999999880e+02
2.778032345000000078e+03 -5.605679525000000218e+00 -5.629134325999999646e+02
2.778027720000000045e+03 -5.620848446000000109e+00 -5.629180645000000140e+02
2.778039827000000059e+03 -5.589905332999999921e+00 -5.628994261000000279e+02
2.778038122999999814e+03 -5.589762372000000035e+00 -5.629021754999999985e+02
2.778033257999999933e+03 -5.604511255000000247e+00 -5.629113218999999617e+02
2.778033069999999952e+03 -5.593447293999999737e+00 -5.629061511999999539e+02
2.778029210000000148e+03 -5.607652124000000349e+00 -5.629123448000000280e+02
2.778032624999999825e+03 -5.595860488999999660e+00 -5.629060310999999501e+02
2.778040238999999929e+03 -5.576882428000000225e+00 -5.628910101000000168e+02
2.778030184000000190e+03 -5.600531286999999914e+00 -5.629091796999999815e+02
2.778034244999999828e+03 -5.589630651000000228e+00 -5.629036125999999740e+02
2.778032059000000118e+03 -5.604820154000000443e+00 -5.629073843999999553e+02
2.778033692999999857e+03 -5.590018418999999739e+00 -5.629026608000000351e+02
2.778040347999999994e+03 -5.575578190999999961e+00 -5.628907124999999496e+02
2.778033343000000059e+03 -5.591359203999999750e+00 -5.629036337999999660e+02
2.778029731999999967e+03 -5.602762872999999644e+00 -5.629113730000000260e+02
2.778038983999999800e+03 -5.582256842999999691e+00 -5.628942093000000568e+02
2.778035101999999824e+03 -5.586128119999999697e+00 -5.628992773999999599e+02
2.778027232999999796e+03 -5.611979093999999613e+00 -5.629123088999999709e+02
2.778044820999999956e+03 -5.566705133000000139e+00 -5.628826573000000053e+02
2.778036094000000048e+03 -5.582813019999999682e+00 -5.628986125000000129e+02
2.778033437000000049e+03 -5.589639961999999684e+00 -5.629070551999999452e+02
2.778023021999999855e+03 -5.627100844000000102e+00 -5.629247410000000400e+02
2.778027717999999822e+03 -5.611866659000000368e+00 -5.629142577000000074e+02
2.778033332999999857e+03 -5.593559625000000146e+00 -5.629052325000000110e+02
2.778033925000000181e+03 -5.587361515999999639e+00 -5.628995505999999978e+02
2.778028855000000021e+03 -5.606188871999999712e+00 -5.629137134000000060e+02
2.778034015000000181e+03 -5.587380171999999590e+00 -5.629000154000000293e+02
2.778028174999999919e+03 -5.599153704999999981e+00 -5.629080516000000216e+02
2.778042523999999958e+03 -5.566575523000000025e+00 -5.628820262000000412e+02
2.778034239000000071e+03 -5.587977110999999830e+00 -5.628991422000000284e+02
2.778031016999999792e+03 -5.592551939999999888e+00 -5.629031760000000304e+02
2.778031616000000213e+03 -5.591918075999999793e+00 -5.629012344000000212e+02
2.778029676999999992e+03 -5.598797305999999807e+00 -5.629059677999999849e+02
2.778035577000000103e+03 -5.584253429000000324e+00 -5.628963843999999881e+02
2.778032467999999881e+03 -5.591239668000000052e+00 -5.629014935999999807e+02
2.778033758999999918e+03 -5.588657934000000438e+00 -5.628997068999999556e+02
2.778033643000000211e+03 -5.588934241999999664e+00 -5.628992872000000034e+02
2.778033285999999862e+03 -5.593293516000000132e+00 -5.629003973000000087e+02
2.778029958999999963e+03 -5.587643463000000033e+00 -5.629056302000000187e+02
2.778025595999999950e+03 -5.615227556999999869e+00 -5.629131277000000182e+02
2.778027215000000069e+03 -5.602578433999999774e+00 -5.629076678999999785e+02
2.778019722000000002e+03 -5.633832838000000010e+00 -5.629237597000000051e+02
2.778027271999999812e+03 -5.600683390000000372e+00 -5.629100138999999672e+02
2.778029838999999811e+03 -5.593287637000000423e+00 -5.629018293999999969e+02
2.778034192999999959e+03 -5.583051289000000139e+00 -5.628964506999999458e+02
2.778027799999999843e+03 -5.599010193999999885e+00 -5.629096133000000464e+02
2.778031559000000016e+03 -5.591470294999999702e+00 -5.629003643999999440e+02
2.778038317999999890e+03 -5.575650830999999918e+00 -5.628894949000000452e+02
0.000000000000000000e+00 0.000000000000000000e+00 0.000000000000000000e+00
2.778033045000000129e+03 -5.590658571999999715e+00 -5.629002220999999508e+02
2.778040504999999939e+03 -5.572920028000000414e+00 -5.628848504000000048e+02
2.778032237999999779e+03 -5.589472558999999841e+00 -5.629005191999999624e+02
2.778026761999999962e+03 -5.604711997999999973e+00 -5.629071265999999696e+02
2.778038574000000153e+03 -5.573268181999999626e+00 -5.628868214000000307e+02
2.778020179999999982e+03 -5.625030218000000026e+00 -5.629180067999999437e+02
2.778027562000000216e+03 -5.605103700999999994e+00 -5.629081971000000522e+02
2.778022742999999991e+03 -5.621462347999999665e+00 -5.629152192999999897e+02
2.778031966999999895e+03 -5.587770703000000339e+00 -5.628961040000000366e+02
2.778031065000000126e+03 -5.589009877999999709e+00 -5.628974806999999601e+02
2.778034262000000126e+03 -5.578791355999999979e+00 -5.628908063999999740e+02
2.778036884000000100e+03 -5.578225319999999599e+00 -5.628893699000000197e+02
2.778026378000000022e+03 -5.606225707000000114e+00 -5.629093715000000202e+02
2.778031574000000091e+03 -5.589432589000000284e+00 -5.628963999000000058e+02
2.778030268999999862e+03 -5.597776871999999848e+00 -5.628993473000000449e+02
2.778033593000000110e+03 -5.585275953000000015e+00 -5.628933964000000287e+02
2.778026672999999846e+03 -5.610286255000000111e+00 -5.629065629000000399e+02
0.000000000000000000e+00 0.000000000000000000e+00 0.000000000000000000e+00
0.000000000000000000e+00 0.000000000000000000e+00 0.000000000000000000e+00
2.535700604000000112e+03 4.384509432999999845e+00 -5.442174502999999959e+02
2.778030185000000074e+03 -5.602360949000000367e+00 -5.629079470000000356e+02
2.778027220999999827e+03 -5.600108073000000353e+00 -5.629084430999999995e+02
2.778028506000000107e+03 -5.596946025000000269e+00 -5.629038411999999880e+02
2.778030455999999958e+03 -5.594480421000000092e+00 -5.629010488000000123e+02
2.778028213999999934e+03 -5.599497624999999701e+00 -5.629046191999999564e+02
2.778028686000000107e+03 -5.611188746999999921e+00 -5.629059800999999652e+02
2.778036372999999912e+03 -5.590217823999999780e+00 -5.628945929999999862e+02
0.000000000000000000e+00 0.000000000000000000e+00 0.000000000000000000e+00
2.778040015999999923e+03 -5.573982671000000444e+00 -5.628835549000000356e+02
2.778036473999999998e+03 -5.581030987000000110e+00 -5.628887938999999960e+02
2.778033133999999791e+03 -5.593600108000000404e+00 -5.628948047999999744e+02
2.778033523000000059e+03 -5.577251104000000126e+00 -5.628912414000000126e+02
2.778019487999999910e+03 -5.628254199999999763e+00 -5.629191190999999890e+02
2.778030585999999857e+03 -5.596126074999999922e+00 -5.628994026999999960e+02
2.778028440999999930e+03 -5.599614461999999904e+00 -5.628972073999999566e+02
2.778021843999999874e+03 -5.622282708000000184e+00 -5.629156784000000471e+02
2.778024242999999842e+03 -5.605507014999999704e+00 -5.629104794999999513e+02
2.778029756999999790e+03 -5.591805340999999707e+00 -5.628989054999999553e+02
2.778025016000000051e+03 -5.605023778999999706e+00 -5.629088898999999628e+02
2.778026843000000099e+03 -5.600009412000000353e+00 -5.629057401000000027e+02
2.778029230000000098e+03 -5.592097101000000237e+00 -5.628978001000000404e+02
2.778028860999999779e+03 -5.593612852999999774e+00 -5.629023759000000382e+02
2.778031715999999960e+03 -5.586041208000000147e+00 -5.628935444999999618e+02
2.778028312999999798e+03 -5.591914929999999728e+00 -5.628979677999999467e+02
2.778029696999999942e+03 -5.588256529999999778e+00 -5.628955323999999791e+02
2.778029806000000008e+03 -5.590426966999999969e+00 -5.628982389999999896e+02
2.778032661000000189e+03 -5.582862636999999850e+00 -5.628920272999999952e+02
2.778019965999999840e+03 -5.618647793000000057e+00 -5.629148122000000285e+02
2.778029617000000144e+03 -5.589774796999999573e+00 -5.628959744000000001e+02
2.778039314000000104e+03 -5.563029460000000093e+00 -5.628781764000000294e+02
2.778029722000000220e+03 -5.580914354999999993e+00 -5.628923052999999754e+02
2.778035216000000219e+03 -5.578269959000000000e+00 -5.628887822000000369e+02
2.778027026000000205e+03 -5.588990339000000418e+00 -5.628968531000000439e+02
2.778031590999999935e+03 -5.583198591999999572e+00 -5.628917977999999493e+02
2.778037059000000227e+03 -5.571661567999999676e+00 -5.628836350999999922e+02
2.778030110000000150e+03 -5.581732209000000111e+00 -5.628939950999999837e+02
2.778032916000000114e+03 -5.576956208000000359e+00 -5.628863063999999667e+02
2.778017553000000134e+03 -5.621840596000000190e+00 -5.629163750000000164e+02
2.778021507999999812e+03 -5.608394440999999730e+00 -5.629096082999999453e+02
2.778027520000000095e+03 -5.591207993000000265e+00 -5.628942911000000322e+02
2.778027782000000116e+03 -5.586226061999999715e+00 -5.628936629999999468e+02
2.778031015000000025e+03 -5.588026171000000097e+00 -5.628953933000000234e+02
0.000000000000000000e+00 0.000000000000000000e+00 0.000000000000000000e+00
2.778026182999999946e+03 -5.595308346000000377e+00 -5.628989202000000205e+02
2.778024706000000151e+03 -5.602681976999999591e+00 -5.629057758999999805e+02
2.778040441999999985e+03 -5.561824015000000010e+00 -5.628761961000000156e+02
2.778029328000000078e+03 -5.588232081000000129e+00 -5.628932346000000280e+02
2.778024605000000065e+03 -5.599985880000000193e+00 -5.629057469000000538e+02
2.778024742000000060e+03 -5.593632724999999972e+00 -5.629002791000000343e+02
2.778027857999999924e+03 -5.587320930999999824e+00 -5.628953090999999631e+02
2.778022790999999870e+03 -5.600976847000000092e+00 -5.629056884000000309e+02
2.778018297000000075e+03 -5.610356411999999793e+00 -5.629103682999999592e+02
2.778022253999999975e+03 -5.606443952000000230e+00 -5.629083775000000287e+02
2.778035480999999891e+03 -5.571637493999999968e+00 -5.628820491000000175e+02
2.778027150999999776e+03 -5.586386918999999729e+00 -5.628954770999999937e+02
2.778028518999999960e+03 -5.579389254999999714e+00 -5.628920589000000518e+02
2.778027157999999872e+03 -5.587765452000000188e+00 -5.628953589000000193e+02
2.778023808999999801e+03 -5.593329621999999723e+00 -5.628996128999999655e+02
2.778024291000000176e+03 -5.591913689000000076e+00 -5.628974545999999464e+02
2.778026064000000133e+03 -5.592384574999999636e+00 -5.628983275000000503e+02
2.778027433000000201e+03 -5.589475993999999837e+00 -5.628909248999999591e+02
2.778020985000000110e+03 -5.607332271999999840e+00 -5.629063787000000048e+02
2.778030557000000044e+03 -5.579569718000000123e+00 -5.628919019999999591e+02
2.778024934000000030e+03 -5.593727185999999740e+00 -5.629011199000000261e+02
2.778021436999999878e+03 -5.606430177000000015e+00 -5.629095782000000554e+02
2.778026332999999795e+03 -5.593314795999999589e+00 -5.628976711000000250e+02
2.778020583999999872e+03 -5.605471095999999598e+00 -5.629109826000000112e+02
2.778029159000000163e+03 -5.580235502999999930e+00 -5.628906233999999813e+02
2.778027016999999887e+03 -5.584265792000000062e+00 -5.628933438000000251e+02
2.778014548000000104e+03 -5.624215130999999701e+00 -5.629162284000000227e+02
2.778023016000000098e+03 -5.596281719000000265e+00 -5.629006610000000137e+02
2.778019663999999921e+03 -5.607381101999999728e+00 -5.629085586999999578e+02
2.778023842000000059e+03 -5.600243432000000077e+00 -5.629001260999999658e+02
2.778033763999999792e+03 -5.571786239999999779e+00 -5.628824554000000262e+02
2.778014387000000170e+03 -5.617568490000000025e+00 -5.629137670999999727e+02
2.778028690999999981e+03 -5.582882371000000177e+00 -5.628917189999999664e+02
2.778025543000000198e+03 -5.594942786999999917e+00 -5.628973453999999492e+02
2.778024014000000079e+03 -5.585905580000000370e+00 -5.628970706000000064e+02
2.778025990999999976e+03 -5.590737211000000428e+00 -5.628967684000000418e+02
2.778027669000000060e+03 -5.586765855000000336e+00 -5.628934804000000440e+02
2.778025795999999900e+03 -5.596728219000000060e+00 -5.628965525999999500e+02
2.778027739000000111e+03 -5.584922302999999921e+00 -5.628918591000000333e+02
2.778025046000000202e+03 -5.586252938000000334e+00 -5.628983123000000433e+02
2.778011312999999973e+03 -5.633937420999999723e+00 -5.629190045000000282e+02
2.778017354999999952e+03 -5.608926452999999590e+00 -5.629030860000000303e+02
2.778022389000000203e+03 -5.589339312999999976e+00 -5.628948980000000120e+02
2.778024632999999994e+03 -5.590938325999999847e+00 -5.628955681999999570e+02
2.778023263999999926e+03 -5.591266646000000229e+00 -5.628977261999999655e+02
2.778019619000000148e+03 -5.602276907000000250e+00 -5.629011226000000079e+02
2.778014775999999983e+03 -5.614206015999999799e+00 -5.629110216999999921e+02
2.778024109999999837e+03 -5.592646761000000133e+00 -5.628974614999999631e+02
2.778026311999999962e+03 -5.588702868000000379e+00 -5.628942514000000301e+02
2.778021675999999843e+03 -5.598062043999999737e+00 -5.629028839000000062e+02
2.778021502000000055e+03 -5.595660322999999714e+00 -5.629023872000000210e+02
2.778016387000000122e+03 -5.608538377000000352e+00 -5.629132826000000023e+02
2.778019103000000086e+03 -5.602537061999999679e+00 -5.629042401000000382e+02
2.778034223999999995e+03 -5.569087460000000434e+00 -5.628809095000000298e+02
2.778025764999999865e+03 -5.586698099999999556e+00 -5.628938596000000416e+02
2.778024555999999848e+03 -5.586298994999999934e+00 -5.628936167000000523e+02
2.778026269999999840e+03 -5.582813297999999591e+00 -5.628908324000000221e+02
2.778018051999999898e+03 -5.604546676000000005e+00 -5.629059991000000309e+02
2.778020492999999988e+03 -5.603064011999999927e+00 -5.629042812999999796e+02
2.778033947999999782e+03 -5.565317553999999944e+00 -5.628818889000000354e+02
2.778016529999999875e+03 -5.611132956999999699e+00 -5.629083372999999710e+02
2.778023806000000150e+03 -5.586437304000000381e+00 -5.628926496000000270e+02
2.778009356999999909e+03 -5.635356817999999990e+00 -5.629189351999999644e+02
2.778022374000000127e+03 -5.587312725000000313e+00 -5.628960264999999481e+02
2.778014760000000024e+03 -5.616956883000000289e+00 -5.629116792999999461e+02
2.778017347999999856e+03 -5.597838644000000308e+00 -5.629001052999999501e+02
2.778017761999999948e+03 -5.596105835000000361e+00 -5.629004063999999516e+02
2.778023096999999780e+03 -5.583609319999999876e+00 -5.628909022000000277e+02
2.778026891999999862e+03 -5.579379559000000377e+00 -5.628859033999999610e+02
2.778019963000000189e+03 -5.597535231000000167e+00 -5.629001156000000492e+02
2.778021827999999914e+03 -5.589811217000000276e+00 -5.628961428999999725e+02
2.778020241000000169e+03 -5.593384774999999642e+00 -5.628965368000000353e+02
2.778029562000000169e+03 -5.576479766000000282e+00 -5.628849960000000010e+02
2.778023082000000159e+03 -5.584393267000000272e+00 -5.628944837000000234e+02
2.778025639999999839e+03 -5.578119144000000418e+00 -5.628881042000000434e+02
2.778023837000000185e+03 -5.586226475000000136e+00 -5.628921536999999944e+02
2.778010037000000011e+03 -5.629046026000000147e+00 -5.629175579999999854e+02
2.778014447999999902e+03 -5.611978004000000020e+00 -5.629068902999999864e+02
0.000000000000000000e+00 0.000000000000000000e+00 0.000000000000000000e+00
2.778022832999999991e+03 -5.593865925000000239e+00 -5.628964966999999433e+02
2.778010455999999976e+03 -5.630327841999999805e+00 -5.629192819999999529e+02
2.778013523000000077e+03 -5.608870303999999862e+00 -5.629079272000000174e+02
2.778021577999999863e+03 -5.592017369999999765e+00 -5.628964823000000024e+02
2.778020058999999947e+03 -5.595644035000000294e+00 -5.628983730999999580e+02
2.778020034000000123e+03 -5.593251375000000358e+00 -5.628988554999999678e+02
2.778010709000000134e+03 -5.626139452000000318e+00 -5.629153575999999930e+02
2.778022399999999834e+03 -5.584747207000000380e+00 -5.628929752000000235e+02
2.778016677000000072e+03 -5.602868275999999703e+00 -5.629010673999999881e+02
2.778019995000000108e+03 -5.597228978000000410e+00 -5.628999720000000480e+02
2.778029267999999774e+03 -5.570183447999999871e+00 -5.628778174999999919e+02
2.778022453000000041e+03 -5.589216071000000063e+00 -5.628940708000000086e+02
2.778018580999999813e+03 -5.597282901999999893e+00 -5.628994290000000547e+02
2.778020583999999872e+03 -5.583438915000000335e+00 -5.628958532000000332e+02
2.778015914000000066e+03 -5.602881715999999734e+00 -5.629013258999999607e+02
2.778014482999999927e+03 -5.608696386000000089e+00 -5.629084706999999526e+02
2.778021459999999934e+03 -5.591906557999999805e+00 -5.628950224000000162e+02
2.778022445999999945e+03 -5.590314636999999642e+00 -5.628938838000000260e+02
2.778021776999999929e+03 -5.590220105000000217e+00 -5.628932085000000143e+02
2.778018549999999777e+03 -5.595958965000000340e+00 -5.628976738000000068e+02
2.778016165999999885e+03 -5.609277611999999635e+00 -5.629056722999999920e+02
2.778017287000000124e+03 -5.591905535999999621e+00 -5.628962265999999772e+02
2.778008248000000094e+03 -5.625776603000000264e+00 -5.629166093999999703e+02
2.778016367000000173e+03 -5.604829304999999984e+00 -5.629004690000000437e+02
2.778016379000000143e+03 -5.600819772999999557e+00 -5.629026963000000023e+02
2.778020786999999928e+03 -5.589569576999999789e+00 -5.628933469999999488e+02
2.778013757000000169e+03 -5.607251031999999746e+00 -5.629052947999999787e+02
2.778018454999999904e+03 -5.593106477000000076e+00 -5.628965126000000510e+02
2.778008288999999877e+03 -5.633369752000000119e+00 -5.629172557000000552e+02
2.778024465999999848e+03 -5.576893852000000429e+00 -5.628831794000000173e+02
2.778021888000000217e+03 -5.583743546000000002e+00 -5.628904278999999633e+02
2.778019369000000097e+03 -5.591774209999999634e+00 -5.628962001999999529e+02
2.778021665000000212e+03 -5.587006418999999724e+00 -5.628891865000000507e+02
2.778019964000000073e+03 -5.592319985999999687e+00 -5.628948744000000488e+02
2.778015476999999919e+03 -5.604055847999999784e+00 -5.629046383999999534e+02
2.778009727999999996e+03 -5.624501750000000300e+00 -5.629134203999999500e+02
2.778014356000000134e+03 -5.602868832000000410e+00 -5.629055931000000328e+02
2.778017903999999817e+03 -5.597445407999999567e+00 -5.628975048999999444e+02
2.778025140000000192e+03 -5.580112609000000390e+00 -5.628867593999999599e+02
2.778020167000000129e+03 -5.588219203000000412e+00 -5.628943874000000278e+02
2.778016377999999804e+03 -5.601776918999999744e+00 -5.629028184999999667e+02
2.778012635000000046e+03 -5.609693715999999775e+00 -5.629076391999999487e+02
2.778033025000000180e+03 -5.560121353000000433e+00 -5.628695950000000039e+02
2.778019123999999920e+03 -5.576088933000000303e+00 -5.628897338000000445e+02
2.778015125999999782e+03 -5.598047142000000420e+00 -5.629031754000000092e+02
2.778017628999999943e+03 -5.595261441999999974e+00 -5.628977360000000090e+02
2.778014665000000150e+03 -5.599370659999999944e+00 -5.629007821000000149e+02
2.778014290000000074e+03 -5.596632009000000352e+00 -5.628988123000000314e+02
2.778014072999999826e+03 -5.597170038999999875e+00 -5.629030592999999953e+02
2.778016673000000083e+03 -5.594626293000000139e+00 -5.628988695000000462e+02
2.778014408999999887e+03 -5.602107391999999741e+00 -5.629029288000000406e+02
2.778012169000000085e+03 -5.603351739999999914e+00 -5.629033104000000094e+02
2.778021365999999944e+03 -5.584950104999999887e+00 -5.628866332000000057e+02
2.778019146000000092e+03 -5.589245114999999764e+00 -5.628940522999999985e+02
2.778015053000000080e+03 -5.597835264000000421e+00 -5.628995472000000291e+02
2.778018117000000075e+03 -5.593299821999999644e+00 -5.628938212000000476e+02
2.778012622000000192e+03 -5.605819785999999638e+00 -5.629030398999999534e+02
2.778010608000000047e+03 -5.616410862000000392e+00 -5.629055742000000464e+02
2.778020563999999922e+03 -5.587976507999999676e+00 -5.628924406999999519e+02
2.778013723999999911e+03 -5.597786680999999653e+00 -5.628994516999999860e+02
2.778019412000000102e+03 -5.585126723000000126e+00 -5.628913099999999758e+02
2.778007337000000007e+03 -5.625013496000000224e+00 -5.629138744000000543e+02
2.778005560999999943e+03 -5.625648338000000415e+00 -5.629136082999999644e+02
2.778023921999999857e+03 -5.577055056999999927e+00 -5.628820895999999721e+02
2.778018709999999828e+03 -5.585995297000000193e+00 -5.628904542000000220e+02
2.778013660000000073e+03 -5.595542863000000366e+00 -5.628987509999999475e+02
2.778015070999999807e+03 -5.595125810999999949e+00 -5.628978365000000395e+02
2.778018020999999862e+03 -5.590149938999999790e+00 -5.628911064999999780e+02
2.778020417000000180e+03 -5.586100240000000383e+00 -5.628905013999999483e+02
2.778016749999999774e+03 -5.597958162000000293e+00 -5.628989579000000276e+02
2.778018101000000115e+03 -5.587959718999999659e+00 -5.628947985999999446e+02
2.778018129000000044e+03 -5.592726897000000363e+00 -5.628940367999999808e+02
2.778017338000000109e+03 -5.592505111999999556e+00 -5.628963328999999476e+02
2.778005674999999883e+03 -5.626174568999999792e+00 -5.629168244999999615e+02
2.778027681999999913e+03 -5.566187529999999661e+00 -5.628753312000000051e+02
2.778012826000000132e+03 -5.595772521999999860e+00 -5.629013725999999451e+02
2.778017934999999852e+03 -5.587455566000000040e+00 -5.628928723999999875e+02
2.778015918999999940e+03 -5.588889685999999912e+00 -5.628942328000000543e+02
0.000000000000000000e+00 0.000000000000000000e+00 0.000000000000000000e+00
2.778014381999999841e+03 -5.598122527000000126e+00 -5.629023094000000356e+02
2.778014732999999978e+03 -5.596675151000000348e+00 -5.629024077000000261e+02
2.778011235999999826e+03 -5.606854015999999774e+00 -5.629046220999999832e+02
2.778018023000000085e+03 -5.588540855999999835e+00 -5.628949678000000176e+02
2.778014031000000159e+03 -5.594442716999999732e+00 -5.628975457000000233e+02
2.778015554999999949e+03 -5.595484396999999888e+00 -5.628983844000000545e+02
2.778012021000000004e+03 -5.605478220000000178e+00 -5.629039807999999994e+02
2.778015217000000121e+03 -5.587269602000000113e+00 -5.628981301999999687e+02
2.778012585999999828e+03 -5.605153733999999943e+00 -5.629054314999999633e+02
2.778014551000000210e+03 -5.598809238000000299e+00 -5.628999959999999874e+02
2.778003865000000133e+03 -5.632826123000000074e+00 -5.629191343999999617e+02
2.778016823999999815e+03 -5.593542137000000025e+00 -5.628933103000000528e+02
2.778013586000000032e+03 -5.599832683999999894e+00 -5.629029642000000422e+02
2.778021604000000025e+03 -5.580927559000000038e+00 -5.628860840999999482e+02
2.778014097000000220e+03 -5.598496103999999640e+00 -5.629012357999999949e+02
2.778013367000000017e+03 -5.595443033999999649e+00 -5.628987509999999475e+02
2.778011840000000120e+03 -5.599860753999999829e+00 -5.629007284000000482e+02
2.778014689000000089e+03 -5.589697864999999766e+00 -5.628935615000000325e+02
2.778008350000000064e+03 -5.610025012999999561e+00 -5.629102335000000039e+02
2.778004440000000159e+03 -5.628239552000000145e+00 -5.629168969999999490e+02
2.778017088999999942e+03 -5.593350219999999595e+00 -5.628918055999999979e+02
2.778013167000000067e+03 -5.596105106999999634e+00 -5.628998643999999558e+02
2.778008578999999827e+03 -5.611360936999999716e+00 -5.629086439000000155e+02
2.778018708999999944e+03 -5.575287617999999945e+00 -5.628871034999999665e+02
2.778014458000000104e+03 -5.594975819000000072e+00 -5.628939209000000119e+02
2.778009858999999778e+03 -5.606418682000000153e+00 -5.629036449000000175e+02
2.778010259000000133e+03 -5.597954780000000241e+00 -5.628995895000000473e+02
2.778018011999999999e+03 -5.583086676999999831e+00 -5.628862351000000217e+02
2.778012533000000076e+03 -5.598324712000000147e+00 -5.628969515999999658e+02
2.778012965999999778e+03 -5.593701108000000310e+00 -5.628950164999999970e+02
2.778013480999999956e+03 -5.586996915000000286e+00 -5.628945694000000231e+02
2.778015636000000086e+03 -5.586005820999999649e+00 -5.628930818999999701e+02
2.778010100999999850e+03 -5.603554325000000169e+00 -5.628992693999999801e+02
2.778010416000000077e+03 -5.602645454000000136e+00 -5.629008883000000196e+02
2.778003424999999879e+03 -5.627134325000000104e+00 -5.629158836999999949e+02
2.778012227000000166e+03 -5.590827153000000216e+00 -5.628952686999999742e+02
2.778007853000000068e+03 -5.605492364999999921e+00 -5.629045108000000255e+02
2.778017155000000002e+03 -5.584449375000000160e+00 -5.628858741999999893e+02
2.778012094000000161e+03 -5.594395795999999699e+00 -5.628961461999999756e+02
2.778015445000000000e+03 -5.588863026000000289e+00 -5.628928585999999541e+02
2.778020270999999866e+03 -5.575987539999999854e+00 -5.628823006000000078e+02
2.778013061999999991e+03 -5.590191814999999842e+00 -5.628970483000000513e+02
2.778010424000000057e+03 -5.594070284999999920e+00 -5.628980853000000479e+02
2.778021846000000096e+03 -5.576292858999999602e+00 -5.628790105000000494e+02
2.778010980999999902e+03 -5.597663477000000221e+00 -5.628969431000000441e+02
2.778012654000000111e+03 -5.595988928999999779e+00 -5.628963592999999719e+02
2.778009818999999879e+03 -5.599957859999999954e+00 -5.628973339000000351e+02
2.778005509999999958e+03 -5.615086036000000114e+00 -5.629070736999999554e+02
2.778010698000000048e+03 -5.600618338000000307e+00 -5.628982630000000427e+02
2.778001119999999901e+03 -5.636284382999999565e+00 -5.629167816000000357e+02
2.778018304000000171e+03 -5.574374817999999898e+00 -5.628868754000000081e+02
0.000000000000000000e+00 0.000000000000000000e+00 0.000000000000000000e+00
2.778015764000000217e+03 -5.588333191000000255e+00 -5.628928795000000491e+02
2.778017925999999989e+03 -5.580960843999999810e+00 -5.628871301000000358e+02
2.778008699999999862e+03 -5.601964123000000129e+00 -5.629033799000000045e+02
2.778011094999999841e+03 -5.597967665999999731e+00 -5.628990148999999974e+02
2.778016071999999895e+03 -5.585134656000000142e+00 -5.628883316000000150e+02
2.778014964999999847e+03 -5.590929895000000371e+00 -5.628940149999999676e+02
2.778015643000000182e+03 -5.589499668000000199e+00 -5.628892858000000388e+02
2.778017941000000064e+03 -5.580117147000000166e+00 -5.628818112000000156e+02
2.778013587999999800e+03 -5.593573011000000150e+00 -5.628954287000000249e+02
2.778009069000000181e+03 -5.601366436000000171e+00 -5.628994320000000471e+02
2.416439093999999841e+03 -2.263128001000000111e+01 -5.027104519000000096e+02
2.778013102999999774e+03 -5.595157061000000098e+00 -5.628960681999999451e+02
2.778012552000000142e+03 -5.594954247000000436e+00 -5.628948540000000094e+02
2.778014180000000124e+03 -5.589382226999999759e+00 -5.628944599999999809e+02
2.777999218999999812e+03 -5.637097870999999927e+00 -5.629197139999999990e+02
2.778003060999999889e+03 -5.615962791000000287e+00 -5.629095396000000164e+02
2.778011903999999959e+03 -5.591011946000000066e+00 -5.628919435000000249e+02
2.778010292999999820e+03 -5.597687086999999728e+00 -5.628974120000000312e+02
2.778012596000000030e+03 -5.590621772000000433e+00 -5.628913774999999760e+02
2.778020016999999825e+03 -5.578450774000000223e+00 -5.628822116000000051e+02
2.778012525000000096e+03 -5.596532734000000175e+00 -5.628949024999999438e+02
2.778009509999999864e+03 -5.594130947000000020e+00 -5.628962265999999772e+02
2.778006911999999829e+03 -5.615205504000000403e+00 -5.629064644000000044e+02
2.778010714999999891e+03 -5.597854811999999569e+00 -5.628983737999999448e+02
2.778016782000000148e+03 -5.575109288000000163e+00 -5.628843131999999514e+02
2.778018490999999813e+03 -5.570781007999999979e+00 -5.628795470999999679e+02
2.778010869000000184e+03 -5.592237502999999776e+00 -5.628938666999999896e+02
2.778008005000000139e+03 -5.599456436999999731e+00 -5.629024951000000101e+02
2.778008373000000120e+03 -5.597268118999999764e+00 -5.628989613999999619e+02
2.778006226999999853e+03 -5.611561079000000340e+00 -5.629049562000000151e+02
2.778007009999999809e+03 -5.600789404000000360e+00 -5.629019087000000354e+02
2.778011693999999807e+03 -5.596124409999999827e+00 -5.628930939000000535e+02
2.777999404000000141e+03 -5.629725943999999593e+00 -5.629158036999999695e+02
2.778017581000000064e+03 -5.574370716999999864e+00 -5.628849026999999978e+02
2.778008002999999917e+03 -5.608686346999999905e+00 -5.629027234000000135e+02
2.778005635999999868e+03 -5.610490097999999648e+00 -5.629077827999999499e+02
2.778007708000000093e+03 -5.611675764000000122e+00 -5.629031969000000117e+02
2.778002501999999822e+03 -5.622597154000000153e+00 -5.629103373000000374e+02
2.778005956999999853e+03 -5.600338114000000367e+00 -5.629022013000000015e+02
2.777996458999999959e+03 -5.640217079000000133e+00 -5.629191680000000133e+02
2.778015001000000211e+03 -5.585327393000000029e+00 -5.628854351999999608e+02
2.778002668000000085e+03 -5.614804460000000219e+00 -5.629076910999999654e+02
2.778005951999999979e+03 -5.608334847000000067e+00 -5.629032982999999604e+02
2.777996287999999822e+03 -5.636095035000000308e+00 -5.629177475999999842e+02
2.778008268000000044e+03 -5.596773302999999977e+00 -5.628985698000000184e+02
2.778004105999999865e+03 -5.618099306999999598e+00 -5.629083285000000387e+02
2.778004986999999801e+03 -5.609387895000000235e+00 -5.629039638000000423e+02
2.778009133000000020e+03 -5.594248374000000190e+00 -5.628950440999999500e+02
2.778009351000000152e+03 -5.594092601999999914e+00 -5.628944655999999895e+02
2.778008850000000166e+03 -5.594854680000000080e+00 -5.628972811999999522e+02
2.778006952000000183e+03 -5.604782597999999894e+00 -5.629016014000000041e+02
2.778004449999999906e+03 -5.612801415999999932e+00 -5.629052253999999493e+02
2.778005259999999907e+03 -5.608066283000000318e+00 -5.629042909999999438e+02
2.778011243999999806e+03 -5.592544871000000306e+00 -5.628919498000000203e+02
2.778012063000000126e+03 -5.592539491000000140e+00 -5.628929054999999835e+02
2.778004363000000012e+03 -5.610227441000000148e+00 -5.629041084000000410e+02
2.778000000000000000e+03 -5.627319765000000196e+00 -5.629132455999999820e+02
2.778012663999999859e+03 -5.588402108000000368e+00 -5.628900433999999677e+02
2.778002626999999848e+03 -5.619478503999999930e+00 -5.629074524999999767e+02
2.778011454999999842e+03 -5.588780325000000104e+00 -5.628899735999999621e+02
2.778011794000000009e+03 -5.589642203999999559e+00 -5.628895952000000307e+02
2.778006030999999894e+03 -5.601214695000000354e+00 -5.628979315999999926e+02
2.778007020999999895e+03 -5.606284248999999775e+00 -5.628986840999999686e+02
2.778005956999999853e+03 -5.602340723000000189e+00 -5.629001716999999871e+02
2.778001298000000133e+03 -5.621298151999999604e+00 -5.629084976000000324e+02
2.778011848999999984e+03 -5.589911413000000273e+00 -5.628889824000000317e+02
2.778009724000000006e+03 -5.592529197000000174e+00 -5.628908681000000342e+02
2.778013160999999855e+03 -5.587338306999999560e+00 -5.628864403000000038e+02
2.778013057000000117e+03 -5.584560759999999568e+00 -5.628899202999999716e+02
2.778011727999999948e+03 -5.590055581999999745e+00 -5.628893918999999642e+02
2.778005510999999842e+03 -5.605696370999999623e+00 -5.629016807000000426e+02
2.778002711999999974e+03 -5.619999402000000366e+00 -5.629088147999999592e+02
2.778001721999999972e+03 -5.615694791000000130e+00 -5.629060375999999906e+02
2.778002719999999954e+03 -5.614046566999999932e+00 -5.629062949000000344e+02
2.778006898000000092e+03 -5.596482604000000194e+00 -5.628982105999999703e+02
2.778009439999999813e+03 -5.591467844000000298e+00 -5.628910925000000134e+02
2.777997495000000072e+03 -5.634788240999999864e+00 -5.629128477000000430e+02
2.778005512000000181e+03 -5.610783137000000309e+00 -5.629025563000000147e+02
2.778007981000000200e+03 -5.599238609999999561e+00 -5.628968885000000455e+02
2.778013093999999910e+03 -5.587684229999999808e+00 -5.628867850999999973e+02
2.778009750000000167e+03 -5.594659605000000369e+00 -5.628949196999999458e+02
2.778009273000000121e+03 -5.596326065999999599e+00 -5.628904317999999876e+02
2.778007411999999931e+03 -5.602994676999999868e+00 -5.629012075000000550e+02
2.778003580999999940e+03 -5.609231434999999877e+00 -5.629022692999999435e+02
2.778005330999999842e+03 -5.606402505000000147e+00 -5.629013284000000112e+02
2.778009160000000065e+03 -5.597831769999999985e+00 -5.628947954000000209e+02
2.778003417999999783e+03 -5.607577791999999839e+00 -5.629043355999999676e+02
2.778011011999999937e+03 -5.584842109000000221e+00 -5.628878105999999661e+02
2.778003987000000052e+03 -5.607301428000000421e+00 -5.628984198000000561e+02
2.778013497999999800e+03 -5.587171245000000397e+00 -5.628874024000000418e+02
2.778010361999999986e+03 -5.587934106999999706e+00 -5.628892696999999998e+02
2.778005074000000150e+03 -5.602891031000000410e+00 -5.629001249000000371e+02
2.778007645000000139e+03 -5.591943061000000270e+00 -5.628927542999999787e+02
2.778013430999999855e+03 -5.585217877999999914e+00 -5.628863784000000123e+02
2.778009615999999824e+03 -5.594994121000000042e+00 -5.628942187000000104e+02
2.778011253000000124e+03 -5.591489035999999579e+00 -5.628919263999999885e+02
2.778011448000000200e+03 -5.589099249000000214e+00 -5.628881328999999596e+02
2.778011081000000104e+03 -5.594592438000000278e+00 -5.628915060000000494e+02
2.778008554999999888e+03 -5.605083921000000302e+00 -5.628953110999999581e+02
2.778010280999999850e+03 -5.591902207999999597e+00 -5.628918895000000475e+02
2.778008628000000044e+03 -5.599380500999999732e+00 -5.628951842000000170e+02
2.778007607000000007e+03 -5.595014343999999973e+00 -5.628909331999999495e+02
2.778006624000000102e+03 -5.602410595000000271e+00 -5.628983829000000014e+02
2.778008377999999993e+03 -5.596932812999999562e+00 -5.628965170000000171e+02
2.778005438000000140e+03 -5.610510031999999647e+00 -5.629035995000000412e+02
2.778007694999999785e+03 -5.600659410999999643e+00 -5.628960017000000562e+02
2.778012618000000202e+03 -5.581851413999999956e+00 -5.628850909999999885e+02
2.778007027999999991e+03 -5.605612676999999877e+00 -5.628965041000000156e+02
2.777996659999999792e+03 -5.631396190000000246e+00 -5.629140634999999975e+02
2.778010827000000063e+03 -5.587325382999999590e+00 -5.628888492999999471e+02
2.778008061999999882e+03 -5.596275572999999781e+00 -5.628940777999999909e+02
2.778005443000000014e+03 -5.601692031999999877e+00 -5.628991634999999860e+02
2.778005360999999994e+03 -5.603751248000000018e+00 -5.629000128999999788e+02
2.778003713000000062e+03 -5.602563915000000172e+00 -5.628992025999999669e+02
2.778001897999999983e+03 -5.623583207000000250e+00 -5.629050720999999839e+02
2.778009415999999874e+03 -5.593573633000000100e+00 -5.628917688000000226e+02
2.778002163000000110e+03 -5.604116223000000119e+00 -5.629019114000000172e+02
2.778010268999999880e+03 -5.587335739000000245e+00 -5.628881275999999616e+02
2.778009867000000213e+03 -5.591179315999999844e+00 -5.628911279999999806e+02
2.777997057000000041e+03 -5.628576714000000258e+00 -5.629117171999999982e+02
2.778001772000000074e+03 -5.621174642999999804e+00 -5.629065223000000060e+02
2.778006808000000092e+03 -5.596634812999999653e+00 -5.628962307000000465e+02
2.778005901999999878e+03 -5.600005198999999934e+00 -5.628970083000000386e+02
2.777998821000000135e+03 -5.616472014000000179e+00 -5.629097487999999885e+02
2.778010717999999997e+03 -5.587844298000000265e+00 -5.628877612999999656e+02
2.778001489000000220e+03 -5.608783110000000072e+00 -5.629028392999999824e+02
2.778006237999999939e+03 -5.599424528000000123e+00 -5.628959121999999979e+02
2.778009606000000076e+03 -5.587636515999999887e+00 -5.628879521000000068e+02
2.778008651000000100e+03 -5.595307666000000069e+00 -5.628933841000000484e+02
2.778002104000000145e+03 -5.606356835999999788e+00 -5.629028352999999925e+02
2.778004340999999840e+03 -5.600633081999999874e+00 -5.629026252999999542e+02
2.778005799999999908e+03 -5.595488496999999839e+00 -5.628966586999999890e+02
2.778006394999999884e+03 -5.594898013999999975e+00 -5.628944648000000370e+02
2.778001369999999952e+03 -5.611962705999999912e+00 -5.629049502000000302e+02
2.778010857000000215e+03 -5.592558257000000310e+00 -5.628905184000000190e+02
2.778000216999999793e+03 -5.625082649000000323e+00 -5.629099744999999757e+02
2.778002397000000201e+03 -5.610262493999999656e+00 -5.629050340000000006e+02
2.778004311000000143e+03 -5.600625303000000166e+00 -5.629000025000000278e+02
2.777996270000000095e+03 -5.630279563000000209e+00 -5.629142447000000402e+02
2.777999288999999862e+03 -5.618467031999999861e+00 -5.629076959999999872e+02
2.778002351999999973e+03 -5.608285931000000168e+00 -5.629033504000000221e+02
2.778007747000000109e+03 -5.588499954999999630e+00 -5.628904909000000316e+02
2.778009149999999863e+03 -5.585437946999999959e+00 -5.628881525000000465e+02
2.777999103999999988e+03 -5.617820914000000165e+00 -5.629075381999999763e+02
2.778012248000000000e+03 -5.583921407000000059e+00 -5.628771625000000540e+02
2.778011548999999832e+03 -5.580446034000000388e+00 -5.628845033999999714e+02
2.777996208000000024e+03 -5.626458109999999735e+00 -5.629145059999999603e+02
2.778001313000000209e+03 -5.612979386000000126e+00 -5.629075212000000192e+02
2.777998860000000150e+03 -5.626466127999999678e+00 -5.629097487999999885e+02
2.778007720000000063e+03 -5.595515276000000426e+00 -5.628970051999999669e+02
2.778002672000000075e+03 -5.608071162999999970e+00 -5.629025853000000552e+02
2.778007145999999921e+03 -5.594856789999999691e+00 -5.628953063000000157e+02
2.778006890000000112e+03 -5.592923639000000335e+00 -5.628907534999999598e+02
2.778009383999999955e+03 -5.587791838000000233e+00 -5.628925291000000470e+02
2.778004734000000099e+03 -5.600269778000000365e+00 -5.629036963999999443e+02
2.778011714000000211e+03 -5.580429740999999666e+00 -5.628824730000000045e+02
2.778005168000000140e+03 -5.599945420000000063e+00 -5.628968340999999782e+02
2.778012627000000066e+03 -5.586159332000000255e+00 -5.628823171000000229e+02
2.778004143999999997e+03 -5.603838821000000081e+00 -5.629005006999999523e+02
2.778003784999999880e+03 -5.606903232999999709e+00 -5.629016765000000078e+02
2.778004582000000028e+03 -5.601600909000000073e+00 -5.628961676999999781e+02
2.778008030999999846e+03 -5.589302630999999799e+00 -5.628908202000000074e+02
2.778008655999999974e+03 -5.591130841000000018e+00 -5.628920199000000366e+02
2.778005384000000049e+03 -5.590672967999999798e+00 -5.628920600999999806e+02
2.777992185000000063e+03 -5.640411859000000305e+00 -5.629178322000000207e+02
2.778002508999999918e+03 -5.604667567999999989e+00 -5.628994209999999612e+02
2.777998474999999871e+03 -5.609932311999999754e+00 -5.629051535999999487e+02
2.778000586000000112e+03 -5.602149555999999642e+00 -5.629021705000000111e+02
2.778006519000000026e+03 -5.592981978000000076e+00 -5.628928812000000335e+02
2.777993284000000131e+03 -5.633245010000000441e+00 -5.629166778000000022e+02
2.778006502000000182e+03 -5.599246502999999819e+00 -5.628942313000000013e+02
2.778007797000000210e+03 -5.588647724000000316e+00 -5.628902213000000074e+02
2.778010823000000073e+03 -5.584755080999999954e+00 -5.628873214000000189e+02
2.778017347999999856e+03 -5.574156827000000369e+00 -5.628764869000000317e+02
2.778015907999999854e+03 -5.575669066999999757e+00 -5.628791466999999784e+02
2.778010030999999799e+03 -5.584912077000000252e+00 -5.628855240000000322e+02
2.777999550999999883e+03 -5.613104028999999606e+00 -5.629039256999999452e+02
2.778002033000000210e+03 -5.605737530999999940e+00 -5.629008432000000539e+02
2.777996771000000081e+03 -5.619158785999999850e+00 -5.629084221000000525e+02
2.778004022000000077e+03 -5.603107905999999971e+00 -5.628976062000000411e+02
2.777997386000000006e+03 -5.622784603999999575e+00 -5.629078362000000197e+02
2.778001583000000210e+03 -5.611887282999999726e+00 -5.629038592000000563e+02
2.778004382000000078e+03 -5.596940086000000036e+00 -5.628935569999999871e+02
2.778005376000000069e+03 -5.595377949999999601e+00 -5.628924531000000115e+02
2.778006522000000132e+03 -5.589903157000000178e+00 -5.628919124000000238e+02
2.778004751999999826e+03 -5.596710579999999879e+00 -5.628953086000000212e+02
2.778012334999999894e+03 -5.580825188999999575e+00 -5.628803950999999870e+02
2.778011269999999968e+03 -5.585378120999999751e+00 -5.628855634000000236e+02
2.778008397999999943e+03 -5.587618262000000335e+00 -5.628885007999999743e+02
2.778014247000000069e+03 -5.573420758000000141e+00 -5.628752041999999847e+02
2.778007196000000022e+03 -5.590188450000000309e+00 -5.628891177000000425e+02
2.778014771000000110e+03 -5.573085763999999998e+00 -5.628782936999999720e+02
2.778002947999999833e+03 -5.596023026000000122e+00 -5.628948427999999922e+02
2.778008021000000099e+03 -5.585390451000000311e+00 -5.628860939999999573e+02
2.778003219000000172e+03 -5.596104039000000085e+00 -5.628945571000000427e+02
2.778009615999999824e+03 -5.590555817000000260e+00 -5.628840437999999722e+02
2.778006543999999849e+03 -5.597722364000000006e+00 -5.628915349000000106e+02
2.777994619999999941e+03 -5.627994865999999874e+00 -5.629107355999999527e+02
2.778002555999999913e+03 -5.597958427000000015e+00 -5.628952699999999822e+02
2.778001150000000052e+03 -5.603774709999999715e+00 -5.628999813000000358e+02
2.777995715999999902e+03 -5.622064933999999958e+00 -5.629095747000000074e+02
2.777993465999999898e+03 -5.634658975999999875e+00 -5.629123078000000078e+02
2.777998391999999967e+03 -5.621684634000000180e+00 -5.629054754000000003e+02
2.778002972000000227e+03 -5.594377757000000173e+00 -5.628947940000000472e+02
2.777991548999999850e+03 -5.640165471000000430e+00 -5.629166583999999602e+02
2.778013269999999920e+03 -5.579351447999999714e+00 -5.628784547000000202e+02
2.778006088999999974e+03 -5.591093470999999759e+00 -5.628919570000000476e+02
2.778004411999999775e+03 -5.591181749000000423e+00 -5.628899761999999782e+02
2.778002289999999903e+03 -5.592907503000000169e+00 -5.628911667999999509e+02
2.778001116999999795e+03 -5.603766314999999665e+00 -5.629000876999999718e+02
2.778008049000000028e+03 -5.580756588999999934e+00 -5.628817953999999872e+02
2.777997655000000123e+03 -5.614563605999999929e+00 -5.629054680000000417e+02
2.777999175999999807e+03 -5.608942618999999574e+00 -5.629037988999999698e+02
2.777998060999999780e+03 -5.607608820000000271e+00 -5.629020652000000382e+02
2.777999229999999898e+03 -5.608568142000000201e+00 -5.628998251000000437e+02
2.778002520000000004e+03 -5.601052493000000077e+00 -5.628991015999999945e+02
2.778006382999999914e+03 -5.588865048999999807e+00 -5.628895344999999679e+02
2.778002191000000039e+03 -5.599463021000000040e+00 -5.629002166999999872e+02
2.778000125000000025e+03 -5.605582582000000258e+00 -5.629001491000000215e+02
2.778000098999999864e+03 -5.608067692999999743e+00 -5.629016544999999496e+02
2.778000087999999778e+03 -5.606003592999999618e+00 -5.629022791999999527e+02
2.778000852000000123e+03 -5.599165463000000287e+00 -5.629007573000000093e+02
2.777996903000000202e+03 -5.617056446000000314e+00 -5.629084059000000480e+02
2.778002567999999883e+03 -5.601793414000000304e+00 -5.628977141999999958e+02
2.778005684000000201e+03 -5.593489084999999861e+00 -5.628910157999999910e+02
2.777994759000000158e+03 -5.625330441000000015e+00 -5.629115140000000110e+02
2.777996458999999959e+03 -5.614737744000000141e+00 -5.629065037999999959e+02
2.778000935000000027e+03 -5.606542735999999749e+00 -5.629019646000000421e+02
2.777998505999999907e+03 -5.611154940999999674e+00 -5.629060551000000032e+02
2.777997930999999880e+03 -5.617745378000000400e+00 -5.629074235000000499e+02
2.778000485999999910e+03 -5.599085770000000295e+00 -5.629003847000000178e+02
2.778003459999999905e+03 -5.592645843999999755e+00 -5.628944348999999647e+02
2.778007301000000098e+03 -5.580787736999999638e+00 -5.628842389999999796e+02
2.777994268999999804e+03 -5.624184311999999686e+00 -5.629095535999999811e+02
2.777986158000000160e+03 -5.619874004999999784e+00 -5.629060934999999972e+02
2.778010744000000159e+03 -5.583483164000000443e+00 -5.628853824999999915e+02
2.777995485999999801e+03 -5.614401982000000402e+00 -5.629066665999999941e+02
2.778007845999999972e+03 -5.583351537000000420e+00 -5.628864704999999731e+02
2.777998118999999861e+03 -5.609311414000000440e+00 -5.629042895000000044e+02
2.778005837000000156e+03 -5.589610715000000063e+00 -5.628942501000000220e+02
2.777999452000000019e+03 -5.605533648999999841e+00 -5.629016233999999486e+02
2.778001771000000190e+03 -5.600566823000000305e+00 -5.628978479999999536e+02
2.778013574000000062e+03 -5.574153026000000288e+00 -5.628781626999999617e+02
2.777998391000000083e+03 -5.612693765999999584e+00 -5.629044351999999662e+02
2.777998981000000185e+03 -5.603123229999999566e+00 -5.629027145000000019e+02
2.778002132000000074e+03 -5.592048711000000338e+00 -5.628925643000000036e+02
2.778001490999999987e+03 -5.597056595999999828e+00 -5.628981492000000344e+02
2.777999961999999869e+03 -5.598867252999999877e+00 -5.628972741999999698e+02
2.778016009999999824e+03 -5.562918236999999877e+00 -5.628711095999999543e+02
2.778001635999999962e+03 -5.597703734000000431e+00 -5.628962274000000434e+02
2.777993915000000015e+03 -5.621001820000000038e+00 -5.629083900000000540e+02
2.777991769000000204e+03 -5.631470067999999607e+00 -5.629138036000000511e+02
2.777998333999999886e+03 -5.603968523999999896e+00 -5.629012678000000278e+02
2.777993489999999838e+03 -5.621964752000000232e+00 -5.629116394000000128e+02
2.777996066000000155e+03 -5.605832853999999976e+00 -5.629042352999999821e+02
2.778001921000000038e+03 -5.592899272000000366e+00 -5.628947649000000411e+02
2.778000470999999834e+03 -5.597543929000000418e+00 -5.628967827999999827e+02
2.778006315999999970e+03 -5.587500514000000251e+00 -5.628880884000000151e+02
2.777998959000000013e+03 -5.608649216999999965e+00 -5.629025983000000224e+02
2.777992702999999892e+03 -5.624860865999999682e+00 -5.629108423000000130e+02
2.778007637000000159e+03 -5.577482084999999756e+00 -5.628831305999999586e+02
2.777995679000000109e+03 -5.606205032000000088e+00 -5.629030437000000120e+02
2.778001875999999811e+03 -5.594566063000000256e+00 -5.628957392999999456e+02
2.777999906999999894e+03 -5.596293736999999879e+00 -5.628960747999999512e+02
2.778000055999999859e+03 -5.611056908000000121e+00 -5.629002593999999817e+02
2.778001271999999972e+03 -5.595797200999999887e+00 -5.628951773000000003e+02
2.777995222000000012e+03 -5.617197222999999795e+00 -5.629084805999999617e+02
2.777997315000000071e+03 -5.606517941999999977e+00 -5.629033824000000550e+02
2.778009343000000172e+03 -5.574052674999999901e+00 -5.628805849999999964e+02
2.777992842999999993e+03 -5.624493156999999854e+00 -5.629103076999999757e+02
2.777997370000000046e+03 -5.603383090000000344e+00 -5.629014600000000428e+02
2.778002570000000105e+03 -5.592167984999999675e+00 -5.628922664000000395e+02
2.778005144000000200e+03 -5.584625252999999567e+00 -5.628876950000000079e+02
2.777999354000000039e+03 -5.602837179999999861e+00 -5.629001254999999446e+02
2.777990142999999989e+03 -5.630413955999999942e+00 -5.629145883999999569e+02
2.777998063000000002e+03 -5.597444407000000233e+00 -5.628973995000000059e+02
2.777997979000000214e+03 -5.607374173000000184e+00 -5.628999694999999974e+02
2.778003048000000035e+03 -5.584734885999999676e+00 -5.628925367000000506e+02
2.777997667000000092e+03 -5.607848191000000426e+00 -5.629019349000000147e+02
2.777999611000000186e+03 -5.595513558999999582e+00 -5.628956012999999530e+02
2.778004261000000042e+03 -5.585511892999999617e+00 -5.628887551999999914e+02
2.777995009000000209e+03 -5.613944986999999998e+00 -5.629066272000000026e+02
2.777996005999999852e+03 -5.607000718000000106e+00 -5.629039755000000014e+02
2.777998892000000069e+03 -5.598039159999999903e+00 -5.628966096999999991e+02
2.778005072999999811e+03 -5.577371292999999675e+00 -5.628887324999999464e+02
2.777999111999999968e+03 -5.594890985000000150e+00 -5.628972780999999941e+02
2.778000308000000132e+03 -5.594597207999999711e+00 -5.628954430999999659e+02
2.778000889999999799e+03 -5.594222172000000270e+00 -5.628964744999999539e+02
2.778001929999999902e+03 -5.592649407999999767e+00 -5.628935525000000553e+02
2.778003553000000011e+03 -5.585645453999999788e+00 -5.628880133999999771e+02
2.777986555999999837e+03 -5.639065023999999759e+00 -5.629189599999999700e+02
2.777996188999999958e+03 -5.601401946000000187e+00 -5.628990515000000414e+02
2.778002933000000212e+03 -5.586503516999999697e+00 -5.628885990999999649e+02
2.778005298000000039e+03 -5.581138024999999558e+00 -5.628847769000000199e+02
2.777994047000000137e+03 -5.616718245999999581e+00 -5.629082551000000194e+02
2.777999459999999999e+03 -5.599814880000000272e+00 -5.628928545999999642e+02
2.777998192000000017e+03 -5.598276591000000302e+00 -5.629022509000000127e+02
2.777996422000000166e+03 -5.609274851000000339e+00 -5.629032009999999673e+02
2.777987971999999900e+03 -5.636431058000000327e+00 -5.629179867999999942e+02
2.777994600999999875e+03 -5.610638007000000371e+00 -5.629032968999999866e+02
2.778007093000000168e+03 -5.575297947000000143e+00 -5.628825865000000022e+02
2.777999085999999807e+03 -5.600716558000000234e+00 -5.628997170000000096e+02
2.777999741999999969e+03 -5.591686421000000351e+00 -5.628931115000000318e+02
2.777991924999999810e+03 -5.617627195999999934e+00 -5.629068677999999863e+02
2.777998829000000114e+03 -5.599858479999999972e+00 -5.628962046000000328e+02
2.778000778000000082e+03 -5.596340123000000055e+00 -5.628951752000000397e+02
2.778002260000000206e+03 -5.592148738999999757e+00 -5.628924054000000297e+02
2.777995805999999902e+03 -5.596214978999999978e+00 -5.629005551999999852e+02
2.777994835999999850e+03 -5.618015888999999596e+00 -5.629047080999999935e+02
2.778001536000000215e+03 -5.589571990999999684e+00 -5.628896928000000344e+02
2.778004887999999937e+03 -5.577637237000000248e+00 -5.628825973000000431e+02
2.778001026999999794e+03 -5.590135312000000134e+00 -5.628903519000000415e+02
2.777998214000000189e+03 -5.598718383999999659e+00 -5.628959657000000334e+02
2.778010795000000144e+03 -5.567453923000000415e+00 -5.628753772000000026e+02
2.778012541000000056e+03 -5.563128646000000010e+00 -5.628711729000000332e+02
2.778011774999999943e+03 -5.570927945000000214e+00 -5.628736351999999670e+02
2.778013986999999815e+03 -5.570453235999999642e+00 -5.628724293000000216e+02
2.778001999999999953e+03 -5.592933838999999629e+00 -5.628929669999999987e+02
2.777998866999999791e+03 -5.600687716999999566e+00 -5.628996144000000186e+02
2.778005772999999863e+03 -5.583203700000000325e+00 -5.628841862000000447e+02
2.777995589000000109e+03 -5.606108015000000222e+00 -5.629023727000000008e+02
2.777994474999999966e+03 -5.606846656000000095e+00 -5.629017204000000447e+02
2.778001103999999941e+03 -5.592036181000000106e+00 -5.628926380000000336e+02
2.777998247999999876e+03 -5.590100780000000213e+00 -5.628930636999999706e+02
2.778000121000000036e+03 -5.597158442999999650e+00 -5.628945429000000331e+02
2.778004300000000057e+03 -5.582549557000000107e+00 -5.628836754000000155e+02
2.777999557000000095e+03 -5.597085279999999941e+00 -5.628962332999999489e+02
2.777992737000000034e+03 -5.618663436000000289e+00 -5.629060292000000345e+02
2.777997988999999961e+03 -5.599121068999999729e+00 -5.628954959000000144e+02
2.777997201000000132e+03 -5.602154404000000198e+00 -5.628993966000000455e+02
2.777992197999999917e+03 -5.610837791999999880e+00 -5.629050019000000020e+02
2.382042930000000069e+03 6.574971807999999918e+00 -4.856256129999999871e+02
2.777994489000000158e+03 -5.602464478999999997e+00 -5.629010858999999982e+02
2.777998923000000104e+03 -5.592967929000000282e+00 -5.628917330000000447e+02
2.778001862999999958e+03 -5.590096673999999766e+00 -5.628862791999999899e+02
2.778011210000000119e+03 -5.574756044999999993e+00 -5.628724979999999505e+02
2.777998343000000204e+03 -5.599239025000000147e+00 -5.628976559999999836e+02
2.778003803000000062e+03 -5.582419566999999638e+00 -5.628841043999999556e+02
2.777995825999999852e+03 -5.597773626000000391e+00 -5.628968068000000358e+02
2.777997359999999844e+03 -5.607266036000000398e+00 -5.628962110999999595e+02
2.777995727999999872e+03 -5.599553255000000007e+00 -5.628965652000000546e+02
2.778001264999999876e+03 -5.587508797999999999e+00 -5.628901673000000301e+02
2.778000113999999940e+03 -5.594624246999999606e+00 -5.628924352999999883e+02
2.777990830000000187e+03 -5.621357554000000256e+00 -5.629113224999999829e+02
2.778009681999999884e+03 -5.569286744000000233e+00 -5.628741046000000097e+02
2.777990315000000010e+03 -5.619394051999999640e+00 -5.629081975999999941e+02
2.778000575000000026e+03 -5.592358581000000051e+00 -5.628887224000000060e+02
2.777987427999999909e+03 -5.634352068000000102e+00 -5.629138430000000426e+02
2.777995422999999846e+03 -5.605357688999999866e+00 -5.628966556999999966e+02
2.777995790999999826e+03 -5.599402921000000255e+00 -5.628950634999999920e+02
2.778001049999999850e+03 -5.586187609000000442e+00 -5.628917646999999533e+02
2.777992378999999801e+03 -5.615090619000000061e+00 -5.629040658999999778e+02
2.777997773000000052e+03 -5.593603567999999804e+00 -5.628930004999999710e+02
2.777999386999999842e+03 -5.591236960999999894e+00 -5.628912447000000157e+02
2.777998703000000205e+03 -5.595446087000000013e+00 -5.628939738000000261e+02
2.777994205999999849e+03 -5.615612672000000138e+00 -5.629061964999999645e+02
2.777992924000000130e+03 -5.607101451000000125e+00 -5.629024388000000272e+02
2.777998814999999922e+03 -5.591364302999999758e+00 -5.628926202000000103e+02
2.778000634999999875e+03 -5.589884449999999561e+00 -5.628910971999999902e+02
2.777996579999999994e+03 -5.604875292000000009e+00 -5.628997945999999502e+02
2.777999887999999828e+03 -5.589058699999999824e+00 -5.628891971000000467e+02
2.778000437000000147e+03 -5.586079973000000365e+00 -5.628884359999999560e+02
2.778002641000000040e+03 -5.582194723999999830e+00 -5.628847758000000567e+02
2.778006224000000202e+03 -5.575305359999999766e+00 -5.628797329999999874e+02
2.777999655000000075e+03 -5.588488822000000411e+00 -5.628899268000000120e+02
2.777995379999999841e+03 -5.605171268000000317e+00 -5.628992891000000327e+02
2.777994099000000006e+03 -5.605147140999999777e+00 -5.629000433999999586e+02
2.778001757999999882e+03 -5.579634616999999963e+00 -5.628858130999999503e+02
2.777997961999999916e+03 -5.595428725999999742e+00 -5.628919049999999515e+02
2.777995250999999826e+03 -5.605285617999999914e+00 -5.629028885000000173e+02
2.777992219000000205e+03 -5.611135520000000376e+00 -5.629058608999999933e+02
2.778005008000000089e+03 -5.578156544999999689e+00 -5.628795708000000104e+02
2.777994072999999844e+03 -5.600083148999999594e+00 -5.628982257999999774e+02
2.777999186000000009e+03 -5.593651971999999972e+00 -5.628900773999999956e+02
2.777986017000000174e+03 -5.632927759000000201e+00 -5.629143871999999647e+02
2.777993030000000090e+03 -5.610371261000000054e+00 -5.629018743999999970e+02
2.777992212999999992e+03 -5.601691875000000209e+00 -5.629001504999999952e+02
2.777998352000000068e+03 -5.590852297999999720e+00 -5.628906044000000293e+02
2.777996345999999903e+03 -5.593543727000000132e+00 -5.628903126000000157e+02
2.777999268000000029e+03 -5.588653961000000336e+00 -5.628873714999999720e+02
2.777995874000000185e+03 -5.601760677999999771e+00 -5.628978593000000501e+02
2.778001267999999982e+03 -5.586918413000000250e+00 -5.628886400000000094e+02
2.777994620999999825e+03 -5.599485355999999747e+00 -5.628989090000000033e+02
2.777996633000000202e+03 -5.596111164999999943e+00 -5.628954723000000513e+02
2.778003781999999774e+03 -5.578809860999999870e+00 -5.628819400999999516e+02
2.778000097000000096e+03 -5.581343612999999593e+00 -5.628867182999999841e+02
2.778003040000000055e+03 -5.582194100999999797e+00 -5.628837092999999641e+02
2.777998609000000215e+03 -5.593829655999999595e+00 -5.628956120999999939e+02
2.777996438000000126e+03 -5.596128726999999969e+00 -5.628964838000000555e+02
2.778000591999999870e+03 -5.586240332000000031e+00 -5.628887968000000228e+02
2.777994149000000107e+03 -5.599897856000000118e+00 -5.629009012000000212e+02
2.777999807000000146e+03 -5.586139124999999872e+00 -5.628875399999999445e+02
2.777997490000000198e+03 -5.597219916000000239e+00 -5.628955175999999483e+02
2.777988214999999855e+03 -5.619064028000000377e+00 -5.629092617000000018e+02
2.777994980999999825e+03 -5.599408461000000337e+00 -5.629001408999999967e+02
2.777998983999999837e+03 -5.595474938999999814e+00 -5.628954244999999901e+02
2.777989791999999852e+03 -5.623569190999999634e+00 -5.629107317000000421e+02
2.778004757000000154e+03 -5.581336993999999940e+00 -5.628840695000000096e+02
2.777996921999999813e+03 -5.597893593000000223e+00 -5.628962142000000313e+02
2.778000914000000193e+03 -5.590061828999999705e+00 -5.628900101000000404e+02
2.777989114999999856e+03 -5.620983729999999845e+00 -5.629075625000000400e+02
2.777996341999999913e+03 -5.601935089000000367e+00 -5.628960908999999901e+02
2.777996350999999777e+03 -5.596173364000000205e+00 -5.629005256000000372e+02
2.778000223999999889e+03 -5.582148569000000116e+00 -5.628898712000000160e+02
2.777993414000000030e+03 -5.602914500999999881e+00 -5.628999754999999823e+02
2.777993966000000000e+03 -5.600999253000000344e+00 -5.628995194999999967e+02
2.777997045000000071e+03 -5.593632169000000154e+00 -5.628939542000000529e+02
2.778005262000000130e+03 -5.572276616999999987e+00 -5.628799929000000475e+02
2.778009935000000041e+03 -5.565524543999999629e+00 -5.628752600999999913e+02
2.778004070999999840e+03 -5.578005798999999598e+00 -5.628806803999999602e+02
2.777997577999999976e+03 -5.595827829000000087e+00 -5.628944102000000385e+02
2.777997871999999916e+03 -5.591477594999999745e+00 -5.628927571000000398e+02
2.777995673999999781e+03 -5.599629707000000067e+00 -5.628976354999999785e+02
2.777997302000000218e+03 -5.589661511000000083e+00 -5.628918895000000475e+02
2.777993356999999833e+03 -5.608370104999999661e+00 -5.629005681999999524e+02
2.778002962000000025e+03 -5.584282691000000298e+00 -5.628832912000000306e+02
2.777993789000000106e+03 -5.605731580999999686e+00 -5.629016477000000123e+02
2.777997864999999820e+03 -5.593117850999999696e+00 -5.628925381999999900e+02
2.777991258999999900e+03 -5.608187285999999716e+00 -5.629060504000000265e+02
2.777994988999999805e+03 -5.602744967999999659e+00 -5.629004129999999577e+02
2.777992216999999982e+03 -5.604681057999999716e+00 -5.629000092999999652e+02
2.777990037000000029e+03 -5.611104530000000423e+00 -5.629035153999999466e+02
2.777992968999999903e+03 -5.604503633000000207e+00 -5.629014915999999857e+02
2.777990220000000136e+03 -5.610435547999999883e+00 -5.629030943000000207e+02
2.777997875999999906e+03 -5.587430516000000402e+00 -5.628916921999999659e+02
2.777992146000000048e+03 -5.601473023999999690e+00 -5.629027781999999434e+02
2.778006996000000072e+03 -5.568300545999999684e+00 -5.628795625000000200e+02
2.777999439000000166e+03 -5.584354435999999922e+00 -5.628898444999999811e+02
2.777992076999999881e+03 -5.608021137999999794e+00 -5.629050799999999981e+02
2.777996207000000140e+03 -5.604214104000000418e+00 -5.628953957999999602e+02
2.777988511000000017e+03 -5.620348144000000268e+00 -5.629089009000000488e+02
2.777996238000000176e+03 -5.598510162000000179e+00 -5.628948289999999588e+02
2.777991704999999911e+03 -5.606064850000000099e+00 -5.629031860000000052e+02
2.777997477999999774e+03 -5.594408631000000298e+00 -5.628933323999999629e+02
2.777984996000000137e+03 -5.633110029000000019e+00 -5.629155408000000307e+02
2.777994880000000194e+03 -5.602858123999999940e+00 -5.628965649000000440e+02
2.777998321999999916e+03 -5.587389618999999641e+00 -5.628896802000000434e+02
2.777995186000000103e+03 -5.594197924999999572e+00 -5.628934749000000011e+02
2.777994185000000016e+03 -5.605152608000000036e+00 -5.628997603000000254e+02
2.777993507000000136e+03 -5.603664253999999900e+00 -5.628991944000000558e+02
2.777996936000000005e+03 -5.592717262999999939e+00 -5.628913897999999563e+02
2.777994482000000062e+03 -5.598569665000000306e+00 -5.629023965999999746e+02
2.777985890999999810e+03 -5.624109303000000004e+00 -5.629082164000000148e+02
2.777988154000000122e+03 -5.611067378999999633e+00 -5.629049390000000130e+02
2.777997026999999889e+03 -5.595008335000000166e+00 -5.628933078999999680e+02
2.777994403000000148e+03 -5.597657651999999651e+00 -5.628962917000000061e+02
2.777993562000000111e+03 -5.604297994999999588e+00 -5.628972506000000067e+02
2.778005662999999913e+03 -5.575036024000000090e+00 -5.628778442999999925e+02
2.777992737999999918e+03 -5.594903058999999956e+00 -5.628962927999999692e+02
2.778004535000000033e+03 -5.570878044999999723e+00 -5.628782932000000301e+02
2.777984758000000056e+03 -5.627375601999999866e+00 -5.629110664999999472e+02
2.777985588999999891e+03 -5.629991938999999945e+00 -5.629128749000000198e+02
2.777998283999999785e+03 -5.589390018999999654e+00 -5.628881512000000384e+02
2.777996573999999782e+03 -5.589010898999999810e+00 -5.628913164000000506e+02
2.777999968000000081e+03 -5.584171882999999781e+00 -5.628833990000000540e+02
2.777992198999999800e+03 -5.610283478999999573e+00 -5.629015341000000490e+02
2.777992745999999897e+03 -5.596457370000000431e+00 -5.629004592000000002e+02
2.777998239000000012e+03 -5.585400946000000033e+00 -5.628905683000000408e+02
2.777989892999999938e+03 -5.605412927999999795e+00 -5.628997590999999829e+02
2.777990350999999919e+03 -5.612887871999999945e+00 -5.629047008999999662e+02
0.000000000000000000e+00 0.000000000000000000e+00 0.000000000000000000e+00
2.777994215000000167e+03 -5.606106858999999609e+00 -5.628973322000000508e+02
2.777996391000000131e+03 -5.592274450999999758e+00 -5.628930135000000519e+02
2.777997170999999980e+03 -5.594138207000000307e+00 -5.628901051000000280e+02
2.777981541999999990e+03 -5.636058433999999728e+00 -5.629157866000000467e+02
2.777998907000000145e+03 -5.583565831999999673e+00 -5.628822401999999556e+02
2.777985757999999805e+03 -5.626663373999999607e+00 -5.629121662999999671e+02
2.777997260999999980e+03 -5.593072524000000101e+00 -5.628888176000000385e+02
2.778000621000000137e+03 -5.577385725000000072e+00 -5.628824825000000374e+02
2.777990780000000086e+03 -5.609310424000000239e+00 -5.629010567999999921e+02
2.777988876999999775e+03 -5.607775172000000197e+00 -5.629000174999999899e+02
2.777995237000000088e+03 -5.596563890999999735e+00 -5.628893960000000334e+02
2.777994853000000148e+03 -5.593141790999999863e+00 -5.628900971000000482e+02
2.777992608000000018e+03 -5.594740135000000336e+00 -5.628920623000000205e+02
2.777993852999999945e+03 -5.599969669000000039e+00 -5.628949076000000105e+02
2.777991516999999931e+03 -5.602048101000000280e+00 -5.628981479000000263e+02
2.777987852000000203e+03 -5.613537874000000372e+00 -5.629051309999999830e+02
2.777995516999999836e+03 -5.593267958000000206e+00 -5.628898895999999468e+02
2.778004804000000149e+03 -5.571985624999999942e+00 -5.628728961000000481e+02
2.778000704999999925e+03 -5.582986206000000173e+00 -5.628817320000000564e+02
2.777982906000000185e+03 -5.631480484999999980e+00 -5.629118485999999848e+02
2.778001283999999941e+03 -5.578266120000000328e+00 -5.628765644999999722e+02
2.778004643000000215e+03 -5.574908531000000167e+00 -5.628749315000000024e+02
2.777993573000000197e+03 -5.599213880999999837e+00 -5.628901832000000240e+02
2.777991203999999925e+03 -5.602561833000000213e+00 -5.628962765999999647e+02
2.777993372999999792e+03 -5.593808690000000361e+00 -5.628896806000000197e+02
2.777996110999999928e+03 -5.590824257999999602e+00 -5.628885825999999497e+02
2.777991997999999967e+03 -5.603422894000000376e+00 -5.628957286999999496e+02
2.777989411000000018e+03 -5.605017593000000353e+00 -5.628966911999999638e+02
2.777986428000000160e+03 -5.609588268000000433e+00 -5.629004039999999804e+02
2.777991689999999835e+03 -5.598398350000000079e+00 -5.628937333999999737e+02
2.777989555000000109e+03 -5.604490701999999658e+00 -5.628939683999999488e+02
2.777993171999999959e+03 -5.592624199000000296e+00 -5.628923760999999786e+02
2.777993242000000009e+03 -5.599537451999999860e+00 -5.628915980000000445e+02
2.777992223000000195e+03 -5.602108546000000189e+00 -5.628932349000000386e+02
2.777989262000000053e+03 -5.603434851000000272e+00 -5.628971351000000141e+02
2.777988025999999991e+03 -5.611281717999999863e+00 -5.629009991000000355e+02
2.777993520999999873e+03 -5.592218603000000066e+00 -5.628863595999999916e+02
2.777989959999999883e+03 -5.603305846999999673e+00 -5.628915932999999541e+02
2.777984593000000132e+03 -5.618468008999999874e+00 -5.629043305999999802e+02
2.777987285000000156e+03 -5.607717734999999593e+00 -5.629004440999999588e+02
2.777996364999999969e+03 -5.583766429999999836e+00 -5.628839880000000448e+02
2.777982160999999905e+03 -5.629576903000000243e+00 -5.629097109000000501e+02
2.777984367000000020e+03 -5.612671663000000422e+00 -5.629039162000000260e+02
2.777997045999999955e+03 -5.580679149999999922e+00 -5.628761854000000540e+02
2.777992095000000063e+03 -5.600979740999999734e+00 -5.628898425999999517e+02
2.777986941999999999e+03 -5.605581210999999620e+00 -5.628964382999999998e+02
2.777998536000000058e+03 -5.574770513999999899e+00 -5.628774085999999670e+02
2.777997808000000077e+03 -5.582704838999999808e+00 -5.628769859999999881e+02
2.777999447000000146e+03 -5.576207518000000363e+00 -5.628760760999999775e+02
2.777991156000000046e+03 -5.593815872000000411e+00 -5.628885345999999572e+02
2.777991050999999970e+03 -5.596458987000000107e+00 -5.628897384000000557e+02
2.777990765000000010e+03 -5.597401855000000204e+00 -5.628903563000000076e+02
2.777988193000000138e+03 -5.601889117999999890e+00 -5.628916854999999941e+02
2.777983150999999907e+03 -5.618709230000000332e+00 -5.629031972000000223e+02
2.777998372999999901e+03 -5.575536910000000290e+00 -5.628729323999999679e+02
2.777993652999999995e+03 -5.584035985999999951e+00 -5.628805062999999791e+02
2.777986120000000028e+03 -5.611722806999999591e+00 -5.628988279000000148e+02
2.777995691000000079e+03 -5.583414118000000315e+00 -5.628839050000000270e+02
2.777990405999999894e+03 -5.594934508999999778e+00 -5.628918650000000525e+02
2.777991908999999850e+03 -5.591343812999999940e+00 -5.628841244000000188e+02
2.777985462000000098e+03 -5.611582034999999635e+00 -5.629009446000000025e+02
2.777992615999999998e+03 -5.591689091000000111e+00 -5.628830778999999893e+02
2.777986487000000125e+03 -5.609455817999999816e+00 -5.628939393000000564e+02
2.777980055999999877e+03 -5.630392977999999715e+00 -5.629074838999999884e+02
2.777993014000000130e+03 -5.590242919999999671e+00 -5.628823585999999750e+02
2.777988033999999971e+03 -5.604660789000000420e+00 -5.628948450999999977e+02
0.000000000000000000e+00 0.000000000000000000e+00 0.000000000000000000e+00
2.777986151999999947e+03 -5.612220327000000175e+00 -5.628994821000000002e+02
2.777985580000000027e+03 -5.612143709999999786e+00 -5.629015865999999733e+02
2.777984683000000132e+03 -5.606932128000000404e+00 -5.628969561000000112e+02
2.777991971999999805e+03 -5.588034792000000195e+00 -5.628842571000000135e+02
2.777987128000000212e+03 -5.599345660000000002e+00 -5.628930765999999721e+02
2.777990693000000192e+03 -5.592401867000000415e+00 -5.628867245999999795e+02
2.777984472999999980e+03 -5.606044984000000397e+00 -5.628962368999999626e+02
2.777990425999999843e+03 -5.596703398999999912e+00 -5.628872510999999577e+02
2.777983298999999988e+03 -5.610166730999999629e+00 -5.628963800000000219e+02
2.777989696000000095e+03 -5.590697597000000130e+00 -5.628859591000000364e+02
2.777990723999999773e+03 -5.597757448000000302e+00 -5.628851981000000251e+02
2.777990267000000131e+03 -5.593936148000000053e+00 -5.628862554999999475e+02
2.777988472000000002e+03 -5.594363076999999684e+00 -5.628898034000000052e+02
2.777994830000000093e+03 -5.579755379999999931e+00 -5.628748586000000387e+02
2.777990745000000061e+03 -5.589301566999999693e+00 -5.628834282999999914e+02
2.777990494000000126e+03 -5.593180041000000102e+00 -5.628850321999999551e+02
2.777987438000000111e+03 -5.601184207000000193e+00 -5.628905739000000494e+02
2.777978775000000041e+03 -5.623858010000000185e+00 -5.629030001999999513e+02
2.777990005999999994e+03 -5.593462671000000164e+00 -5.628859313000000384e+02
2.777989052999999785e+03 -5.593517996000000103e+00 -5.628869095000000016e+02
2.777993840000000091e+03 -5.593478462000000206e+00 -5.628804520999999568e+02
2.777999135000000024e+03 -5.573885433000000056e+00 -5.628710942999999816e+02
2.777990295999999944e+03 -5.587558311000000444e+00 -5.628866534999999658e+02
2.777986009000000195e+03 -5.597022349999999591e+00 -5.628887561000000233e+02
2.777981538000000000e+03 -5.611123085000000010e+00 -5.628974181999999473e+02
2.777986335999999937e+03 -5.598039434000000369e+00 -5.628890132999999878e+02
2.777990440000000035e+03 -5.584734964999999995e+00 -5.628850677000000360e+02
2.777987896999999975e+03 -5.592310949999999892e+00 -5.628892138999999588e+02
2.777986588000000211e+03 -5.593736084999999747e+00 -5.628888302000000294e+02
2.777990377000000080e+03 -5.591096259000000401e+00 -5.628792911000000458e+02
2.777988037000000077e+03 -5.596128380999999763e+00 -5.628878558999999768e+02
2.777983036000000084e+03 -5.608659351000000015e+00 -5.628952878999999712e+02
2.777980028999999831e+03 -5.613823442000000163e+00 -5.628990843000000268e+02
2.777982041000000208e+03 -5.605261201000000248e+00 -5.628951942999999574e+02
2.777980238000000099e+03 -5.614597251000000178e+00 -5.629005280000000084e+02
2.777992096999999831e+03 -5.584075944000000291e+00 -5.628778493999999455e+02
2.777995433999999932e+03 -5.574764857999999990e+00 -5.628692770000000110e+02
2.777977527999999893e+03 -5.622559694999999635e+00 -5.629016540000000077e+02
2.777989165999999841e+03 -5.589335360999999835e+00 -5.628803789999999481e+02
2.777986171000000013e+03 -5.595610913999999880e+00 -5.628888078999999607e+02
2.777978536999999960e+03 -5.618136124000000287e+00 -5.629014449999999670e+02
2.777988801999999851e+03 -5.589691078000000424e+00 -5.628823716000000559e+02
2.777982156000000032e+03 -5.595936032000000004e+00 -5.628890368999999509e+02
2.777993812000000162e+03 -5.576143298999999942e+00 -5.628705459999999903e+02
2.777980293999999958e+03 -5.606837834000000242e+00 -5.628958953999999721e+02
2.777979968999999983e+03 -5.608423012000000263e+00 -5.628957789999999477e+02
2.777983616999999867e+03 -5.593052145999999780e+00 -5.628858037999999624e+02
2.777985592999999881e+03 -5.594473642999999718e+00 -5.628865846999999576e+02
2.777980055999999877e+03 -5.615283360000000279e+00 -5.628994255000000067e+02
2.777985008999999991e+03 -5.588888564000000336e+00 -5.628836986999999681e+02
2.777980473000000075e+03 -5.612323624000000066e+00 -5.628932512999999744e+02
2.777979988000000048e+03 -5.610125543999999742e+00 -5.628954744999999775e+02
2.777986451000000216e+03 -5.593826270000000100e+00 -5.628845055000000457e+02
2.777988445999999840e+03 -5.586083376999999572e+00 -5.628783379999999852e+02
2.777982654999999795e+03 -5.602586264000000149e+00 -5.628916447999999946e+02
2.777994552000000112e+03 -5.566656247000000057e+00 -5.628714682999999468e+02
2.777982376999999815e+03 -5.595129756000000398e+00 -5.628890378999999484e+02
2.777994544000000133e+03 -5.571424009000000233e+00 -5.628667156000000205e+02
2.777970261999999821e+03 -5.638432402000000288e+00 -5.629116917999999714e+02
0.000000000000000000e+00 0.000000000000000000e+00 0.000000000000000000e+00
2.777983815999999933e+03 -5.597695900999999807e+00 -5.628883594000000130e+02
2.777984029000000191e+03 -5.598117113999999894e+00 -5.628865057000000434e+02
2.777989908000000014e+03 -5.590015390999999667e+00 -5.628803875999999491e+02
2.777971876999999949e+03 -5.636462920999999682e+00 -5.629088079000000562e+02
2.777973037000000204e+03 -5.630507942999999571e+00 -5.629072271000000001e+02
2.777981726999999864e+03 -5.601985884000000304e+00 -5.628920712999999978e+02
2.777989442999999937e+03 -5.582248636000000097e+00 -5.628770018999999820e+02
2.777984942999999930e+03 -5.585584203999999886e+00 -5.628855194999999867e+02
2.777986111000000164e+03 -5.594008962000000196e+00 -5.628866349999999557e+02
2.777976281000000199e+03 -5.620180071000000055e+00 -5.629019299999999930e+02
2.777979139000000032e+03 -5.607129264000000113e+00 -5.628953160999999454e+02
2.777986964000000171e+03 -5.600612522999999676e+00 -5.628818350000000237e+02
2.777983529999999973e+03 -5.596764229999999785e+00 -5.628909370999999737e+02
2.777979366999999911e+03 -5.613203678999999724e+00 -5.628983673000000181e+02
2.777982414000000063e+03 -5.598216599999999765e+00 -5.628883224999999584e+02
2.777986303000000134e+03 -5.594404897999999626e+00 -5.628827530999999453e+02
2.777982484999999997e+03 -5.598892355000000265e+00 -5.628877340999999888e+02
2.777979308999999830e+03 -5.611529833999999717e+00 -5.628994463999999880e+02
2.777985303999999815e+03 -5.592983846000000092e+00 -5.628822876000000406e+02
2.777977786999999807e+03 -5.603171062000000369e+00 -5.628932651999999734e+02
2.777980547999999999e+03 -5.605537405999999834e+00 -5.628924346000000014e+02
2.777985454000000118e+03 -5.586785608999999653e+00 -5.628802351000000499e+02
2.777992036999999982e+03 -5.575259162000000046e+00 -5.628711746000000176e+02
