2.641549556999999822e+03 1.622137892000000079e+02 -7.852214156999999695e+00
2.890978438999999980e+03 3.359332161999999755e+01 -1.932947981000000084e+02
2.723169433999999910e+03 -1.295348708999999943e+01 -5.341126331000000249e+01
2.988178256000000147e+03 -1.372581116000000065e+02 -2.402331026999999892e+02
2.405320900000000165e+03 1.962300912999999980e+02 -2.756142305999999849e+02
2.789513507000000118e+03 -7.658956224000000645e+01 4.297777985999999828e+01
2.632839652000000115e+03 6.167712486000000354e+02 -2.601927794000000063e+02
2.878971470999999838e+03 1.359342996999999968e+02 -1.009545119000000035e+01
2.630713885000000118e+03 2.667706339999999727e+02 -2.622940714000000071e+02
2.902780952999999954e+03 1.794825507999999914e+01 -4.912255703000000295e+01
2.544968151999999918e+03 3.288332391999999800e+02 1.721077311999999893e+01
2.726083565999999792e+03 3.375740559999999846e+02 2.353892292999999825e+01
2.863167667000000165e+03 7.544237042999999687e+01 2.434871932000000072e+01
2.501693390999999792e+03 4.242033068000000071e+02 -1.327450930999999912e+02
2.656916529000000082e+03 -2.472968724000000122e+02 -3.898103585999999723e+02
2.644226744000000053e+03 4.387514984999999967e+01 -1.201642786999999970e+02
2.560954118999999992e+03 -5.590266985000000233e+01 -7.168738233000000548e+01
2.807721305000000029e+03 2.425746127000000030e+01 2.899548652000000004e+01
2.448908961999999974e+03 4.895789037000000121e+02 -2.230723154000000079e+02
2.718098653000000013e+03 2.064247264999999913e+02 4.197642256999999688e+01
2.536431606999999985e+03 6.476918677999999829e+01 -2.352435901000000058e+02
2.500168397999999797e+03 -9.067840221999999528e+01 -3.866933819000000199e+02
2.817568690999999944e+03 3.286658975000000282e+02 -3.688930424000000130e+01
2.631314070999999785e+03 8.136138309999999763e+00 -1.892583542000000136e+02
2.452131147000000055e+03 8.552283063000000141e+01 -4.067351191999999855e+02
2.701672905999999784e+03 4.019335712999999828e+02 -4.035438608999999843e+01
2.702865405000000010e+03 1.155600165000000032e+02 -9.089542853999999750e+01
2.766085067999999865e+03 -2.706524999000000093e+02 -3.614792204999999967e+02
2.904645003999999972e+03 -4.375475303999999710e+01 -2.284503287999999941e+02
2.448243895000000066e+03 3.615786760000000299e+01 -7.959557904999999778e+01
2.516799156999999923e+03 3.555299421999999936e+02 -7.747747646000000543e+01
2.721250223999999889e+03 3.206403877999999850e+02 7.804437576999999848e+00
2.670839516999999887e+03 5.262053564000000279e+02 -2.089558926999999926e+02
2.302951086000000032e+03 3.383909952999999859e+02 -3.499003447000000051e+02
2.660133404000000155e+03 3.582536789000000113e+02 4.986340670999999958e+01
2.766791487999999845e+03 4.819008812000000148e+02 -1.675328825999999935e+02
2.865855951999999888e+03 -2.028519584999999950e+02 -2.295564757999999870e+02
2.626572236999999859e+03 4.444132688999999914e+01 -1.218758761999999933e+02
2.717950710999999956e+03 -9.516930782999999394e+00 -1.197900060000000053e+02
2.770350868999999875e+03 -1.030962916999999948e+02 -1.598686417000000120e+02
2.515351302000000032e+03 1.752259880999999950e+02 -2.778390863000000195e+02
2.740928844999999910e+03 1.759867281999999875e+02 9.620196088000000145e+01
2.513244087000000036e+03 2.938434604000000263e+02 -1.660958898000000090e+02
2.602105637999999999e+03 1.491244780000000105e+02 -9.211006294999999966e+01
2.797146592999999939e+03 -9.571413214000000380e+01 -1.195430704999999989e+02
2.684893249000000196e+03 1.999464256999999918e+02 -1.514942152000000135e+02
2.761826227999999901e+03 2.305684089000000085e+02 1.114492106999999947e+02
2.595365010999999868e+03 5.190103107999999565e+02 -5.371523123000000055e+01
2.373394941999999901e+03 3.146429875000000038e+02 -1.468300859000000003e+02
2.747322685000000092e+03 -2.047795553999999925e+02 -1.848497361000000012e+02
2.507384000999999898e+03 -7.657949093000000573e+01 -3.871190568000000098e+02
2.586432719999999790e+03 3.734138275999999905e+02 -1.386388547999999901e+02
2.564598774000000049e+03 5.821784403000000339e+02 -1.681130269999999882e+02
3.039246790000000146e+03 -3.320673004999999733e+01 2.409169084999999910e+01
2.908838745999999901e+03 5.336702572000000089e+01 1.266247230999999971e+02
2.559382128000000193e+03 1.382487700000000075e+02 -3.545878576000000066e+02
2.554514059999999972e+03 2.378592993000000035e+02 -1.477090913000000114e+02
2.677151919999999791e+03 2.697908717000000252e+02 -2.339933059000000171e+01
2.805874107999999978e+03 4.430029536999999777e+02 -5.557526199000000133e+01
2.681964109000000008e+03 -2.153775500000000136e+02 -2.916382055999999920e+02
2.851351658999999927e+03 -1.412277345999999909e+02 -1.843569588999999951e+02
2.747157757999999831e+03 3.192913793999999825e+02 -6.168039346999999850e+01
2.650341917000000194e+03 -9.611530666000000167e+01 -3.352470271999999909e+02
3.018309592999999950e+03 2.553981094000000098e+02 1.137317912000000035e+02
2.686875926000000163e+03 2.863427027999999837e+02 -2.474704680000000110e+02
2.629005062000000180e+03 1.119183663999999965e+02 -8.872871650999999815e+01
2.804604648999999881e+03 -1.011966589999999968e+02 -1.561935986999999955e+02
2.643502418999999918e+03 -1.467179307000000108e+02 -3.891733585999999718e+02
2.933736910999999964e+03 2.078509731999999985e+02 7.091586807000000192e+01
2.807376213999999891e+03 2.849092714000000228e+02 -1.919745944000000009e+02
3.053383016000000225e+03 -1.542735613000000114e+02 -4.645513507999999803e+01
2.459642953000000034e+03 3.234422976000000176e+02 -3.793226321999999868e+02
2.404135298000000148e+03 5.393992673999999710e+01 -1.963278728999999885e+02
2.474394159999999829e+03 2.632871784000000162e+02 1.185682650000000038e+01
2.626855122999999821e+03 5.863011193999999477e+02 -1.714009584000000075e+02
2.412859214000000065e+03 9.112133509000000231e+01 -2.448885234999999909e+02
2.604949153000000024e+03 2.495176917000000003e+02 4.794574783000000195e+01
2.924384083999999802e+03 -1.471294455999999968e+02 -3.461055299000000218e+01
2.581861609999999928e+03 2.319119962000000044e+02 -9.239796203000000219e+01
2.621422554000000218e+03 5.521207672000000457e+02 -1.229728467000000052e+02
2.483753510999999889e+03 3.008410094000000186e+02 -1.071460600000000056e+02
2.496241536999999880e+03 7.382972657000000538e+01 -1.181864194000000055e+02
2.823676124000000073e+03 3.251509727999999768e+02 1.212122714000000059e+02
2.594226971999999932e+03 3.213954754000000094e+02 -2.220769223000000068e+02
2.379247796000000108e+03 3.412351901000000254e+01 -3.055742832000000249e+02
2.739237940999999864e+03 6.879793634000000111e+02 -6.094257374000000027e+01
2.847289523999999801e+03 1.343702828000000125e+02 -1.329292489999999987e+02
2.897685785000000124e+03 1.498071091000000088e+01 -1.112601204999999993e+02
2.618767631000000165e+03 -1.700637940999999955e+02 -4.018570285000000126e+02
2.504390565000000151e+03 2.598759640999999831e+01 -2.825930382999999892e+02
2.868286136000000170e+03 3.016504504999999980e+01 -1.485326348000000110e+02
2.556343653999999788e+03 3.665571884999999952e+02 -2.433392345999999975e+02
2.947062996000000112e+03 -1.516696217999999874e+02 -2.496199719999999900e+02
2.675524751999999808e+03 3.887567806999999789e+02 -2.417710859999999968e+02
2.333430245000000014e+03 2.144662509000000057e+02 -3.505097274999999968e+02
2.577658281999999872e+03 7.430224610999999868e+02 -3.568520153000000050e+02
2.703652966999999990e+03 2.172671981999999957e+02 8.916984333000000262e+00
2.458974369999999908e+03 2.524812081999999975e+02 -2.231048054999999977e+02
2.570097677000000203e+03 1.835429392000000064e+02 -1.656734112999999979e+02
2.519153659000000061e+03 1.306350107000000094e+02 -1.006726481000000035e+02
2.845659486000000015e+03 1.616640860999999916e+02 -4.391432926000000236e+01
2.737745805999999902e+03 4.489105741000000194e+01 6.527271469999999454e+01
2.620007994999999937e+03 3.125331198999999742e+02 4.544156255000000044e+01
2.613665007999999943e+03 2.093825123000000019e+02 1.072396013999999980e+02
2.563655167999999776e+03 3.217267835000000105e+02 -2.888287263000000280e+02
2.492949524000000110e+03 1.667592596000000071e+02 -3.028302592000000004e+02
2.535166270000000168e+03 -4.633554104000000251e+01 -3.074048285000000078e+02
2.414209792999999991e+03 9.429402301999999736e+01 -9.932412635000000023e+01
2.663058246999999938e+03 -2.308311550999999895e+02 -4.109116741999999931e+02
2.471603071999999884e+03 8.183387971000000505e+01 -1.631153970999999956e+02
2.441460361999999805e+03 3.170030682999999954e+02 -1.672641174999999976e+02
2.683374874999999975e+03 3.330134840000000054e+02 8.252455428999999398e+00
2.588701038000000153e+03 2.415174082000000055e+01 -6.075572154000000324e+01
2.542830339999999978e+03 2.805651407999999947e+02 -7.074884538000000589e+01
2.871727862000000187e+03 2.725341669000000024e+02 -1.023236368000000027e+02
2.423054385999999795e+03 -2.544971439000000046e+01 -3.765213797999999770e+02
2.735553266999999778e+03 1.764222023000000092e+02 -9.626297517999999798e+01
2.609443787000000157e+03 6.327170499999999720e+02 -1.294863207999999872e+02
2.606155300999999781e+03 2.840698183000000085e+02 -2.769694516000000135e+02
2.409996414000000186e+03 1.275318062999999995e+02 -3.525873141999999802e+02
2.841898341000000073e+03 3.517796857999999816e+02 -6.948283320000000174e+01
2.491427098999999998e+03 -1.297602573000000064e+02 -3.863245402000000013e+02
2.796762275999999929e+03 -2.737648118999999980e+01 -2.007667895999999885e+01
2.753993489999999838e+03 -2.016710128999999938e+02 -2.352847821999999951e+02
2.766832905000000210e+03 1.318738974999999982e+02 -1.593790836999999954e+02
2.497041639999999916e+03 3.432598550000000159e+02 -1.007510523000000013e+01
2.507312418999999863e+03 5.307790015000000494e+02 -1.415250918000000127e+02
2.833893151000000216e+03 2.256039642000000072e+02 -1.589439275999999950e+02
2.757052941999999803e+03 -9.732145090000000209e+01 -1.990643847000000051e+02
2.585336220000000139e+03 2.975221698999999944e+02 -1.557630603000000065e+02
2.668008730999999898e+03 1.502499452000000133e+02 -2.329101230999999927e+02
2.680531359000000066e+03 3.993959629999999947e+02 5.386215786000000350e+01
2.566798012000000199e+03 3.179935889000000060e+01 -8.118868369000000484e+01
2.476157024999999976e+03 -1.291231890000000071e+01 -4.150055166000000213e+02
2.363371415999999954e+03 -1.485876881000000038e+00 -3.984269017999999960e+02
2.560357241000000158e+03 -5.468028311999999858e+01 -4.081799978000000237e+02
2.903754962999999861e+03 -3.460158847999999665e+01 -2.048185255999999868e+02
2.488350268000000142e+03 1.122613441999999964e+02 -2.226007241000000079e+02
2.523093021000000135e+03 1.998903568000000064e+02 -1.073735936000000066e+02
2.650825979000000189e+03 1.813887326999999914e+02 -1.446658442000000093e+02
2.791890605000000050e+03 -5.905635794999999888e+01 -1.243344680000000011e+02
3.078195773999999801e+03 -1.155988583999999975e+02 -1.551538668999999970e+02
3.063878333000000111e+03 1.832158512000000030e+02 8.842289995000000147e+01
2.438586428999999953e+03 -6.724290270999999564e+01 -4.041691319999999905e+02
2.679381386000000020e+03 6.725369454000000360e+02 -2.274999764000000084e+02
2.717382473000000118e+03 4.958811928999999736e+02 -8.384936745999999630e+01
2.681417566000000079e+03 2.462281934000000092e+02 -1.247572049999999990e+02
2.548930500999999822e+03 4.871805567000000110e+02 -1.239669666000000063e+02
2.564330828000000110e+03 -1.695283139999999946e+02 -2.581104096000000254e+02
2.714610630000000128e+03 1.512500794000000042e+02 -1.430308352000000127e+02
2.594200381000000107e+03 6.509701864999999543e+01 -1.927116943000000049e+02
2.732897205000000213e+03 -1.337471529999999973e+02 -1.266273472999999967e+02
2.747214851000000181e+03 -1.239861194000000069e+02 -1.910187103000000093e+02
2.693123047999999926e+03 1.360174915000000055e+02 -1.396456301000000053e+02
2.894491191999999955e+03 -1.189848388000000057e+02 -3.384440406000000223e+01
2.943875946000000113e+03 -4.331867545000000064e+01 -1.636127309000000025e+02
2.700456333000000086e+03 1.666120114999999942e+02 1.065839605000000034e+01
3.054452557000000070e+03 5.049367793999999776e+01 -1.236600939000000068e+02
2.655657295999999860e+03 3.901451389999999719e+02 1.778088925999999859e+01
2.494467795999999908e+03 3.095972666000000117e+02 -9.444418822999999463e+01
2.656236926000000039e+03 2.729277822000000242e+02 -1.800637648999999954e+02
2.915925795000000107e+03 5.444579934000000065e+01 -5.020421051999999662e+01
2.778202499999999873e+03 2.261417496999999912e+02 -2.106558869000000129e+02
2.753289699999999812e+03 -1.660160497999999905e+02 -3.740307060999999749e+02
2.685495745000000170e+03 2.587895609999999920e+02 -1.306170901000000129e+02
2.627801277000000027e+03 7.249258512000000110e+02 -2.492449349000000041e+02
2.479959097999999813e+03 4.357837602000000174e+02 -1.607711433999999997e+02
2.995997527999999875e+03 2.395325927000000092e+02 1.119913731999999982e+02
2.335747327000000041e+03 3.735680914000000143e+02 -4.153885887999999795e+02
2.656372331000000031e+03 4.205337349999999788e+02 2.849133116000000143e+01
2.986829960000000028e+03 3.066088821000000166e+02 1.466188377000000003e+02
2.549181005999999797e+03 4.102772211999999854e+02 -1.509216274999999996e+02
2.445862008000000060e+03 6.392118458999999575e+02 -3.405783316999999784e+02
2.733523011000000224e+03 -2.289646911000000102e+02 -3.011619961000000103e+02
2.661554786000000149e+03 -8.660814113000000702e+01 1.309969736000000040e+01
2.481456224999999904e+03 4.392114214999999717e+02 -1.445997012999999924e+02
2.439009102999999868e+03 4.510311259999999720e+02 -1.799634792999999888e+02
2.959534149999999954e+03 2.206448493000000042e+02 -2.295926929999999899e+01
2.364702948999999990e+03 -2.154464922000000016e+01 -3.545108007000000043e+02
2.481580168999999842e+03 2.557257223000000010e+02 -1.830487074000000121e+02
2.908879941000000144e+03 -4.903801130000000086e+01 9.002767147999999509e+01
2.905832069000000047e+03 7.237328738999999587e+02 -1.722916194999999959e+02
2.701874503000000004e+03 2.354540593000000115e+02 -2.449902510999999947e+02
2.937069004999999834e+03 -4.682421605999999770e+01 2.720924413999999913e+01
2.563696569000000181e+03 2.087931663999999898e+02 -2.851397385999999869e+02
2.763832925000000159e+03 1.340503959000000123e+02 -3.810087673000000308e+01
2.758022603999999774e+03 -5.649276960000000258e+01 -3.191408066000000190e+02
2.372425280999999814e+03 2.754496877000000055e+01 -2.396635123000000078e+02
3.000914664999999786e+03 -1.297856380000000058e+02 -1.981822101999999859e+02
3.002450616999999966e+03 3.500300263999999970e+02 4.537514895999999709e+01
2.533397649999999885e+03 4.437183866999999964e+02 -2.574507801000000029e+01
2.509874766999999792e+03 5.300373693999999887e+02 -2.838077044999999998e+02
2.746843144999999822e+03 1.242295191000000045e+02 4.933751406999999922e+00
2.467351928999999927e+03 2.197105554000000041e+02 -1.120627853000000016e+02
2.402334269999999833e+03 3.231796456000000148e+02 -9.377241961000000003e+01
2.998235313000000133e+03 7.434861078000000134e+01 8.828523309000000552e+01
2.674310394000000088e+03 3.157377225000000180e+02 -1.835724516999999878e+02
2.623981000000000222e+03 -1.884506702999999916e+01 -1.032255478000000011e+02
2.924730700000000070e+03 2.408209970999999996e+02 7.973504936000000498e+01
3.003955483000000186e+03 -3.635341801999999944e+01 -8.135078436999999951e+01
2.898123983999999837e+03 -1.027997077999999931e+02 -1.017244326000000001e+02
2.911577052999999978e+03 5.997659125999999929e+01 -6.632790808000000027e+01
3.006277193999999781e+03 -1.912844876000000056e+02 -2.208624165999999889e+02
2.746447787000000062e+03 4.626656765000000178e+02 -1.985998749000000174e+01
2.543944272000000183e+03 4.563092037999999775e+02 -2.266343921000000137e+02
2.654512897000000066e+03 -1.724806398000000058e+02 -3.673849903000000268e+02
2.758754805999999917e+03 2.822124020000000044e+01 5.746296232999999809e+00
2.839819218000000092e+03 -1.293912694999999928e+02 -2.706030844000000002e+02
2.959849584000000050e+03 7.702925741999999332e+01 1.433672060000000101e+02
2.910654626000000007e+03 4.027214460999999801e+02 3.183222400000000007e+01
2.385508637999999792e+03 -2.047699245000000090e+01 -2.745298468999999955e+02
2.989293763000000126e+03 2.086067774999999926e+02 1.926058502999999860e+02
3.100752814999999828e+03 8.784731768000000329e+01 -1.438277065999999991e+02
2.598259051999999883e+03 2.390139727000000107e+02 7.559369714000000329e+01
2.897506453999999849e+03 1.360150877000000094e+02 -8.916881523000000698e+01
2.804903625999999804e+03 1.781240482000000043e+02 -2.991952604000000093e+01
2.685572901999999885e+03 2.208863704000000041e+02 -1.495424505000000011e+02
2.715823287000000164e+03 3.464595047000000250e+02 -4.583654801000000134e+01
2.921178170000000136e+03 8.483592507000000182e+01 -1.525523243000000093e+02
2.602122739999999794e+03 -2.365457102999999961e+02 -3.648009882000000061e+02
2.868779525999999805e+03 -2.376733269000000064e+02 -2.711775534999999948e+01
2.418619283999999880e+03 4.307481839000000150e+02 -3.103930781000000252e+02
2.737926042999999936e+03 2.072888435000000129e+02 1.048775179999999949e+02
2.751822149999999965e+03 9.124853181000000291e+01 -2.725490508999999975e+02
2.374088423000000148e+03 2.182462907999999970e+02 -2.329138656000000083e+02
2.526323155000000042e+03 -8.832121542000000147e+01 -1.800831665999999984e+02
2.921101869000000079e+03 1.368838398000000041e+02 -6.650691983000000107e+01
2.884684021999999914e+03 2.858232912999999940e+02 4.306741326000000214e+01
2.953814624999999978e+03 -1.596045903999999993e+01 -1.836319617999999991e+02
2.691927428999999847e+03 5.015876647000000332e+01 -1.590448364000000048e+01
2.705807189999999991e+03 -7.525011499999999387e+01 -3.299144064999999841e+02
2.565654454999999871e+03 4.396245268999999922e+01 -8.908270161000000087e+01
2.999338439999999991e+03 3.805670225000000073e+02 1.016165034999999932e+02
2.784079220999999961e+03 1.579410695999999916e+02 -1.122522385999999983e+02
2.561615021000000070e+03 4.208540274999999724e+02 -1.662410295999999903e+02
2.632166455000000042e+03 4.915850929999999721e+02 -1.439627043000000128e+02
2.458527035999999953e+03 8.718836315000000070e+01 -2.487729208000000085e+02
2.914207300000000032e+03 -7.032898611000000244e+01 -2.592043320000000222e+02
3.023473231999999825e+03 3.804912208999999734e+02 1.413414885000000076e+01
2.638823338000000149e+03 -8.129766080000000272e+01 -1.076862928999999980e+02
2.539825645999999779e+03 4.558305255999999872e+02 -2.250398650999999859e+02
2.665164381000000049e+03 -2.347873720000000048e+02 -4.055782100999999784e+02
2.651612862999999834e+03 2.977586790999999948e+02 -7.465644410000000164e+01
2.845019326999999976e+03 -1.988199877000000129e+02 -2.602341935000000035e+02
2.356581525999999940e+03 2.660543162999999822e+02 -4.141508615000000191e+02
2.463327483000000029e+03 1.253482992999999937e+02 -5.321132391999999811e+01
2.447525055999999950e+03 5.490962620000000243e+02 -3.184905909999999949e+02
2.559339368999999806e+03 5.445127274000000170e+02 -7.851238062000000184e+01
2.743404254000000037e+03 3.425767605000000060e+01 -2.760640012999999726e+02
2.563133741000000100e+03 3.086464996000000269e+02 -1.417626248999999916e+02
2.504459538000000066e+03 2.773810422999999901e+02 -1.435066630999999973e+02
2.459457671000000119e+03 6.363257700999999997e+02 -3.753248745999999869e+02
3.064297403000000031e+03 -1.304445963999999947e+01 1.887834820999999863e+01
2.664857104000000163e+03 4.409100710000000163e+02 7.974978249000000119e+01
2.900062199999999848e+03 1.532627192999999863e+02 -6.577080596999999784e+01
2.749875023999999939e+03 -2.127535297000000014e+02 -3.696487055000000055e+02
2.499545568000000003e+03 2.486824242999999868e+01 -3.168444020000000023e+02
2.364636100000000170e+03 -1.883001464999999897e+01 -3.876285670999999979e+02
2.730118587999999818e+03 1.831686587000000088e+02 -1.338408503999999888e-01
2.718104586999999810e+03 -1.932297193999999934e+02 -3.934631383999999912e+02
2.310569325999999819e+03 1.439495081999999968e+02 -3.568363843000000202e+02
2.826640064000000166e+03 2.790646199999999908e+02 -9.644440982000000417e+01
2.654811729000000014e+03 1.182562252999999970e+02 3.517717274000000316e+01
2.620316324999999779e+03 1.833174955000000068e+02 -1.992365248000000122e+01
2.720019455999999991e+03 -2.247584402999999895e+02 -2.406230123999999932e+02
2.668967782000000170e+03 4.111943003999999746e+02 5.709457034999999792e+01
2.482934173999999985e+03 1.424153139000000010e+02 -4.199870948000000226e+02
2.962799990999999864e+03 4.492878197999999657e+01 -5.047607856999999854e+01
2.647779797000000144e+03 6.473807708000000503e+02 -2.359153145999999879e+02
2.883595656999999846e+03 1.988665220999999974e+02 8.541309388999999896e+01
2.592372851000000082e+03 1.421756014000000050e+02 -5.096287671000000330e+01
2.546714656999999988e+03 3.666867485999999872e+02 1.922155894000000131e+01
2.328929353999999876e+03 1.899552471000000082e+02 -2.852073219000000108e+02
2.505086909000000105e+03 3.318229296999999889e+01 -2.304239386000000138e+02
2.738402696999999989e+03 2.539191661000000124e+02 1.089099518999999958e+02
2.879311808999999812e+03 1.516055489999999963e+02 2.029168164000000019e+01
2.694288568999999825e+03 2.593117427999999904e+02 -2.640420138000000065e+02
2.495447111999999834e+03 2.870721555000000080e+02 -3.226518310000000156e+02
3.114848431999999775e+03 -1.890588649000000032e+02 -2.441751093999999966e+02
2.435572548999999981e+03 3.269584626999999841e+02 -2.453353007999999988e+02
2.802971234000000095e+03 -2.673273179999999911e+02 -2.626048306000000139e+02
2.599158702000000176e+03 1.437021092999999894e+02 3.874646927999999946e+01
2.862204713999999967e+03 -2.868975602000000080e+01 -2.090052290000000141e+02
2.680074998000000051e+03 3.646973057999999810e+02 -2.954668998000000002e+01
2.498626980000000003e+03 4.469657764000000100e+01 -2.619224427999999989e+02
2.586627880999999888e+03 2.936135140999999749e+02 -2.611516725999999835e+02
2.867659294999999929e+03 -2.801614774999999895e+02 -1.130363320999999956e+02
2.631627292000000125e+03 5.339442761000000246e+02 -1.977248710000000074e+02
2.834800466000000142e+03 4.770659820000000195e+02 -1.528501306000000000e+02
2.916584882000000107e+03 8.457123894000000064e+01 3.745148627999999746e+01
2.677313498999999865e+03 4.579484163999999851e+02 -1.451494442000000049e+02
2.734936079000000063e+03 1.474692230999999936e+02 -1.388860908999999992e+02
2.636476310999999896e+03 2.405757248000000104e+01 -7.677065351000000248e+01
2.913979580000000169e+03 -2.528827752999999916e+02 -3.284355223000000024e+02
2.812505900999999994e+03 -5.816021770999999774e+01 -2.285745551999999918e+02
2.733861405000000104e+03 1.006648469999999946e+02 -1.053107832000000030e+02
2.900806778000000122e+03 3.325530264000000216e+02 1.010570438999999965e+02
2.591470273999999790e+03 3.038936011000000121e+02 -4.900829135000000392e+00
3.010553699999999935e+03 -1.222220913000000024e+02 -1.538632375999999908e+02
2.709910080000000107e+03 -1.073628638999999936e+02 -1.191487915000000015e+02
2.918529790000000048e+03 7.504700877000000219e+02 -1.588733535000000074e+02
2.468346273000000110e+03 4.247813421000000176e+02 -2.317276109000000019e+02
2.748898859999999786e+03 -1.248502749999999928e+01 -1.953740119000000108e+00
2.727573848999999882e+03 1.087336090000000013e+02 6.051810025999999709e+01
2.593844517999999880e+03 8.224452628000000232e+01 -3.201996214999999779e+02
2.331196073000000069e+03 2.988884777999999756e+02 -3.187315841000000205e+02
2.525712610000000041e+03 1.574646788000000015e+02 -3.775061027999999652e+01
2.808147501999999804e+03 1.069795153999999968e+02 2.241065908999999934e+01
2.762067630000000008e+03 -2.902492720000000048e+01 -8.923565195000000472e+01
2.329681020999999873e+03 1.934555643999999859e+02 -3.797613466999999901e+02
2.466880140000000210e+03 5.784232951000000185e+02 -1.636550125999999921e+02
2.726525274999999965e+03 3.325475748000000067e+02 -2.044673415999999975e+02
2.570041462000000138e+03 1.095180785000000014e+02 -2.260173527000000036e+02
2.858985673000000133e+03 6.085859966000000298e+01 -1.406684587999999962e+02
2.628470954999999776e+03 -6.232374733000000333e+01 -1.433110320000000115e+02
2.565673714000000018e+03 -5.771546143999999856e+01 -3.134597658999999794e+02
2.893954945999999836e+03 2.132227585999999917e+02 8.230104262000000404e+01
2.378021466000000146e+03 2.543234626999999932e+02 -3.291950729000000138e+02
2.752992845000000216e+03 4.258986469999999827e+02 -8.954073320999999908e+01
2.833610431999999946e+03 -2.593452813000000106e+02 -2.215867856000000131e+02
2.386021463000000040e+03 -4.951002396999999888e+01 -2.784882704999999987e+02
2.820028675999999905e+03 4.186410071000000244e+02 1.070300342000000029e+02
2.675165156000000025e+03 4.237908947999999896e+02 -1.700360805999999911e+02
2.484768098000000009e+03 1.990347150999999997e+02 -1.932285660999999948e+02
2.645607770999999957e+03 8.902825117000000432e+01 -3.280250618000000173e+01
2.713951771000000008e+03 2.425661150999999904e+02 -1.869089865999999915e+02
2.697217809000000216e+03 3.876335588000000030e+02 1.397806554000000006e+02
3.091921135999999933e+03 -1.963620172999999980e+01 -3.469395223000000072e+01
2.678236715000000004e+03 3.022723282000000040e+02 -1.063869674000000032e+02
2.704191546000000017e+03 1.262768820000000005e+02 -6.553839962000000696e+01
2.754169295000000147e+03 7.390255256000000372e+01 -1.466090308999999934e+02
2.516672916999999870e+03 -1.171653653000000048e+02 -2.865039977000000135e+02
2.820732380999999805e+03 7.000129841000000397e+02 -1.801089992999999936e+02
2.494567105000000083e+03 9.919586873000000082e+01 -1.718590067999999960e+01
2.764434197999999924e+03 1.755631122000000062e+02 -2.142904768999999874e+02
2.465844383000000107e+03 3.842811163999999735e+02 -3.165356074000000035e+02
2.577310468000000128e+03 -2.449629184000000137e+01 -4.157812413999999990e+02
2.568253511999999773e+03 1.423098832000000016e+02 -2.136172794999999951e+02
2.816103787999999895e+03 -1.117416419999999988e+01 -2.489962433000000033e+02
2.568408718000000135e+03 -1.257616703000000058e+01 -3.412298250000000053e+02
2.828889027000000169e+03 1.468691584000000034e+02 -1.204521718000000021e+02
2.429144263000000137e+03 2.786285713999999984e+02 -2.642290290000000255e+02
2.859607932999999775e+03 4.238402475000000180e+01 -2.313284936999999957e+02
2.592467173999999886e+03 2.285124062999999950e+01 -7.342412607999999352e+01
2.609295458999999937e+03 2.348134201999999959e+02 6.736347811000000263e+01
2.915214461999999912e+03 -1.072490829999999988e+02 -2.500449962000000141e+02
2.615595205000000078e+03 1.514905665999999940e+02 4.950161015999999847e+01
2.710634567999999945e+03 -2.428116502000000025e+02 -3.741905831999999918e+02
2.658168869000000086e+03 3.360646054000000049e+02 4.716264375000000086e+01
3.115473157999999785e+03 -1.018565172999999930e+02 -1.658322474999999940e+02
2.887183927999999923e+03 2.829722677999999974e+02 5.490008172000000286e+01
2.693132642000000033e+03 1.182355833999999959e+02 -1.231941058999999967e+02
2.522896589999999833e+03 2.423023728000000006e+02 -4.918878655000000322e+01
2.515982347000000118e+03 1.930318571999999904e+02 5.439194909999999794e+01
2.418720072000000073e+03 4.316753997000000140e+02 -1.391638294999999914e+02
2.577505436999999802e+03 -4.490559001999999822e+01 -1.706823205000000030e+02
2.659563666000000012e+03 -1.184191610999999966e+02 -1.423975604999999973e+02
2.716275232999999844e+03 4.066785935999999992e+02 -6.465755434999999807e+01
2.723993100000000140e+03 2.311682775999999961e+01 -1.879080510999999944e+02
2.599887611999999990e+03 -5.849132250000000255e+01 -1.860451609000000133e+02
2.594564177000000200e+03 5.204966289000000188e+02 -1.558871195000000114e+02
2.706373506999999790e+03 9.119301866000000700e+01 -2.773137242000000242e+02
2.556296817999999803e+03 8.800622599999999807e+01 -4.154882438000000207e+02
2.321869759000000158e+03 2.659197240999999963e+02 -3.384382468000000017e+02
2.587374668999999813e+03 5.389826182000000472e+02 -1.446826830999999913e+02
2.524849041999999827e+03 1.703682756000000040e+02 -2.355732687999999939e+02
2.466497985999999855e+03 3.008190359000000171e+02 -1.503339272999999991e+02
2.478018364000000020e+03 3.698807193000000098e+02 -3.484397000000000162e+02
2.656046612000000096e+03 2.766239042000000268e+02 -3.339880705000000205e+01
2.499203300000000127e+03 8.132748899000000620e+01 -3.108879162000000065e+02
2.585854351999999835e+03 2.068464085999999824e+01 -9.404338896000000148e+01
2.625830088000000160e+03 -1.698134115000000008e+02 -3.360513503000000242e+02
2.369125504000000092e+03 4.395092708999999900e+02 -2.118607839999999953e+02
2.492088227000000188e+03 7.114788255000000561e+01 -3.174256427999999914e+02
2.455169452000000092e+03 5.666067602000000534e+02 -3.040885185000000206e+02
2.503117580999999973e+03 3.114573101999999949e+02 -2.727576177000000257e+02
2.807236296999999922e+03 3.477793356000000244e+02 -1.237021677999999980e+02
2.603477206000000024e+03 6.514676866999999447e+02 -1.861130856000000051e+02
2.738495730999999978e+03 6.651439956000000109e+01 3.846779386000000045e+01
2.424745626999999786e+03 2.272764439000000039e+02 -2.961771325000000274e+02
2.856561456999999791e+03 3.879592225000000099e+02 7.424578764000000319e+01
2.486302951000000121e+03 2.366490685999999926e+02 -3.955512338999999997e+02
2.654858756999999969e+03 1.921333025000000134e+02 5.964539880000000238e+01
2.308887948999999935e+03 3.816286048000000051e+02 -3.628232950999999957e+02
2.507657063000000107e+03 -5.765031196999999707e+01 -2.727110215000000153e+02
2.712178588000000218e+03 3.306755111999999741e+01 3.442636436000000089e+01
2.855807236999999986e+03 -2.914373540000000276e+02 -3.196267058999999904e+02
2.883869556999999986e+03 3.111298853000000122e+02 6.168952535999999753e+01
2.361221070000000054e+03 6.668517094999999983e+01 -4.247930971999999770e+02
2.727306230000000141e+03 2.496390586999999925e+02 -6.858008676999999409e+01
2.688085055999999895e+03 4.907044108000000051e+02 -6.646980188000000567e+01
2.572020709999999781e+03 1.304752612999999961e+01 -3.122993088000000057e+02
2.574871431000000030e+03 1.392018851999999924e+02 1.822249125000000092e+01
2.578263284000000112e+03 4.632042713000000163e+02 4.368363356999999780e+01
2.716291787000000113e+03 3.091805717999999956e+02 -1.184535654000000022e+02
2.788517241999999897e+03 3.245651161999999772e+02 -2.106443090999999868e+02
2.527613080999999966e+03 5.645644985000000133e+02 -1.074081513000000001e+02
3.153522903000000042e+03 1.729433480000000145e+01 6.813576161999999670e+01
2.430816229999999905e+03 2.422974422000000061e+02 -2.313697797000000094e+02
2.439826626999999917e+03 -7.385571496999999397e+01 -3.633037616999999955e+02
2.930557530999999926e+03 9.061493061999999554e+01 -3.542576728000000230e+01
2.590686947000000146e+03 2.528751503000000014e+02 -2.574194213999999761e+02
2.710780784999999923e+03 2.465513647999999876e+02 1.032531395000000032e+02
2.571960673999999926e+03 -1.922142211999999972e+02 -4.232240115000000173e+02
2.353739564999999857e+03 3.825327632999999850e+01 -3.747538157000000183e+02
2.564051350000000184e+03 3.802729565000000207e+02 -1.332905167000000120e+02
2.656028330999999980e+03 2.312883148999999889e+02 1.413052865999999881e+02
2.602360181999999895e+03 3.105155609999999911e+02 5.938448744999999640e+00
2.768636848999999984e+03 6.735620030999999699e+02 -1.762354617000000019e+02
2.911612658000000010e+03 9.611939252999999894e+01 1.152049262000000027e+02
2.345430676999999832e+03 3.683022171999999728e+02 -3.670325182999999925e+02
2.925974964000000000e+03 -1.699359991000000036e+02 -3.205711108999999936e+01
2.924062527000000046e+03 -5.586342756999999715e+00 -1.199551955999999997e+01
2.625325660999999855e+03 5.461060059000000138e+02 -2.304613827000000015e+02
2.700652919999999995e+03 5.504510135000000446e+02 -1.424252234999999871e+02
2.446343299000000115e+03 3.293920980999999983e+02 -2.808346950999999763e+02
2.554762768999999935e+03 7.111190713999999957e+01 -1.851895863999999960e+02
2.378355721999999787e+03 2.553567026999999996e+02 -1.702372824999999921e+02
2.680699458000000050e+03 -7.413213792000000524e+01 -3.102147077999999851e+02
2.432635403000000224e+03 1.567880771000000095e+02 -1.600074941000000024e+02
2.866500755000000026e+03 8.392475220999999408e+01 1.540753899999999987e+02
2.658350605999999971e+03 -2.461162798000000009e+02 -1.580855074000000116e+02
2.848040946000000076e+03 5.904265413000000535e+02 -1.105635510000000039e+02
2.991807368000000224e+03 -1.026639323999999931e+02 -4.963183317000000017e+01
2.807477988999999980e+03 -1.165393892000000022e+02 7.427415861000000064e+01
3.032706235000000106e+03 -1.314767922000000056e+02 -2.088588397000000043e+02
2.486335293000000092e+03 2.393254625000000146e+01 -3.940142288999999778e+02
2.443754840999999942e+03 1.653992355999999972e+02 -2.036979808000000105e+02
2.544848160999999891e+03 -2.085194161000000008e+02 -4.017586499999999887e+02
2.768842829000000165e+03 3.884314936999999759e+02 3.156919509000000090e+01
2.480077107000000069e+03 1.403188203999999928e+01 -3.155868603000000121e+02
2.789249365000000125e+03 -6.758396750999999369e+01 -3.672629058999999785e+01
2.538348808000000190e+03 -2.013959150999999963e+02 -4.129240853000000016e+02
2.818686287999999877e+03 3.481291428000000110e+01 -2.614660766999999737e+02
2.961332210999999916e+03 -1.647595804999999984e+02 -1.748338248999999962e+02
2.651175884000000224e+03 -3.214024392999999691e+01 -1.896653474999999958e+02
2.573187252000000171e+03 2.682267732000000251e+02 -3.090231238000000147e+01
2.573733173999999963e+03 2.264553844000000140e+02 -1.878716435000000047e+02
2.789626036000000113e+03 4.176763075000000214e+01 -6.140593592999999828e+01
2.696648616999999831e+03 2.974581947000000071e+01 -1.971673643999999967e+02
2.588940775000000031e+03 -3.283663260000000150e+01 -1.073481372000000000e+01
2.533501552000000174e+03 1.112987095000000011e+02 -3.838803934000000027e+02
2.643171175999999832e+03 3.066003676000000269e+02 -1.642992022999999904e+02
2.771932807000000139e+03 3.365046664999999848e+02 -1.943124216999999874e+02
2.446908851000000141e+03 2.586744802000000121e+01 -1.116160488000000015e+02
2.635890057999999954e+03 -1.814581684000000052e+02 -1.619630841000000032e+02
2.790959092000000055e+03 2.065741666000000123e+02 -1.111305624000000023e+02
2.659195258000000194e+03 -8.158443918999999767e+01 -3.472596676000000002e+02
2.639873095999999805e+03 4.085315785999999889e+02 -1.804894808999999896e+02
2.716791446000000178e+03 2.759679982999999766e+02 -1.645046532000000070e+02
2.339414881000000150e+03 2.523623518999999931e+02 -3.550121556999999939e+02
2.627415257999999994e+03 4.959095840999999893e+01 -1.032363258000000030e+02
2.501196934999999939e+03 1.087784070000000014e+02 -8.439348484999999300e+01
2.511982512999999926e+03 -8.553808508999999560e+01 -2.045985302999999931e+02
2.858460282999999890e+03 1.496789384999999868e+02 -1.263080700999999948e+02
2.445427975000000060e+03 4.421349036999999953e+02 -1.039747804000000002e+02
2.803669647000000168e+03 1.696726836999999932e+02 -1.238862125999999932e+02
2.787390181000000211e+03 2.056975592000000006e+02 -3.426832415999999881e+01
2.671466391999999814e+03 2.808913598999999977e+02 -1.510519853000000126e+02
2.610659834999999930e+03 -2.848859523000000138e+01 -2.546849963999999886e+02
2.896760756000000129e+03 -1.964208994999999902e+02 -2.061678379999999891e+02
2.306984757000000172e+03 1.079537428999999946e+02 -4.121918388000000277e+02
2.532221304000000146e+03 1.266064184999999931e+01 -4.195587350000000129e+02
2.562171307999999954e+03 2.095262432000000103e+02 -1.548084877999999946e+02
2.479184263000000101e+03 3.775801870999999892e+02 -7.485771882999999605e+01
2.681673865000000205e+03 -2.331230952999999886e+02 -3.793183629000000110e+02
3.059768349999999828e+03 -1.363604295000000093e+02 -2.207005311000000063e+02
2.806522413000000142e+03 3.216707927000000211e+01 -1.746108370999999977e+02
2.833621455999999853e+03 2.764305797999999754e+02 2.049576186000000178e+01
2.962815766000000167e+03 6.855528603999999859e+01 -1.222865070999999944e+02
2.463166395000000193e+03 4.404892012999999906e+02 -2.314919886000000133e+02
3.012280896000000212e+03 -1.545229630000000043e+01 -2.776870076999999881e+01
2.392308676999999989e+03 1.569389669999999910e+02 -2.661071828999999980e+02
2.543813232999999855e+03 2.130411000999999942e+02 -4.570389263999999940e+01
2.852900952999999845e+03 5.527267384000000305e+01 -1.540514429000000121e+02
2.438519952999999987e+03 8.735116270999999699e+01 -1.866897616999999912e+02
2.466732707000000119e+03 5.500101261999999451e+02 -3.274550163000000111e+02
2.420967575000000124e+03 8.738415258000000563e+01 -1.396047863999999947e+02
2.904419409999999971e+03 2.811523265999999808e+02 5.507437500000000341e+01
2.573841073999999935e+03 3.973621039999999880e+02 -2.486641654000000017e+02
2.492083856000000196e+03 1.252387875000000008e+02 -2.697461180000000240e+02
2.474993367000000035e+03 2.807830268999999817e+02 -2.461951886999999886e+02
2.818802978000000167e+03 3.377668509999999742e+02 5.743083546999999811e+01
2.735131757999999991e+03 1.224557647999999972e+02 1.657234834999999862e+01
2.858006850000000213e+03 9.967544497000000092e+01 -1.570392009999999914e+02
2.540502002000000175e+03 4.497290090999999848e+02 -1.734823915999999997e+02
2.897462743000000046e+03 1.091793600999999967e+02 -8.520947212999999465e+01
2.689223227999999835e+03 8.701567536999999675e+01 -2.831068041999999991e+02
2.723322384000000056e+03 1.238465594000000038e+02 -1.903111111999999991e+02
2.745855204999999842e+03 2.545169527999999914e+01 -2.265390625999999941e+02
2.448994482000000062e+03 2.261158106000000032e+02 -1.881401863000000105e+02
2.784889941999999792e+03 -3.313099350000000243e+01 6.284777414999999934e+01
2.931240813999999773e+03 3.751043162999999936e+01 -1.536914762000000110e+02
3.035280052999999953e+03 -1.840666921000000116e+02 -2.209649692000000130e+02
2.953586952999999994e+03 2.986820707000000130e+00 -2.286211398000000088e+02
2.544591973000000053e+03 5.397089631999999710e+02 -1.203930581000000046e+02
3.024808376999999837e+03 -8.053457434000000603e+01 -4.835289243999999798e+01
2.634743418999999903e+03 -1.939171153000000061e+02 -3.851036202999999887e+02
2.743431625000000167e+03 4.273961396999999920e+02 -3.510876316000000230e+01
2.735933148999999958e+03 1.056109660000000048e+02 -1.638013410000000079e+02
2.724245647000000190e+03 -3.465388331999999849e+01 5.654292690999999849e+01
2.616577987000000121e+03 8.735616346999999848e+01 -1.549408248999999955e+02
2.449041425999999774e+03 1.548355117000000121e+02 -3.639994599999999991e+02
2.899739971999999852e+03 -1.790068195000000060e+02 -2.296486439999999902e+02
2.889747828000000027e+03 1.491434132999999918e+02 -5.366637011000000257e+01
2.281314621999999872e+03 2.319989346000000126e+02 -3.168579288999999903e+02
2.660810358000000178e+03 4.280681658999999968e+02 -7.717203189999999324e+01
2.704820263000000068e+03 2.932254669000000149e+02 -2.274995791000000054e+02
2.470699403000000075e+03 -1.246565554999999961e+02 -2.722807647000000202e+02
3.059411935000000085e+03 -2.091676854000000105e+02 -2.419992589000000009e+02
2.980521929999999884e+03 8.345618224999999768e+01 -2.837149897999999837e+01
2.732599990000000162e+03 1.709559850999999853e+01 -1.644640813000000037e+02
2.528415323000000171e+03 -8.433960740000000555e+01 -2.248347578000000055e+02
2.850958821000000171e+03 2.180064771000000121e+02 -6.356620355999999816e+01
2.389164190999999846e+03 9.687943832999999927e+01 -1.629733410999999990e+02
2.594874506999999994e+03 1.875646439999999870e+02 -2.919704285999999982e+01
2.500887988999999834e+03 5.092993614000000093e+02 -2.296060603999999898e+02
2.846464754000000084e+03 1.339716964000000132e+02 -4.104861276999999831e+01
2.439105567000000065e+03 8.317470613999999784e+01 -2.898961856999999895e+02
2.557998164000000088e+03 1.456772989000000109e+02 6.164568346000000076e+01
2.488263377000000219e+03 3.464828719999999862e+02 -2.721894892000000254e+02
2.552944434000000001e+03 2.472732407000000023e+02 -2.871617931000000112e+02
2.520038040999999794e+03 -2.390149763999999788e+00 -2.085794665999999893e+02
2.881203050999999959e+03 2.890831903000000125e+02 -5.687772525999999829e+01
2.986283132000000023e+03 -2.469528688000000045e+02 -3.123723889999999983e+02
2.736153296999999839e+03 -8.456845678999999905e+01 -2.615323844999999778e+02
2.866268058999999994e+03 -4.877539740000000279e+01 -2.101601867999999911e+02
2.631277101000000130e+03 -1.176413055999999955e+02 -3.941361445000000003e+02
2.466154967999999826e+03 3.524666418999999710e-03 -3.188873730999999907e+02
2.652809339999999793e+03 -4.048209216000000055e+01 -6.655022628999999768e+01
2.404458427999999913e+03 5.278386779999999590e+02 -3.436068627999999876e+02
2.528104650000000220e+03 4.822833573999999999e+02 -2.087324265999999966e+02
2.425572884000000158e+03 6.324847583999999578e+00 -2.113627831999999955e+02
2.777553696999999829e+03 3.851057425000000194e+02 -1.008045733999999953e+02
2.508049812000000202e+03 5.814704249999999774e+02 -2.680822944000000234e+02
2.662687146000000212e+03 -2.027471941999999956e+02 -2.433952355000000125e+02
2.706635861000000205e+03 -7.250670614000000569e+01 -2.517549938999999881e+02
2.718779280000000199e+03 -7.919982258000000286e+01 3.432004522000000168e+00
2.825375227999999879e+03 2.803937334999999962e+02 -1.704381327999999840e+01
2.411113742999999886e+03 2.510023509000000104e+02 -1.329173099999999863e+02
3.046693670999999995e+03 1.884372009999999875e+01 -1.479379940999999974e+02
2.459581290000000081e+03 4.444099363999999923e+02 -8.647947634999999877e+01
2.786789796000000024e+03 3.097681473000000096e+02 9.251478636000000222e+01
2.917982403999999860e+03 7.927036928999999787e-01 6.279417097999999697e+01
2.615919656000000032e+03 5.599368382000000111e+02 -2.426151236000000040e+02
2.631845222999999805e+03 3.599555737000000022e+01 -1.611084350999999870e+01
2.699639067999999952e+03 5.258747339000000238e+02 -3.174022306999999987e+00
2.762868438999999853e+03 -5.528395310999999879e+01 -1.382277303999999951e+01
2.975341018999999960e+03 -1.239676965000000024e+02 -8.744396898999999834e+00
2.662696108999999979e+03 4.410015623999999690e+01 9.409489294999999753e-01
2.725309435000000121e+03 2.053349192000000016e+02 1.102335285000000020e+01
2.842707895999999892e+03 4.392644243999999958e+02 -1.256882556999999991e+02
2.367582091000000219e+03 4.181223942999999963e+02 -1.868865632000000119e+02
2.554928609000000051e+03 -2.316999580000000094e+02 -4.089418997000000218e+02
2.573670200000000023e+03 7.997559544000000642e+01 -1.406275714999999877e+02
2.474637928000000102e+03 -1.344618421000000064e+00 -3.342559218000000101e+02
2.519791542999999820e+03 5.527941932000000236e+01 -2.897879404000000250e+02
2.710646662000000106e+03 2.585214573000000087e+02 8.113574015999999745e+01
2.579072216000000026e+03 -1.816957947999999874e+02 -3.537282592000000250e+02
2.723638993000000028e+03 2.014869466000000102e+02 -1.419101611000000105e+02
2.695040489999999863e+03 4.401111859999999751e+02 -1.285896926000000065e+02
2.884011276000000180e+03 2.645058465999999839e+02 7.465685935000000484e+01
3.072380324000000201e+03 3.857094298999999751e+02 1.374016727000000060e+02
2.950400654999999915e+03 3.259447089999999889e+02 7.578832047999999766e+00
2.620656834999999774e+03 4.852983340000000112e+02 -5.110438378999999642e+00
2.671640201000000161e+03 -5.724898677000000191e+01 -3.831955791999999974e+02
2.624515772000000197e+03 -3.134454771000000051e+01 -6.988199335000000190e+01
2.501346554000000197e+03 -9.277514836999999659e+01 -1.484697985999999901e+02
3.091424437000000125e+03 -4.045927080999999959e+01 8.396160064000000034e+01
2.663995960000000196e+03 -9.843928551999999854e+01 -2.938927501000000007e+02
3.074680636000000050e+03 -1.471749365999999952e+02 -1.695545238999999924e+02
2.561330328000000009e+03 2.659734637000000248e+02 -1.011439211000000000e+02
2.536685222999999951e+03 3.560523380000000202e+02 3.563050295000000034e+01
2.615287448999999924e+03 3.763614567999999849e+02 -2.226069521999999949e+02
2.744656311000000187e+03 7.541252296999999771e+01 -2.338611126000000127e+02
2.676152705999999853e+03 5.931904058000000077e+02 -1.933825511000000006e+02
3.007677579000000151e+03 2.107037689000000000e+02 9.131831221000000198e+01
2.704553727999999865e+03 4.157048068999999941e+02 -1.976498880000000042e+02
2.597046298000000206e+03 6.837491614000000482e+02 -9.794123005000000148e+01
2.623267495999999937e+03 3.476829811000000063e+02 2.908720376999999857e+01
2.969697919000000184e+03 3.367977652999999805e+02 1.624366201000000132e+01
2.327093632999999954e+03 3.383177784000000088e+02 -2.675895305000000235e+02
2.559776589000000058e+03 4.598384174000000257e+02 -2.267791435999999976e+02
2.436429709999999886e+03 2.775968469000000027e+02 -8.512164486999999724e+01
2.520144592999999986e+03 5.897547679000000471e+02 -2.709537318999999798e+02
2.891937559999999849e+03 1.302369788000000028e+02 -1.555967492999999990e+01
2.558959996000000046e+03 -1.076640488000000033e+02 -3.147120120999999813e+02
2.489613613999999870e+03 2.248151010999999926e+02 -1.494921971999999926e+02
2.861729922999999872e+03 -7.664417539000000090e+01 -2.194506556999999987e+02
2.623627661999999873e+03 -1.217474698999999987e+02 -2.568850974999999721e+02
2.844269839999999931e+03 -2.907968083000000092e+02 -2.330887803999999903e+02
2.881024230999999872e+03 -1.282967936999999949e+02 -2.574907329000000118e+02
2.512538328000000092e+03 3.900098753999999985e+02 -1.294596388999999874e+02
2.713973140999999941e+03 -2.508571066000000087e+02 -3.425216864999999871e+02
2.865675816999999824e+03 4.189184151000000043e+02 -6.849426502000000028e+01
2.697481024000000161e+03 3.737285969999999793e+02 -4.149705100999999985e+01
2.378984402999999929e+03 5.027631627999999751e+02 -3.094395339999999806e+02
2.335502470999999787e+03 3.785966124999999920e+02 -3.896023136000000022e+02
2.923082178000000113e+03 -5.328291741999999687e+01 -2.415959194000000139e+02
2.520554223999999977e+03 5.486201926999999614e+02 -9.739175631000000521e+01
2.560657510999999886e+03 -4.252544170000000179e+01 -1.412596264000000019e+02
2.649539757999999892e+03 -3.414907973999999768e+01 -2.280784542000000101e+02
2.386236120999999912e+03 1.523346654000000058e+02 -2.629624575000000277e+02
2.470713709999999992e+03 6.620333795000000521e+01 1.031841106999999980e-01
2.961093217000000095e+03 1.197269913000000052e+01 6.292900764000000180e+01
2.750373410000000149e+03 4.012607638000000065e+02 -4.740118159000000020e+01
2.775483530999999857e+03 4.584514052000000106e+01 1.283172937999999874e+02
2.654144448000000011e+03 9.337191101000000160e+00 -1.350796668000000125e+02
2.680796570999999858e+03 3.595112358999999813e+00 -2.595706240000000093e+02
2.739265934000000016e+03 -4.828265348000000046e+01 -1.914451325999999938e+02
2.639078762000000097e+03 4.962926652000000161e+01 -7.767342736000000514e+01
2.505031457999999930e+03 6.029083654000000081e+01 -3.026857473000000027e+02
2.742748344000000088e+03 4.765786692999999730e+01 -4.708846795000000363e+00
2.785696476999999959e+03 3.712401401999999848e+02 -1.734654130000000123e+02
2.554107672000000093e+03 -1.090860208999999941e+02 -1.492858133000000009e+02
2.369765092000000095e+03 6.389773220000000009e+01 -2.457213087000000087e+02
3.047185004999999819e+03 -6.081644512999999819e+01 -1.428660452000000021e+02
2.930365276999999878e+03 -1.574661359000000118e+02 -6.201570577999999756e+01
3.025717885999999908e+03 -1.958582691000000011e+02 -2.265355926000000011e+02
2.644893836000000192e+03 8.563912096999999335e+01 -2.072231192000000135e+02
2.816224372000000130e+03 9.765158386000000235e+01 -2.172089512999999954e+02
2.402610350999999810e+03 6.483881040999999641e+02 -3.465128301999999962e+02
2.513562030000000050e+03 -4.907353515999999871e+01 -2.112425021999999899e+02
2.562177643999999873e+03 -3.469786040999999699e+01 -3.934207228999999870e+02
2.998903369999999995e+03 2.718047472000000084e+02 8.631339221000000350e+01
2.346191566999999850e+03 5.695318189999999703e+01 -4.214332499999999868e+02
2.686327373999999963e+03 4.924548452000000225e+02 -4.851234345999999675e+01
2.524443186999999853e+03 3.544004962000000347e+01 -3.647536750999999811e+01
2.869590796999999839e+03 2.445143620999999996e+02 1.687565962000000042e+01
2.477034565999999813e+03 7.090031355000000701e+01 -9.308508389000000705e+01
2.716621454000000085e+03 1.000853434999999969e+01 -1.612565983000000074e+02
2.914708596999999827e+03 3.929886817999999948e+02 4.536034356999999773e+01
2.754856051000000207e+03 -1.079655649000000039e+02 -2.521804998000000069e+02
2.537057949000000008e+03 7.143770114000000149e+01 -1.128272012000000046e+02
2.375928977000000032e+03 4.258099970999999755e+02 -3.121454927999999995e+02
2.671598818999999821e+03 9.403551629999999761e+01 4.298619988000000092e+01
2.416120483000000149e+03 2.338872643999999923e+02 -2.266977540999999974e+02
2.718968080000000100e+03 8.046438163000000259e+02 -2.623226227000000108e+02
2.562475270999999793e+03 2.817019753999999807e+02 -2.835952671000000009e+02
2.443790019000000029e+03 -3.439958665000000337e+01 -2.683530433999999900e+02
2.644896254000000226e+03 -1.006710671000000019e+02 -3.952115100999999981e+02
2.508968300999999883e+03 8.620958186999999384e+01 -1.003599913000000043e+02
2.605136931000000004e+03 -9.788366347000000189e+01 -1.363938904999999977e+02
2.340987008999999944e+03 1.658663115999999889e+02 -2.860327121999999918e+02
2.677748129999999946e+03 1.603817265000000134e+02 -1.058155206999999933e+02
2.553714501999999811e+03 1.893469532000000015e+02 -4.538433002000000016e+01
2.816811048000000028e+03 2.486605529999999931e+02 -5.963254606999999652e+01
2.753917261000000053e+03 -7.116985732000000553e+01 -1.274656997999999959e+02
2.470348410999999942e+03 -5.948039067999999929e+01 -3.182319479000000229e+02
2.818964997000000039e+03 3.509107637000000182e+02 -2.373639125000000050e+01
2.370208755999999994e+03 1.038913011000000068e+02 -2.985518996000000129e+02
2.759503811000000042e+03 1.282365369000000044e+02 4.207002226000000178e+01
2.495285170000000107e+03 2.251414694000000054e+02 -2.811942133000000013e+02
3.130167945000000145e+03 -1.339061993999999913e+02 -1.402137119999999868e+02
2.865109526000000187e+03 1.901740511999999939e+01 -7.993797510999999645e+01
2.860819067999999788e+03 -1.964437628999999959e+02 -1.671447812000000113e+02
2.615381868999999824e+03 6.344391781000000208e+01 2.933193011999999911e+01
2.957298002999999881e+03 5.669132207999999764e+02 -1.596703644000000111e+02
2.582992522000000008e+03 -6.489281515999999783e+01 -3.596043144000000211e+02
2.515405638000000181e+03 9.645860595000000615e+01 -4.817255775999999656e+01
2.688947826000000077e+03 3.539751933000000008e+02 -2.361431435000000079e+02
2.714183129000000008e+03 4.991946790999999735e+02 -1.420771293999999898e+02
2.950934314000000086e+03 -6.673452613000000611e+01 -3.050026123999999950e+00
2.492837109000000055e+03 -1.266168581999999958e+02 -2.753727175999999872e+02
2.464540231999999833e+03 1.866412484999999890e+02 -1.351330735999999888e+02
2.638884422999999970e+03 5.126024598000000054e+01 -2.214975517999999965e+02
2.602244451000000026e+03 4.788605421999999976e+02 -1.463161901000000000e+02
3.171773286000000098e+03 -1.658433852000000002e+02 -1.800299866999999949e+02
2.415291025999999874e+03 4.121627715999999850e+02 -1.190348178999999931e+02
2.706486238999999841e+03 4.193365812999999775e+02 4.008275652999999750e+01
2.817663688000000093e+03 -1.563860862999999881e+02 -2.517905489000000046e+02
2.556952424999999948e+03 1.077414594999999942e+01 -1.806821598999999878e+02
2.464363797999999861e+03 2.912796523999999749e+02 -2.761230909000000224e+02
2.711016751000000113e+03 4.600238994000000048e+02 -1.267157706000000106e+00
2.504283207999999831e+03 2.463832926000000043e+02 -2.444480973000000006e+02
2.635739181999999801e+03 1.462429563000000030e+02 -1.887184887999999887e+02
2.737277086999999938e+03 7.568232847999999535e+01 -1.520895920999999973e+01
2.701607344000000012e+03 2.375183226999999988e+02 9.959188045999999872e+01
2.554031070999999883e+03 4.792020651999999927e+02 -1.229727974999999986e+02
2.542027610000000095e+03 -2.349021473999999898e+02 -3.648267921999999999e+02
2.436718942999999854e+03 1.771231720000000109e+02 -3.732025133000000210e+02
2.562404508000000078e+03 5.042774951000000101e+02 -1.221313475999999980e+02
2.677773465000000215e+03 5.372300245000000132e+02 6.387604840999999700e-02
2.791417641999999887e+03 -1.535579041999999959e+02 -3.012288707000000159e+02
2.738387779000000137e+03 1.074204615000000018e+01 -2.089155505999999889e+02
2.947342432999999801e+03 -8.641085778999999434e+01 -1.221908602999999971e+02
2.729819088000000193e+03 -9.722816570000000524e+01 -1.272800586000000038e+02
2.652170712000000094e+03 -2.228144474000000059e+02 -3.810423405000000230e+02
2.429390479000000141e+03 9.057602771999999902e+01 -2.303771418000000040e+02
2.610713130999999976e+03 5.924257932000000437e+02 -3.937419446999999906e+01
2.721120832999999948e+03 7.584975590999999895e+01 1.456240189999999934e+01
2.463649604000000181e+03 3.732002669999999966e+02 -2.057763568999999961e+02
2.409772531000000072e+03 -2.507680919999999958e+01 -2.792186217999999940e+02
2.614781152999999904e+03 1.590984306000000004e+02 -7.703997151000000088e+01
3.003056039999999939e+03 7.587937250999999605e+01 -5.724819724000000321e+01
2.811824873000000025e+03 1.772050130000000081e+02 1.650997079999999926e+02
2.499147023999999874e+03 9.477157624000000169e+01 -3.708059594000000061e+02
2.517787976000000072e+03 4.361936306999999857e+01 -3.483807436999999823e+02
2.556197619999999915e+03 3.965597938999999883e+02 -1.526156204000000116e+02
2.550227105999999822e+03 5.164213488000000325e+02 -7.906241036000000122e+01
2.528413306999999804e+03 3.835621302000000128e+02 -2.372822679999999878e+02
2.543926582999999937e+03 1.269942711000000060e+02 -5.672014176999999790e+01
2.592130975000000035e+03 7.549798607999999831e+02 -3.640535305999999878e+02
2.651896561999999903e+03 7.643716004999999996e+02 -3.630710126999999829e+02
2.851561431000000084e+03 5.038712398999999778e+02 1.610750778999999966e+01
3.037062758999999915e+03 4.060479766999999924e+02 3.771200340000000040e+01
2.965812766000000011e+03 5.153562549000000104e+01 -2.878859449000000126e+01
2.888693353000000116e+03 -5.235672387999999700e+01 7.596799837999999738e+01
2.371793655999999828e+03 5.798551965999999993e+02 -4.047381833000000029e+02
2.533425565999999890e+03 -2.435857067999999970e+01 -1.204209593000000069e+02
2.431983431999999993e+03 6.467638356999999871e+01 -2.020898082999999872e+02
2.968731843000000026e+03 1.213822760999999986e+02 -1.165929543999999964e+02
2.386159612999999808e+03 3.587656561000000011e+02 -3.968786661999999978e+02
3.099945873000000120e+03 9.976148708000000198e+00 -1.711379575999999929e+02
2.531515549000000192e+03 5.609083084999999755e+02 -1.035454555999999968e+02
2.883598832000000129e+03 4.783068324999999987e+01 5.839366500999999943e+01
2.561648448999999800e+03 -7.654037920000000383e+01 -4.375042804999999646e+01
2.596235205999999835e+03 1.511061834999999860e+02 6.078079358000000099e+01
2.823874104999999872e+03 -3.466758709999999866e+01 -1.631768394000000058e+02
2.335684431000000131e+03 8.214101340999999934e+01 -3.854139602000000195e+02
2.403809409999999843e+03 -3.452752673999999899e+01 -3.424309043999999744e+02
2.390004373000000214e+03 1.636240491000000077e+02 -1.497571293999999966e+02
2.419800080999999864e+03 4.434163464000000090e+02 -1.708076150999999925e+02
2.528899031999999806e+03 4.783032407000000035e+02 -2.885445837999999981e+02
2.726616544999999860e+03 7.138235064000000420e+02 -2.159356395000000077e+02
3.006978352000000086e+03 7.019543700999999913e+00 -1.531032832999999869e+02
2.744388269000000037e+03 4.864358854000000179e+02 -1.438824352000000033e+02
2.348044802999999774e+03 3.508647675000000277e+02 -3.897443890000000124e+02
2.857985838999999942e+03 -1.414271248000000014e+01 3.516404819000000259e+01
2.463506017000000156e+03 2.330075064000000111e+02 -3.949666411000000039e+02
2.900286242000000129e+03 1.916722882999999911e+02 -3.656893416999999857e+01
2.748755367000000206e+03 1.153464419999999961e+02 -9.891582185000000749e+00
2.722652770000000146e+03 -1.672513275000000021e+02 -1.090287576999999999e+02
2.564670180000000073e+03 7.694496172999999999e+02 -3.633366437000000246e+02
2.534350425999999970e+03 -7.439923358000000064e+01 -3.505363922000000230e+02
2.647225261000000046e+03 3.802482564000000025e+02 -1.221033922999999959e+02
2.788426084000000174e+03 -2.700997368999999821e+02 -3.222985123999999928e+02
2.774504621000000043e+03 -7.337664006999999344e+01 -7.331188828999999885e+01
2.391838401999999860e+03 3.304687824000000091e+02 -3.342316289999999981e+02
2.774100788000000193e+03 2.818668923999999834e+02 7.563465983999999764e+01
2.513395942000000105e+03 -1.824015384999999867e+01 -1.438516529999999989e+02
2.456534063000000060e+03 3.794331900999999903e+02 -3.650231691999999839e+02
2.707254518000000189e+03 1.935030173000000104e+02 7.534041537000000233e+01
2.787743160999999873e+03 5.436592725999999942e+01 -3.397757090000000346e+01
2.933111257999999907e+03 -1.679044896999999992e+02 -5.055996405999999865e+01
2.449448707999999897e+03 7.055121157000000665e+01 -2.724111356999999884e+02
2.937338247000000138e+03 1.488341920000000016e+02 -1.541828190999999890e+02
2.765249362000000019e+03 2.068493271000000107e+02 -2.112197528000000091e+02
2.782841219999999794e+03 -4.059001124999999988e+00 -6.026860689000000093e+01
2.543739235000000008e+03 3.941327818999999977e+02 -1.509275393000000065e+02
2.463454885999999988e+03 5.027245323000000212e+02 -2.152312686999999869e+02
2.522668692000000192e+03 5.618420737999999801e+02 -2.583322860999999762e+02
2.894271158000000014e+03 2.806770263000000227e+02 -9.484915485999999873e+01
2.518800071000000116e+03 3.681269179000000236e+02 -1.480844179999999994e+02
2.696718048000000181e+03 1.509737190000000062e+01 6.461786124999999714e+00
2.567855822999999873e+03 1.399834238999999947e+01 -1.439441260000000113e+02
2.688893852000000152e+03 4.874994050000000243e+02 -1.712484918000000107e+02
2.647401641999999811e+03 1.749971063000000129e+02 3.517772570000000343e+01
2.863291013000000021e+03 -6.581595873000000552e+01 -1.396819803999999863e+02
2.642744725000000017e+03 -9.406023768999999390e+01 -2.222396448000000078e+02
2.620506577000000107e+03 5.725859850000000506e+02 -4.445233331000000021e+01
2.316600358000000142e+03 3.105315977999999859e+02 -4.177862728999999717e+02
2.757494521999999961e+03 1.418281063999999958e+02 -2.478131610000000080e+02
2.572819393000000218e+03 -1.797096491000000071e+02 -3.813690505000000144e+02
2.613869025999999849e+03 2.106797029999999893e+01 -3.461855916999999749e+02
2.309385581000000002e+03 2.235735783000000083e+02 -2.448130398000000127e+02
2.674399643000000196e+03 2.849533293999999728e+02 -2.340960589999999968e+02
2.371799946000000091e+03 3.994328396000000225e+02 -2.884730205000000183e+02
2.647597452999999859e+03 3.701920954000000279e+02 -6.278016258000000249e+01
3.091361829999999827e+03 -9.426363397000000077e+01 -7.172228631999999493e+01
2.846042398999999932e+03 2.509539502000000084e+02 -9.664407532000000245e+00
2.503061877000000095e+03 1.070135285000000067e+02 -2.279959427000000005e+02
2.519894967000000179e+03 2.493322196000000019e+02 -9.670685256000000152e+01
2.601971863000000212e+03 5.939641067000000021e+02 -1.066348621000000065e+02
2.406701039000000037e+03 5.195840991999999687e+02 -3.401853735000000256e+02
2.661907231000000138e+03 5.105490012000000206e+02 -2.167628784000000053e+02
2.821748098000000027e+03 1.216970694000000037e+02 3.141843134999999787e+00
2.579647281000000021e+03 1.215277035000000012e+02 -2.018853460999999925e+02
2.537723602999999912e+03 4.995155874999999810e+02 -1.780926330000000064e+02
2.433887951000000157e+03 1.809472679000000142e+02 -3.984483331999999791e+02
2.451063003000000208e+03 5.186771516999999676e+02 -2.732144220000000132e+02
2.964237509999999929e+03 2.929092753999999843e+01 -7.371684319999999957e+00
2.594706228999999894e+03 -1.351789353000000062e+02 -3.110937185000000227e+02
2.561144459999999981e+03 1.481062192999999922e+02 6.092274359999999689e+01
2.919947075999999925e+03 1.409387154000000066e+02 1.816554012000000000e+02
2.786677478000000065e+03 -1.706701912999999990e+02 -3.503840959999999995e+02
2.849944135000000188e+03 3.797564449999999852e+02 6.460242221999999401e+01
2.457363272000000052e+03 3.633921459000000027e+02 -2.361725462999999934e+02
2.830648928000000069e+03 2.895493670000000179e+02 2.933164363999999935e+01
2.440725941000000148e+03 -2.369303573999999912e+01 -2.149623901999999873e+02
2.708800626000000193e+03 5.475347598999999832e+01 -2.305681779999999890e+02
3.126304551000000174e+03 -1.520762945999999971e+01 -7.352203310999999530e+01
2.675983874999999898e+03 4.202376039999999762e+02 6.599368612000000667e+01
2.504989206000000195e+03 7.220215862999999956e+01 -1.241372982999999977e+02
2.597977565000000141e+03 1.305254135000000026e+01 -1.736764790999999946e+02
2.604875226999999995e+03 2.042776533999999913e+02 -6.376734890999999905e+00
2.649974947000000157e+03 6.213596442000000479e+02 -1.704508394000000067e+02
3.047958676000000196e+03 4.169998967000000221e+02 5.875752499000000029e+01
2.655939123999999993e+03 5.906217341000000260e+02 -2.483323988999999870e+02
2.857968119000000115e+03 6.675420013000000097e+01 -6.903012162999999646e+01
2.582028827999999976e+03 2.651287770000000137e+02 -3.453086798999999729e+01
2.703417303000000175e+03 8.508204646999999454e+01 -2.335750548000000038e+02
2.489651809999999841e+03 3.426058835000000045e+02 -1.049581886999999938e+02
2.743567407999999887e+03 -9.472171901000000105e+01 -8.759666522000000555e+01
2.861843682000000172e+03 2.847005181000000107e+02 -4.655213999999999963e+00
2.626163810999999896e+03 5.311302306999999701e+01 -1.099377587000000034e+02
2.750896584999999959e+03 1.245024082999999990e+02 -2.161717116000000090e+02
2.676222882000000027e+03 -7.525170812999999725e+01 -1.131801892999999950e+02
2.995633311999999933e+03 -5.891060274000000163e+01 -1.865582057000000020e+02
2.431403996999999890e+03 1.363663149999999860e+02 -2.094943579000000113e+02
2.418354158000000098e+03 7.378563540999999759e+01 -3.269056805000000168e+02
2.814220229000000018e+03 -5.040610689999999749e+01 -1.173915965999999997e+02
2.367397329999999783e+03 9.439940729999999292e+01 -2.071485920000000078e+02
2.619498484000000190e+03 4.236001899999999978e+02 4.254325966999999764e+01
2.477909783000000061e+03 9.397736147000000528e+01 -1.276888376999999934e+02
2.998421510000000126e+03 3.674781439000000205e+02 7.099571742000000540e+01
2.569921308999999837e+03 4.641885624000000234e+02 -1.692729119999999909e+02
2.886462281999999959e+03 -1.563883730999999955e+02 -1.744962296999999865e+02
2.783730618000000050e+03 4.045395291999999898e+01 -2.179211492999999962e+02
2.464757427999999891e+03 2.191568429999999879e+01 -3.825510686999999734e+02
2.585582174000000123e+03 2.029651537000000019e+02 -6.055665047000000101e+01
2.505546234999999797e+03 7.242614161000000195e+01 1.359865953999999988e+01
2.679128066000000217e+03 2.760466192000000092e+02 -2.312544644999999832e+01
2.768628901000000042e+03 -2.630209211999999752e+02 -2.680560891000000083e+02
2.771375720999999885e+03 3.509873924000000045e+01 1.085757038999999935e+02
2.623056535000000167e+03 4.233701573999999823e+02 -1.319160042999999973e+02
2.400931368999999904e+03 3.690829114000000004e+02 -4.044824249000000123e+02
2.939002112000000125e+03 -9.665660148000000618e+00 -1.484249092999999959e+02
2.639120014000000083e+03 3.089507542999999856e+01 -1.915632366000000104e+02
2.534004686000000220e+03 4.368201412999999889e+02 -1.370049608999999862e+02
3.183862218000000212e+03 -1.060593135000000018e+02 -1.843169570000000022e+02
2.348075860999999804e+03 4.032373819000000026e+01 -3.675829501000000050e+02
2.316089410000000044e+03 1.777748564000000044e+02 -2.765745638999999869e+02
2.794686959000000115e+03 3.234485738000000197e+02 2.659983370000000136e+01
2.607499517000000196e+03 1.933004244999999912e+02 -1.219273050999999981e+02
2.498388694000000214e+03 2.848745155999999952e+02 -7.178338680999999610e+01
2.958243726000000152e+03 3.497781934999999862e+02 6.761787542999999800e+01
2.359259907000000112e+03 3.346359079999999722e+02 -4.130098904000000175e+02
2.848087536999999884e+03 4.297269962999999962e+02 -2.021567897999999985e+01
2.611145719999999983e+03 -1.952737368999999887e+02 -2.403752043000000072e+02
2.794255269000000226e+03 -2.250658004999999946e+02 -1.855302140999999949e+02
2.871172098999999889e+03 5.113134479999999940e+02 -1.706471794999999929e+02
2.710253373999999894e+03 3.143199663999999984e+02 -1.469554583000000036e+02
2.676864990000000034e+03 4.833181680999999799e+02 -9.842538971000000458e+01
2.918120452000000114e+03 -6.655192504999999414e+01 -4.384994448999999861e+01
2.730084198999999899e+03 -7.255143982999999963e+00 -2.355304159000000084e+02
2.789557428999999956e+03 2.996457399999999893e+02 1.215997466000000031e+02
2.309975848000000042e+03 1.979492596999999989e+02 -3.074444505999999819e+02
2.637275009999999838e+03 -5.197119064000000321e+01 -3.069219989999999854e+01
2.358969339000000218e+03 2.744471727000000172e+01 -3.649654972000000157e+02
3.070131695999999920e+03 -4.444562177000000247e+01 -1.150271941999999967e+02
2.802137378999999783e+03 1.500900784000000101e+02 -4.544233764999999892e+01
2.710672939000000042e+03 2.627479326999999785e+02 -2.438748865000000023e+02
2.617702420000000075e+03 -2.600712287000000060e+02 -3.620801624999999717e+02
2.538043641000000207e+03 5.910224384000000555e+02 -1.257597635000000054e+02
3.003555641999999807e+03 -2.572425580999999966e+02 -2.290969896999999946e+02
2.865143267999999807e+03 2.369326096000000064e+02 -5.752897783000000231e+01
2.641845400000000154e+03 5.604740286999999626e+02 -2.142948772999999960e+02
2.632848865999999816e+03 1.499177736000000039e+01 -1.036783353000000005e+02
2.355018570000000182e+03 1.810269343999999876e+02 -4.033301870999999892e+02
2.824840580999999929e+03 2.582201332999999863e+02 -1.053560453999999993e+02
2.581468570999999883e+03 3.745098269999999729e+02 4.244686653000000121e+01
2.426903486000000157e+03 3.861419303999999784e+02 -3.931174798999999780e+02
2.912431798999999955e+03 5.749445075999999943e+01 -4.531253472000000215e+01
2.692520525999999791e+03 -1.021070227000000052e+01 4.008903703000000007e+01
2.573858060999999907e+03 -5.678682271000000270e+01 -1.678288238000000092e+02
2.689978716000000077e+03 2.981217407999999978e+02 -4.500765893999999889e+01
2.675622741000000133e+03 7.247075766000000385e+02 -2.555698514000000046e+02
2.822270732999999836e+03 3.715271400999999969e+02 -5.648181295999999918e+01
2.697347483000000011e+03 -2.276947992999999997e+02 -3.574275665000000117e+02
2.633738637999999810e+03 5.820579367000000275e+02 -3.838247823999999753e+01
3.000441765000000032e+03 3.643808419000000072e+02 1.759854989000000103e+01
2.741232376999999815e+03 4.353100933999999711e+01 -1.998434994000000131e+02
2.727481084000000010e+03 -1.871541110000000074e+01 -2.402829324000000000e+01
2.478197678999999880e+03 3.820230394999999817e+02 -1.254921230000000065e+02
2.779221200999999837e+03 3.203573625000000220e+02 -1.048300303000000042e+02
2.897238725000000159e+03 -2.684715482000000009e+01 -1.921236543999999924e+02
2.433473046000000068e+03 2.086841186000000050e+02 -1.431044816000000139e+02
2.350583940999999868e+03 8.087977410000000589e+01 -2.934990397999999914e+02
2.596884372999999869e+03 1.985553104999999903e+02 -5.752190202999999968e+01
2.437721908999999869e+03 1.828691157000000089e+02 -8.766728947999999377e+01
2.618447967999999946e+03 2.924471697000000177e+02 -7.421085600000000682e+01
2.821348872000000028e+03 1.622551823999999954e+02 1.021954573999999951e+02
2.944655029999999897e+03 -3.712469008999999875e+00 -2.155854445999999882e+02
2.688036078000000089e+03 -5.930674431999999996e+01 -4.358905639999999693e+01
2.608510737999999947e+03 1.990778193999999957e+01 -9.571905200999999863e+01
2.492858243000000130e+03 4.729468709999999874e+02 -2.255682456000000116e+02
2.468095319999999901e+03 1.909391826000000094e+02 -1.650563224999999932e+02
2.525319597000000158e+03 -5.590553684999999717e+00 -3.974355836999999951e+02
2.346080378000000110e+03 1.596654047000000105e+02 -1.929003432000000089e+02
2.624907469000000219e+03 5.464988111000000117e+02 -1.737736486999999954e+02
2.886252958000000035e+03 -2.646538656000000174e+02 -3.467085615999999959e+02
2.889757751999999982e+03 -2.047491900999999928e+02 -1.797862107999999921e+02
2.442426339999999982e+03 6.841692531999999574e+02 -2.823380152999999950e+02
3.125497534000000087e+03 8.176173810999999603e+01 -8.835946699000000137e+01
2.481993504999999914e+03 9.983822175999999615e+01 -7.077686705000000700e+01
2.633727623000000222e+03 6.183857705000000351e+02 -2.328372827000000029e+02
2.765071496000000025e+03 4.301430657999999880e+02 -1.762660975000000008e+01
2.892625949000000219e+03 3.193738625999999954e+02 3.140608961999999948e+01
2.483733983999999964e+03 3.663133650999999986e+02 -1.591113153999999952e+01
2.677095906999999897e+03 1.073579826999999938e+02 -3.172219199999999972e+01
2.766880462000000080e+03 3.951928216999999677e+01 -1.290898165000000120e+02
2.394953915000000052e+03 2.369646845999999982e+02 -1.640535199999999918e+02
2.626030257999999776e+03 -9.224177899000000025e+01 -1.175586997000000054e+02
2.637411001999999826e+03 6.164145635999999513e+02 -1.769211333000000081e+02
2.585826746000000185e+03 4.576848188999999820e+02 -5.636807363999999865e+01
2.799088358999999855e+03 -9.453297270999999569e+01 -1.147248333999999943e+02
2.924161077000000205e+03 2.488952532000000133e+02 -2.102457065000000114e+01
2.669222272999999859e+03 1.176751301999999981e+02 4.719072784999999826e+00
2.551477117999999791e+03 3.760826432000000068e+02 -2.566967131999999765e+02
2.846629143000000113e+03 -1.564769443000000138e+02 -1.903259854000000075e+02
2.703269589999999880e+03 2.771790067000000022e+02 7.944860142000000280e+01
2.520396247000000130e+03 5.744031402000000242e+01 -2.913665828000000033e+02
2.629765890000000127e+03 -8.871941845000000626e+01 -8.822347987000000558e+01
2.782325007999999798e+03 2.599066349999999943e+02 -7.515198300000000131e+01
2.811262487999999848e+03 4.054139788999999894e+01 -2.184835547000000133e+02
2.554108325000000150e+03 -2.565214875999999933e+01 -3.706159599999999728e+02
2.813706954000000223e+03 -9.241271876000000418e+01 -3.363119528000000003e+01
2.888452780000000075e+03 -5.188331758000000349e+01 2.641186817000000175e+01
2.483142457999999806e+03 6.816686758000000168e+01 -1.826729840000000138e+02
2.743060986999999841e+03 4.627986111000000164e+02 -1.574316348000000119e+02
2.599198891000000003e+03 1.099569541000000044e+02 -1.485134989999999959e+02
2.685155874000000040e+03 4.310180366999999819e+02 2.401759832000000117e+01
2.447824326999999812e+03 1.418903022000000078e+02 -1.274046227000000044e+02
2.717816381000000092e+03 2.707743952000000149e+02 -9.483296932000000368e+01
2.356163255999999819e+03 1.986200609999999926e+02 -3.785530709000000229e+02
2.624281422999999904e+03 3.518967880000000150e+02 -2.021007648000000074e+02
2.838294808000000103e+03 1.582371267999999986e+02 -9.826334316000000513e+01
2.736269038999999793e+03 2.756719213000000082e+02 -1.168833953000000037e+02
2.572645993999999973e+03 1.882519682999999873e+02 1.194112828999999998e+01
2.572772053000000142e+03 6.497486582999999882e+02 -2.270975708999999938e+02
2.767941490000000158e+03 3.040255632999999875e+02 6.886146193999999809e+01
2.749875747999999930e+03 2.823121208000000024e+02 -1.442566949000000136e+02
2.896344224999999824e+03 -2.667727786000000023e+01 1.314906028999999954e+01
2.567676724999999806e+03 -1.091763825000000026e+02 -3.117288351000000262e+02
2.833392719999999827e+03 1.841946658999999897e+02 -1.438418839999999976e+00
2.941579875999999786e+03 1.085809002000000021e+02 -8.710742480000000398e+00
2.925211510000000089e+03 2.880716623000000141e+02 7.336085421999999312e+01
2.950308086999999887e+03 3.933372640000000047e+02 1.067882457999999986e+02
2.935244717999999921e+03 9.818446081000000447e+01 -1.834284169000000020e+02
2.386099640999999792e+03 3.216908966999999961e+02 -3.690953751999999781e+02
2.333607063999999809e+03 1.299155557999999928e+02 -3.388047098000000119e+02
2.612175443000000087e+03 1.261944953999999939e+02 -1.457409068000000048e+02
2.815114130999999816e+03 2.570949062999999910e+02 3.521352614999999986e+01
2.565807111999999961e+03 3.327409767999999985e+02 -2.348501282000000003e+02
2.507917628000000150e+03 3.035055401000000188e+02 -6.751702500000000384e+01
2.620233419000000140e+03 4.782482335000000262e+02 -2.189517883999999981e+02
2.968498255999999856e+03 4.550402993000000151e+01 -4.215705236000000156e+01
2.487666726999999810e+03 1.067660620000000051e+02 -1.040095230000000015e+02
2.341149532999999792e+03 7.995745718000000579e+01 -2.071188246000000106e+02
2.411001843000000008e+03 1.363989737999999932e+02 -5.138974919999999713e+01
2.666261204999999791e+03 -8.914935144000000378e+01 -1.254700794999999971e+02
2.850798487999999907e+03 3.111403885999999943e+02 -4.490555164999999960e+00
2.677716093000000001e+03 6.583866808000000219e+02 -2.338781128999999908e+02
2.340160451000000194e+03 3.546336858000000092e+01 -3.559237916999999811e+02
2.835556156999999985e+03 1.770096456999999930e+02 -1.375742529000000047e+02
3.005582480000000032e+03 -3.168306258999999869e+01 -1.652884444000000030e+02
2.430969008000000031e+03 7.807852886000000048e+00 -2.731513597000000004e+02
2.832402578000000176e+03 1.563162591999999904e+02 -1.737027086999999881e+01
2.391445956000000024e+03 2.491140841000000137e+02 -3.692156059999999798e+02
2.772091882000000169e+03 5.290521145000000161e+02 6.998080518000000438e+01
2.621339329999999791e+03 1.190158665999999954e+01 -3.219718265000000201e+02
2.363585778000000118e+03 1.488628560999999877e+02 -2.330350256000000115e+02
2.357048609999999826e+03 4.382298228999999878e+02 -2.908307049000000006e+02
2.621192289000000073e+03 2.611784696000000281e+02 -1.820594999000000058e+01
3.108132236999999805e+03 -2.297861671000000001e+02 -1.855969431999999983e+02
2.524035854000000199e+03 4.478217756999999892e+02 -1.494123442000000068e+02
2.620020371000000068e+03 -2.529122306000000009e+01 1.921312646000000157e+01
2.639540590000000066e+03 1.139276278000000087e+00 -2.838109949000000256e+02
2.749054693999999927e+03 2.783450750000000085e+02 1.524880207999999868e+02
2.592752054000000044e+03 4.480443885999999907e+02 3.254905155000000150e+01
2.741956744999999955e+03 -7.408072736000000269e+00 -2.660542553999999882e+02
2.789045059999999921e+03 6.781331869000000552e+02 -1.503931571999999903e+02
2.395597968999999921e+03 3.450555742999999893e+02 -3.663497201999999788e+02
2.594686102000000119e+03 6.707392373000000134e+02 -2.565910243999999807e+02
2.605455355000000054e+03 -2.216190943999999945e+02 -4.225381891000000110e+02
2.606508236000000124e+03 1.301003157000000066e+01 -3.834447948999999767e+02
2.512768936999999823e+03 2.897296997000000260e+02 -2.934722983999999997e+02
2.447324493999999959e+03 3.701753286000000003e+02 -2.282951083000000096e+02
2.957323366000000078e+03 2.760940393000000199e+02 2.481666105000000044e+01
2.536300051000000167e+03 -1.645357304000000056e+02 -3.729275600999999938e+02
2.519397011000000020e+03 -1.121193789000000010e+02 -3.498843557999999803e+02
2.515022792000000209e+03 1.779661683999999866e+02 -1.415105054999999936e+02
2.825175917999999911e+03 3.171628607000000102e+02 1.063405516000000084e+01
2.871421602999999777e+03 1.183969814000000014e+02 1.052360045000000071e+02
2.961327334999999948e+03 1.086852295000000055e+02 -6.783176245999999310e+01
2.754993444000000181e+03 -1.571001922000000093e+02 -2.557009208999999998e+02
2.448311722999999802e+03 9.122707798999999795e+01 -7.914757332000000645e+01
2.732223270999999841e+03 3.326034050999999749e+02 -5.472562896000000165e+01
3.066641347000000223e+03 2.738862426999999933e+00 8.500632561000000464e+01
2.747384168000000045e+03 -5.681303261000000049e+01 -3.307346519000000029e+01
2.447413809000000128e+03 3.436186592000000246e+02 -1.352135322999999971e+02
2.701148371000000225e+03 2.995345092000000022e+02 -4.359540914000000100e+01
2.446921925000000101e+03 2.831574244000000249e+02 -2.180916044999999883e+02
3.079207275000000209e+03 -2.043936295999999970e+02 -1.351038049000000001e+02
2.519076379000000088e+03 4.718352939999999762e+02 -1.768640235999999959e+02
2.325664114000000154e+03 1.427078531999999882e+02 -3.101962831999999821e+02
2.823398924000000079e+03 -4.463027552999999870e+01 -2.649228858999999829e+02
2.430499805999999808e+03 5.683905548999999837e+02 -2.386619561999999917e+02
2.890490662000000157e+03 3.378081879000000072e+02 -3.016637413999999850e+01
