2.639192982000000029e+03 1.347353607999999952e+02 -1.556436266999999987e+02
2.876805159000000003e+03 3.055627167000000100e+01 -3.429398120999999833e+02
2.716429571000000124e+03 1.609175500999999997e+01 -2.007681565000000035e+02
2.970124417999999878e+03 -2.215514325000000042e+02 -3.634040795000000230e+02
2.382924229000000196e+03 2.127249490000000094e+02 -4.233621994000000086e+02
2.786735182999999779e+03 -1.125799484000000064e+02 -1.029634264000000030e+02
2.635015264000000116e+03 5.362777919999999767e+02 -3.871595083000000272e+02
2.878219216999999844e+03 5.599250475000000193e+01 -1.374223583000000133e+02
2.611656833000000006e+03 2.700402758999999833e+02 -4.113931276999999795e+02
2.895866680999999971e+03 8.052673926999999310e+01 -1.856286915000000022e+02
2.550104007999999794e+03 2.666609052000000020e+02 -1.195741502999999994e+02
2.720807315999999901e+03 3.605296376000000009e+02 -1.249438676999999984e+02
2.860968096000000060e+03 4.753360473000000042e+01 -1.233625894999999986e+02
2.491936560999999983e+03 4.111276960999999801e+02 -2.821985501999999997e+02
2.627182170000000042e+03 -3.101901083999999855e+02 -5.230909718999999996e+02
2.633740883999999824e+03 3.878315262000000274e+01 -2.700541900000000055e+02
2.552028807000000143e+03 -1.014900102999999945e+02 -2.146661105000000020e+02
2.805378877000000102e+03 1.810275602999999833e+01 -1.212055407000000002e+02
2.453159432999999808e+03 3.941320494000000281e+02 -3.391497112999999786e+02
2.719670853999999963e+03 1.692911759000000131e+02 -1.036976295000000050e+02
2.522093572000000222e+03 -5.268051799000000202e+00 -3.675067465999999854e+02
2.472506238999999823e+03 -1.338544072999999912e+02 -5.280229998999999452e+02
2.806307322999999997e+03 3.765644045999999889e+02 -1.789542802999999935e+02
2.617513600000000224e+03 -4.404630975999999976e+01 -3.295812154000000191e+02
2.424013225000000148e+03 8.136121031000000414e+01 -5.543698240999999598e+02
2.700056670999999824e+03 3.720386659000000122e+02 -1.876772722999999985e+02
2.691510153000000173e+03 1.768204715999999905e+02 -2.277168538999999896e+02
2.741622349000000213e+03 -2.789697223000000008e+02 -5.095896298999999772e+02
2.888739047999999912e+03 -8.939990801999999803e+01 -3.708087095000000204e+02
2.440077930999999808e+03 2.481483134999999951e+00 -2.258845231999999896e+02
2.510383909000000131e+03 3.411844027999999867e+02 -2.269920382999999902e+02
2.723627962999999909e+03 2.702592544999999973e+02 -1.338219116999999869e+02
2.644629947999999786e+03 5.846449466999999913e+02 -3.449786978999999860e+02
2.272705174000000170e+03 3.658084716000000185e+02 -4.945924552999999833e+02
2.661110138000000006e+03 3.418749665999999934e+02 -9.957592037999999945e+01
2.756115514000000076e+03 4.679857582000000207e+02 -3.168496306999999774e+02
2.848009868000000097e+03 -2.294547956000000113e+02 -3.764451889000000051e+02
2.617846868999999970e+03 -2.417662921000000154e+01 -2.553647775999999965e+02
2.708583672000000206e+03 7.048234438999999441e+01 -2.467392777999999964e+02
2.756582464000000073e+03 -1.371742135000000076e+02 -3.056497876999999903e+02
2.498811463000000003e+03 1.309308791999999926e+02 -4.205580438999999728e+02
2.744675142999999935e+03 1.419122900000000129e+02 -5.017964359999999857e+01
2.504496176999999989e+03 2.527766468000000089e+02 -3.104591002999999887e+02
2.592658097999999882e+03 1.583543976999999927e+02 -2.418680744000000118e+02
2.785657294999999976e+03 -1.286046581999999887e+02 -2.657908646000000203e+02
2.670002871000000141e+03 2.431086452000000122e+02 -2.947339370999999915e+02
2.763720423000000210e+03 2.373164377999999886e+02 -3.873756893000000190e+01
2.603954548000000159e+03 4.418320128999999952e+02 -1.824402258000000074e+02
2.367481678000000102e+03 2.635136107999999808e+02 -2.880971465999999737e+02
2.731808927000000040e+03 -2.214721298000000047e+02 -3.334557278999999994e+02
2.480768226000000141e+03 -1.364110525000000109e+02 -5.224530413999999610e+02
2.573672982000000047e+03 3.786103198000000134e+02 -2.883466071000000284e+02
2.557329263999999966e+03 5.539195736000000352e+02 -3.155954575999999747e+02
3.035640495000000101e+03 -6.381330418999999665e+01 -1.230525267000000014e+02
2.911598663000000215e+03 -3.220692369000000355e+01 3.036213307000000139e+00
2.533343303999999989e+03 1.870933947000000046e+02 -4.943715789999999970e+02
2.538905803999999989e+03 2.762744197000000099e+02 -2.922210390999999845e+02
2.676825015999999778e+03 2.249800973000000113e+02 -1.669037514000000044e+02
2.789159289000000172e+03 5.058910217999999759e+02 -1.911052890999999931e+02
2.659745261000000028e+03 -2.425516073999999946e+02 -4.378297896999999921e+02
2.840453301000000010e+03 -8.920334458000000666e+01 -3.249987990999999852e+02
2.731736459000000195e+03 3.955702388000000269e+02 -1.903110018000000139e+02
2.626712618000000020e+03 -1.251451296999999983e+02 -4.808596062999999958e+02
3.026452507999999852e+03 1.745279391999999916e+02 -1.273933098000000008e+01
2.675968683999999939e+03 2.323062055000000043e+02 -3.873440807000000063e+02
2.621955467000000226e+03 7.770521071999999663e+01 -2.349563818999999967e+02
2.792546843000000081e+03 -9.076583023999999966e+01 -3.056874485000000163e+02
2.616028523999999834e+03 -2.071536307000000079e+02 -5.240558651999999711e+02
2.938037491999999929e+03 1.445514688000000092e+02 -6.538119894999999815e+01
2.798617501000000175e+03 2.386564467999999977e+02 -3.347597164000000021e+02
3.044005908000000090e+03 -2.134041161000000102e+02 -1.843528628999999910e+02
2.427113805999999840e+03 3.864601670000000126e+02 -5.118881453999999849e+02
2.388977828999999929e+03 2.376841582000000130e+01 -3.428256832999999801e+02
2.478190520000000106e+03 1.866891440999999929e+02 -1.174471762999999953e+02
2.600428586999999879e+03 6.470285546000000068e+02 -3.063778586000000246e+02
2.394757508000000144e+03 6.513279285999999502e+01 -3.918631138000000078e+02
2.599726659999999811e+03 2.927927369999999883e+02 -9.593518500999999787e+01
2.916091804000000138e+03 -1.952288920999999959e+02 -1.768060336000000063e+02
2.583946918000000096e+03 1.238479224000000016e+02 -1.969021586000000070e+02
2.625204224999999951e+03 4.849969358999999827e+02 -2.574396649999999909e+02
2.467253266000000167e+03 3.558142647999999895e+02 -2.461003991999999982e+02
2.483930064000000129e+03 1.520571750999999949e+02 -2.459853718999999899e+02
2.837388899999999921e+03 2.025013451000000089e+02 3.535623912999999874e+01
2.588546788000000106e+03 2.459375919000000010e+02 -3.519916878000000224e+02
2.356350236000000223e+03 2.881530864999999864e+01 -4.540724367999999913e+02
2.714446057999999994e+03 7.588179396000000452e+02 -1.912052481999999998e+02
2.834486899999999878e+03 1.786353895999999963e+02 -2.760364663999999948e+02
2.887584993999999824e+03 4.903384015000000318e+01 -2.573491098999999735e+02
2.596707549000000199e+03 -1.162805749000000048e+02 -5.405175592000000506e+02
2.483577600999999959e+03 5.263003910999999846e+01 -4.290936052999999788e+02
2.859183312000000114e+03 -6.457596150999999907e+01 -2.649198786000000041e+02
2.555017683999999917e+03 2.712047600000000216e+02 -3.595793863000000101e+02
2.930095874000000094e+03 -1.538115679999999941e+02 -3.989860580000000141e+02
2.650236973000000035e+03 4.518443305000000123e+02 -3.758796884999999861e+02
2.314409000000000106e+03 1.538987012000000050e+02 -4.867935180999999716e+02
2.537338380000000143e+03 8.053132368000000270e+02 -4.876240121000000158e+02
2.706643869999999879e+03 1.406856550999999911e+02 -1.204200454000000065e+02
2.439799079999999776e+03 2.686006277999999838e+02 -3.713546185999999807e+02
2.563331418000000212e+03 1.072034766000000019e+02 -2.950189766999999961e+02
2.507538218000000143e+03 1.702781350999999859e+02 -2.452305310000000134e+02
2.840688853999999992e+03 1.400384632999999894e+02 -1.926091421000000139e+02
2.738276162000000113e+03 -3.077749644000000018e+01 -6.464375793000000670e+01
2.618721429000000171e+03 3.141343789000000015e+02 -1.048840344000000044e+02
2.620908694000000196e+03 1.345195339999999931e+02 -2.293828330999999920e+01
2.551656743999999890e+03 2.631446477000000073e+02 -4.267721993999999768e+02
2.483234504000000015e+03 6.084270836999999688e+01 -4.090973505000000046e+02
2.514101591999999982e+03 -1.194722735999999941e+01 -4.522423888999999804e+02
2.405640718999999990e+03 6.042823233000000016e+01 -2.455505377000000067e+02
2.635878000000000156e+03 -2.322675628000000074e+02 -5.587709033999999519e+02
2.462047120000000177e+03 -1.586214478000000039e+00 -2.878286357999999723e+02
2.421477574000000004e+03 3.664765322000000083e+02 -3.078238625000000184e+02
2.685871462000000065e+03 2.844130400999999893e+02 -1.339966277999999988e+02
2.581237752000000000e+03 4.090726357999999863e+01 -2.099768455999999901e+02
2.533814048000000184e+03 2.909426720000000159e+02 -2.204608528999999919e+02
2.867168181000000004e+03 2.275669363000000089e+02 -2.457055968999999891e+02
2.396113241000000016e+03 -4.144017318000000216e+01 -5.235645922999999584e+02
2.722297700999999961e+03 2.456223141000000112e+02 -2.290721704999999986e+02
2.588814164999999775e+03 6.716202818000000434e+02 -2.732413910000000214e+02
2.592684632999999849e+03 2.354146240999999975e+02 -4.185839692999999784e+02
2.382985420999999860e+03 1.939121802999999886e+02 -4.847542596000000117e+02
2.839375845999999910e+03 3.110903686999999991e+02 -2.141911609999999939e+02
2.463814142000000174e+03 -2.035335934000000009e+02 -5.143776891999999634e+02
2.791863019999999779e+03 -8.014177619999999891e+00 -1.690871377999999936e+02
2.734865255000000161e+03 -2.360091696000000070e+02 -3.804016887000000224e+02
2.761908774999999878e+03 2.685328714999999988e+01 -2.668445219000000179e+02
2.499893279999999777e+03 2.884014377999999965e+02 -1.500200681000000031e+02
2.490448315000000093e+03 5.521057499999999436e+02 -2.893938501999999744e+02
2.823061791999999969e+03 2.115029087000000061e+02 -3.082322144999999978e+02
2.742888543000000027e+03 -7.822052139000000182e+01 -3.475238646000000244e+02
2.576893298999999843e+03 2.607241142999999965e+02 -3.012919850000000110e+02
2.652417410000000018e+03 1.343969270000000051e+02 -3.816045909000000051e+02
2.683415147000000161e+03 3.745721088999999893e+02 -9.438700706999999568e+01
2.558194856000000073e+03 3.798202942999999721e+01 -2.311514929999999879e+02
2.447549667000000227e+03 -2.090140541999999968e+01 -5.623849732999999560e+02
2.334210845999999947e+03 6.370011077000000022e+00 -5.457014840000000504e+02
2.535699078000000100e+03 4.390985458000000285e+00 -5.442163015999999516e+02
2.889157886999999846e+03 -2.455790543000000170e+01 -3.541191135999999915e+02
2.481321292000000085e+03 -6.055590811000000073e+00 -3.151032549000000245e+02
2.517212085000000116e+03 1.478229061000000115e+02 -2.482907515999999930e+02
2.634716319000000112e+03 2.529353274000000056e+02 -2.759059670999999980e+02
2.780597037999999884e+03 -1.389368604000000005e+02 -2.512041073000000040e+02
3.067361147000000074e+03 -8.783318271999999638e+01 -3.025170466999999803e+02
3.069219944999999825e+03 9.393124224999999683e+01 -3.241731545999999753e+01
2.414331153999999970e+03 7.598575829999999476e-01 -5.360486518999999817e+02
2.646875219999999899e+03 7.422582223000000567e+02 -3.566763530000000060e+02
2.717090350999999828e+03 4.508106908999999973e+02 -2.272722970000000089e+02
2.670779355000000123e+03 2.441562040000000025e+02 -2.747106610000000160e+02
2.537872203999999783e+03 4.858142007999999805e+02 -2.738952945999999997e+02
2.543667256000000179e+03 -1.942818076000000076e+02 -4.049631211000000235e+02
2.703503823999999895e+03 1.452319186000000002e+02 -2.928429629999999975e+02
2.579611776000000191e+03 5.402166859999999815e+01 -3.419399922999999717e+02
2.723592032999999901e+03 -1.007721281999999974e+02 -2.730177611999999954e+02
2.731233401999999842e+03 -1.638101158999999996e+02 -3.351111435000000256e+02
2.687870810999999776e+03 4.187336476000000118e+01 -2.567440720000000169e+02
2.887837128000000121e+03 -1.367949490999999966e+02 -1.829744287999999983e+02
2.931165603999999803e+03 -9.354166940999999724e+01 -3.047482327000000168e+02
2.700187793999999940e+03 1.227087127000000066e+02 -1.331320234000000085e+02
3.045303193000000192e+03 -1.267407946000000118e-01 -2.649316597000000115e+02
2.658535804999999982e+03 3.494863920999999891e+02 -1.269297078000000027e+02
2.478845534000000043e+03 3.618747465000000147e+02 -2.345382744000000059e+02
2.636694774000000052e+03 3.398312948999999890e+02 -3.132831482999999935e+02
2.910759395000000040e+03 -1.278095532999999939e+01 -1.845771124000000043e+02
2.763595230999999785e+03 2.233783699999999897e+02 -3.602673475999999937e+02
2.730054175000000214e+03 -1.482468545000000120e+02 -5.215029928999999811e+02
2.688571894000000157e+03 1.394926916000000006e+02 -2.220588600000000099e+02
2.602128783000000112e+03 7.534517508999999791e+02 -3.946158866999999759e+02
2.470748712000000069e+03 4.111989856999999802e+02 -3.088035120999999776e+02
3.002720526999999947e+03 1.696025035000000116e+02 -2.093042627999999894e+01
2.315093554000000040e+03 3.219484499999999798e+02 -5.550675787999999784e+02
2.665928119000000152e+03 3.442335011000000122e+02 -1.006994607999999971e+02
2.999240201999999954e+03 2.027356195000000127e+02 3.862352614000000273e+01
2.545066952000000128e+03 3.594742140999999833e+02 -2.923577726999999982e+02
2.404469126999999844e+03 7.168205070000000205e+02 -4.625102456999999845e+02
2.709105876999999964e+03 -3.130887910000000147e+02 -4.233705734000000120e+02
2.656399503999999979e+03 -1.434695997999999975e+02 -1.259819896999999997e+02
2.460644072999999935e+03 4.879992182999999955e+02 -2.852755386000000044e+02
2.434859461999999894e+03 3.954719989000000169e+02 -3.196042588999999907e+02
2.953533617999999933e+03 2.369657901999999865e+02 -1.722980298999999889e+02
2.338112709999999879e+03 -3.255005526000000060e+01 -5.020726922000000059e+02
2.460414734999999837e+03 3.329650005999999962e+02 -3.102996142000000077e+02
2.907328738000000158e+03 -1.336956900000000132e+02 -3.421036811999999827e+01
2.881766762000000199e+03 7.692747733999999582e+02 -3.135364705000000072e+02
2.683451277000000118e+03 2.524901754999999923e+02 -3.932357329000000163e+02
2.934118343999999979e+03 -5.304765589000000148e+01 -1.229763183000000026e+02
2.540904598000000078e+03 2.458507154000000128e+02 -4.290587669999999889e+02
2.761537173000000166e+03 6.888902982999999836e+01 -1.735663639999999930e+02
2.738104307999999946e+03 -1.378981513999999891e+02 -4.439678134000000114e+02
2.354186246000000210e+03 -1.487743663000000005e+01 -3.827499703999999952e+02
2.985473750000000109e+03 -1.643520501000000138e+02 -3.436891749000000118e+02
3.005467634000000089e+03 3.129307296999999721e+02 -1.002914959999999951e+02
2.522060454999999820e+03 4.766209289000000240e+02 -1.720102153999999928e+02
2.480958810999999969e+03 5.722735443000000259e+02 -4.251802248000000191e+02
2.745346129000000019e+03 8.287817936000000429e+01 -1.396058863000000088e+02
2.464461654000000181e+03 1.420677745000000129e+02 -2.407769241000000022e+02
2.395836455000000115e+03 2.994309546999999725e+02 -2.420867896999999971e+02
2.999385674999999992e+03 1.835754817000000116e+01 -5.124910934999999768e+01
2.671529104000000189e+03 2.339063903999999923e+02 -3.096635539000000108e+02
2.614892328999999791e+03 3.523422851000000122e+01 -2.432132803000000081e+02
2.930470208000000184e+03 1.732742876000000081e+02 -5.446928517999999997e+01
2.995282350999999835e+03 -8.545022548000000029e+01 -2.231793543000000000e+02
2.887336433999999826e+03 -1.475672072000000128e+02 -2.448470523000000014e+02
2.905258139999999912e+03 8.637402841000000109e+00 -2.074878320999999914e+02
2.988575044000000162e+03 -2.422611278999999911e+02 -3.611939259999999763e+02
2.743618491000000176e+03 4.484884056999999871e+02 -1.695044953000000021e+02
2.517671557000000121e+03 5.121184557999999925e+02 -3.637483197000000246e+02
2.629334633999999824e+03 -2.821710567999999739e+02 -4.670793570999999815e+02
2.755878889000000072e+03 -4.300843550999999820e+01 -1.266191189999999978e+02
2.820255451999999877e+03 -1.602523932000000002e+02 -4.164485644000000093e+02
2.963855074999999943e+03 6.176617005999999854e+00 1.081939470000000014e+01
2.909337172999999893e+03 3.968045096999999828e+02 -1.183850280000000055e+02
2.364341497999999774e+03 -3.784072537000000125e+01 -4.223631884000000127e+02
2.999638254999999845e+03 9.724765863000000365e+01 9.212915587000000528e+01
3.090755412999999862e+03 4.535472972000000169e+01 -2.876946985999999811e+02
2.603381397000000106e+03 1.828586598999999921e+02 -6.377156683999999842e+01
2.886051836999999978e+03 2.019074147999999980e+02 -2.238162159000000031e+02
2.801394789999999830e+03 1.508884070000000008e+02 -1.777298418999999967e+02
2.674031266999999843e+03 2.169801779000000010e+02 -2.993920833999999900e+02
2.708163285000000087e+03 3.558125658000000158e+02 -1.956934952000000010e+02
2.909014041999999790e+03 8.740532021999999301e+01 -3.023864661000000069e+02
2.574367036999999982e+03 -2.772994712000000277e+02 -5.068320755999999960e+02
2.855294855000000098e+03 -3.377710685999999782e+02 -1.384962217000000066e+02
2.387084711999999854e+03 4.867501523999999904e+02 -4.463162677000000258e+02
2.744933777000000191e+03 1.334095698000000141e+02 -2.587468008000000097e+01
2.736522124000000076e+03 2.865503327000000056e+01 -4.083880962999999724e+02
2.365022974999999860e+03 1.367962684999999965e+02 -3.589641867000000275e+02
2.510323699999999917e+03 -1.410070310000000120e+02 -3.199800195000000258e+02
2.911669472000000042e+03 1.765310657999999933e+02 -2.112240547000000106e+02
2.877691059000000223e+03 3.367718735000000265e+02 -9.820851480999999694e+01
2.941003876000000218e+03 3.287712865000000306e+01 -3.252468622000000096e+02
2.686859406999999919e+03 6.972428351000000646e+01 -1.648820526000000086e+02
2.686537264999999934e+03 -1.594973328000000024e+01 -4.667284273999999868e+02
2.557178899000000001e+03 2.003344566000000171e+01 -2.372612104000000102e+02
3.010913249000000178e+03 2.937762058000000138e+02 -2.059750850000000000e+01
2.774486902999999984e+03 1.559447790000000111e+02 -2.622796137000000272e+02
2.544959261999999853e+03 4.393525614000000132e+02 -3.145152472999999986e+02
2.617357211999999890e+03 5.060476659000000268e+02 -2.928768269999999916e+02
2.438314910000000054e+03 1.362166767999999877e+02 -3.894680258999999864e+02
2.896414479999999912e+03 -9.699216183999999430e+01 -4.060972922000000267e+02
3.021639277000000220e+03 3.726064959000000272e+02 -1.359915555000000040e+02
2.629361739999999827e+03 -6.172860724000000232e+01 -2.564568949000000089e+02
2.537553828999999951e+03 3.816330414000000246e+02 -3.557852058999999940e+02
2.639655381999999918e+03 -2.201078526000000011e+02 -5.530170852999999624e+02
2.654844434000000092e+03 2.053564709000000050e+02 -1.931985837000000004e+02
2.824747945999999956e+03 -2.406560556000000020e+02 -4.032170320000000174e+02
2.323814674000000196e+03 2.946551787999999874e+02 -5.580691505999999436e+02
2.457837910000000193e+03 9.547857928999999899e+01 -2.004525128999999879e+02
2.416952852999999777e+03 5.843152377999999771e+02 -4.614224851999999828e+02
2.560647645000000011e+03 4.982368331999999782e+02 -2.215502914999999859e+02
2.725195201999999881e+03 -5.706041876999999873e-01 -4.211843111000000022e+02
2.551936506000000008e+03 3.002186504000000014e+02 -2.914525156999999922e+02
2.489854683999999907e+03 2.983030469000000267e+02 -2.916708803000000216e+02
2.417113887999999861e+03 7.100625111000000516e+02 -4.993107294999999795e+02
3.060424261999999999e+03 -1.008980698999999959e+02 -1.030666393000000056e+02
2.678032948000000033e+03 3.601560681000000272e+02 -4.637827828999999724e+01
2.897224470999999994e+03 7.328212499999999352e+01 -1.930441844000000060e+02
2.731476564999999937e+03 -1.553826424000000088e+02 -5.073922671999999920e+02
2.477037770999999793e+03 7.013133854999999528e+01 -4.584416322000000150e+02
2.337168344000000161e+03 1.495348401999999943e+01 -5.315342490000000453e+02
2.726390790999999808e+03 1.852000069000000053e+02 -1.504211429000000066e+02
2.693003686000000016e+03 -1.843867922999999962e+02 -5.414342120000000023e+02
2.281937586999999894e+03 2.026275651999999923e+02 -4.922656885000000102e+02
2.823226274000000103e+03 2.247089292000000000e+02 -2.365733848000000137e+02
2.657205424000000221e+03 2.563042468999999990e+00 -6.080809067999999940e+01
2.612059147999999823e+03 2.332086735000000033e+02 -1.615135718999999881e+02
2.698316522999999961e+03 -3.064491502999999852e+02 -3.649667747999999960e+02
2.660741914000000179e+03 4.592467538999999874e+02 -8.512534750000000372e+01
2.464821836000000076e+03 4.868103519000000290e+01 -5.361310386999999764e+02
2.955131480999999894e+03 9.501584151000000134e+01 -1.920195668000000069e+02
2.639123257000000194e+03 6.126712629999999535e+02 -3.819463455000000067e+02
2.884661720999999943e+03 1.874030550999999889e+02 -6.448783736999999405e+01
2.582425252000000000e+03 2.060704765000000123e+02 -1.866891458999999998e+02
2.540021886999999879e+03 3.944651165999999876e+02 -1.283789612999999861e+02
2.309210978999999952e+03 1.620348281999999926e+02 -4.316164215000000013e+02
2.487109918999999991e+03 7.371176828999999486e+01 -3.740875029000000040e+02
2.738637185999999929e+03 2.757384627999999793e+02 -3.984669955999999758e+01
2.878397492999999940e+03 1.078052241000000038e+02 -1.235231390999999945e+02
2.682798181000000113e+03 1.995720602000000099e+02 -4.015339207999999758e+02
2.467495593000000099e+03 3.426513683000000015e+02 -4.595269776999999749e+02
3.097366430000000037e+03 -2.175427661999999884e+02 -3.907579317999999944e+02
2.427130008000000089e+03 2.588203859999999850e+02 -3.790958664999999996e+02
2.779646757999999863e+03 -3.387744327999999996e+02 -3.928235627999999906e+02
2.600976490999999896e+03 8.028905029000000582e+01 -9.755243373000000418e+01
2.846980035999999927e+03 -4.610238191999999913e+01 -3.575625272999999993e+02
2.682039290000000165e+03 3.094181907999999908e+02 -1.693373660999999970e+02
2.478851814999999988e+03 4.508955866000000157e+01 -4.109659644999999841e+02
2.561985248999999840e+03 3.592368035999999734e+02 -3.941705456000000254e+02
2.849057134000000133e+03 -3.871537791000000084e+02 -2.169972851999999932e+02
2.630389808999999786e+03 4.696154314999999997e+02 -3.336062539999999785e+02
2.818014563000000180e+03 5.048876784999999927e+02 -2.996398732999999766e+02
2.915510108999999829e+03 3.723973562999999842e+01 -1.052399953000000039e+02
2.655689120000000003e+03 5.176734655000000203e+02 -2.814182797000000278e+02
2.722575824999999895e+03 1.631602757999999938e+02 -2.878950014000000124e+02
2.630062093999999888e+03 -7.715440033999999514e+01 -1.877564825999999982e+02
2.891135674000000108e+03 -2.749397146000000021e+02 -4.753919764999999984e+02
2.796698773000000074e+03 -3.762779405999999938e+01 -3.766686955000000125e+02
2.723621762000000217e+03 1.203820268000000056e+02 -2.540063528999999960e+02
2.903328007000000071e+03 3.232754692999999975e+02 -4.898351558000000239e+01
2.596401436999999987e+03 2.248943988999999988e+02 -1.327237289999999916e+02
2.997553339000000051e+03 -1.507772591000000091e+02 -3.009004636999999889e+02
2.699061121000000185e+03 -1.123958906999999954e+02 -2.690153369999999882e+02
2.888266905999999835e+03 8.256478104000000258e+02 -2.855087902999999869e+02
2.446277870999999777e+03 4.495544818999999848e+02 -3.783715586000000144e+02
2.744897828000000118e+03 -1.384303980000000101e+00 -1.518365933000000041e+02
2.727711205000000064e+03 9.576703399000000161e+01 -8.926329934999999693e+01
2.574451375999999982e+03 3.214817956000000265e+01 -4.606269025999999940e+02
2.309162921000000097e+03 2.810415681999999720e+02 -4.663798922999999945e+02
2.516614591000000019e+03 2.082106745000000103e+02 -1.789810703999999930e+02
2.801953331000000162e+03 1.823709958999999969e+02 -1.075185237999999970e+02
2.754202016000000185e+03 3.199316437999999962e+01 -2.264212033000000019e+02
2.299890330000000176e+03 2.146390161999999862e+02 -5.255945504999999685e+02
2.450378799000000072e+03 5.891207759000000124e+02 -3.127132020000000239e+02
2.728486875999999938e+03 2.219697950000000048e+02 -3.063200218999999720e+02
2.556104847000000063e+03 5.695591697999999781e+01 -3.661861683000000198e+02
2.851253662999999960e+03 -3.078614081999999996e+01 -2.596080729000000247e+02
2.615473555999999917e+03 -1.122352633999999938e+02 -2.845351284000000192e+02
2.543972221999999874e+03 -1.206142846000000048e+02 -4.482834067000000005e+02
2.899037349000000177e+03 1.420269882000000052e+02 -5.001725558999999777e+01
2.356608689000000140e+03 2.267727326000000119e+02 -4.754358396000000084e+02
2.740553189000000202e+03 4.492018393000000174e+02 -2.375493361000000050e+02
2.814491512000000057e+03 -2.984756949999999733e+02 -3.654868266999999946e+02
2.364462011000000075e+03 -5.896293467999999649e+01 -4.269842360999999755e+02
2.837775862999999845e+03 2.937442535999999791e+02 2.522808765999999991e+01
2.662764493000000130e+03 4.172062179999999785e+02 -3.197256045999999969e+02
2.465539351999999781e+03 2.588011202999999796e+02 -3.298378630000000271e+02
2.642649905000000217e+03 1.851760880999999870e+01 -1.655483756000000142e+02
2.707403722000000016e+03 1.725841928000000109e+02 -3.198164692999999943e+02
2.712816957999999886e+03 2.900828687000000059e+02 2.644431807999999862e+01
3.085690626999999949e+03 -2.489186036999999985e+01 -1.848170943000000079e+02
2.682884649999999965e+03 1.901992138999999895e+02 -2.064880330000000015e+02
2.698288398000000143e+03 9.888292672999999411e+01 -2.132504695000000083e+02
2.743475923999999850e+03 3.650984438999999782e+01 -2.918360655000000179e+02
2.498210441000000174e+03 -7.452294994000000372e+01 -4.294880074999999806e+02
2.795389701000000059e+03 7.497657991999999467e+02 -3.197000125000000139e+02
2.490612741999999798e+03 7.733985533000000601e+01 -1.658802894000000094e+02
2.752645405000000210e+03 1.317609353999999939e+02 -3.576355803999999807e+02
2.452214139000000159e+03 3.309696544000000245e+02 -4.564508753999999726e+02
2.552058766999999989e+03 -9.804689917999999693e+01 -5.444530267000000094e+02
2.550641682999999830e+03 1.741403746000000012e+02 -3.595009226000000240e+02
2.801523744999999963e+03 -1.079902737999999971e+02 -3.630952416999999741e+02
2.544587296000000151e+03 -2.826730583999999880e+01 -4.888443755000000124e+02
2.819941718000000037e+03 1.232738185999999985e+02 -2.686665583000000197e+02
2.402687531999999919e+03 3.551313496000000214e+02 -3.909325756999999726e+02
2.844197495999999774e+03 1.230636752000000023e+01 -3.778240683000000217e+02
2.584152884000000086e+03 6.176160301000000175e+01 -2.184032218000000114e+02
2.613633809999999812e+03 1.864965476000000137e+02 -7.493984523999999681e+01
2.897223699000000124e+03 -1.407077970999999934e+02 -3.955081268999999793e+02
2.616411215999999968e+03 1.222900213000000065e+02 -9.797357992000000593e+01
2.682667472000000089e+03 -2.926064104000000157e+02 -5.132649780000000419e+02
2.660093887999999879e+03 3.098262649999999780e+02 -1.008594762000000031e+02
3.102796433999999863e+03 -1.109910413000000062e+02 -3.153632089999999835e+02
2.890091774999999870e+03 2.437492924000000016e+02 -9.020190999999999804e+01
2.680329013999999916e+03 1.825360322999999880e+02 -2.584916203000000223e+02
2.510796663999999964e+03 3.010418493999999896e+02 -1.870576727000000119e+02
2.522672778999999991e+03 7.376176890000000697e+01 -3.688018505000000147e+01
2.400053021000000172e+03 4.661204928999999879e+02 -2.843170259999999985e+02
2.564885043000000223e+03 1.661699889999999957e+00 -3.130828877999999804e+02
2.648740831999999955e+03 -7.737149990999999716e+01 -2.866305618000000095e+02
2.709109988000000158e+03 4.040466605999999956e+02 -2.148045507999999870e+02
2.709572248999999829e+03 2.701600170000000034e+01 -3.375078129999999987e+02
2.586169668000000001e+03 -2.434842971999999861e+01 -3.318166355000000181e+02
2.589537690000000111e+03 4.821834316000000058e+02 -3.011791170000000193e+02
2.691321895000000040e+03 2.454928231999999966e+01 -4.112428701000000046e+02
2.528265073999999913e+03 9.779517155000000628e+01 -5.628712014000000181e+02
2.294727211999999781e+03 2.786561017000000220e+02 -4.857671050999999807e+02
2.569770435999999791e+03 5.645641239999999925e+02 -2.917830533000000059e+02
2.512047505999999885e+03 1.110298937000000024e+02 -3.731207062999999948e+02
2.455843596000000161e+03 2.818594532999999842e+02 -2.991002952000000050e+02
2.465046863000000030e+03 3.039057281999999987e+02 -4.829095957999999769e+02
2.656028979000000163e+03 2.220994975000000125e+02 -1.735020116000000030e+02
2.477908785000000080e+03 5.810857624999999871e+01 -4.578948111999999924e+02
2.577260423000000173e+03 -2.707454055999999909e+01 -2.363398675999999909e+02
2.601068972999999914e+03 -2.066260825999999895e+02 -4.797096301999999923e+02
2.353798275000000103e+03 4.286880289000000062e+02 -3.610347429999999918e+02
2.471526328999999805e+03 2.547135581999999943e+01 -4.591829761999999846e+02
2.462034911000000193e+03 4.610849193000000241e+02 -4.109707634000000098e+02
2.477689652000000024e+03 3.616193764999999871e+02 -4.121960032000000069e+02
2.795488256999999976e+03 3.569151071000000002e+02 -2.733095738000000097e+02
2.569074565999999777e+03 7.388673265999999558e+02 -3.035067111000000182e+02
2.737698026999999911e+03 2.815818664000000027e+01 -1.068968696000000023e+02
2.408354233000000022e+03 1.760282324000000074e+02 -4.365652686999999901e+02
2.860371360000000095e+03 3.560294820999999956e+02 -7.261736899999999650e+01
2.463220852999999806e+03 1.972521522000000118e+02 -5.387929232999999840e+02
2.651760013999999956e+03 2.288326251999999954e+02 -8.611886429000000476e+01
2.274832550999999967e+03 4.309320986999999832e+02 -5.007139222000000132e+02
2.486934659000000011e+03 -9.538579543999999544e+01 -4.167632787000000008e+02
2.710754500999999891e+03 -1.390007420000000060e+01 -1.083811223000000012e+02
2.832913677000000007e+03 -3.119405979000000002e+02 -4.668049622999999997e+02
2.887219626999999946e+03 2.738388418999999772e+02 -8.391988353000000700e+01
2.343797571999999946e+03 -5.078033625999999856e+01 -5.169983418000000484e+02
2.714914051000000200e+03 3.077786055999999917e+02 -2.066697222999999894e+02
2.687154461999999967e+03 4.537344370999999796e+02 -2.121868415000000141e+02
2.551726630999999998e+03 -4.120396526999999764e+01 -4.510451846999999930e+02
2.574494407000000137e+03 9.688221513000000584e+01 -1.260398675999999938e+02
2.592615287999999964e+03 3.682237044999999966e+02 -7.197209906000000501e+01
2.709765507000000071e+03 2.779913022999999725e+02 -2.653784013000000073e+02
2.783777395999999953e+03 2.482060112000000061e+02 -3.400711145000000215e+02
2.519555343999999877e+03 5.540959076000000323e+02 -2.571762446000000182e+02
3.152247644000000037e+03 -7.904565476999999873e+01 -4.726859727000000078e+01
2.408965916000000107e+03 2.871335134000000266e+02 -3.732118937000000187e+02
2.416435434999999870e+03 -2.263175468000000023e+01 -5.027066638000000012e+02
2.924173402999999780e+03 9.955019622999999740e+01 -1.853676389999999969e+02
2.575971564999999828e+03 2.164763183999999967e+02 -4.025470847999999933e+02
2.718906855000000178e+03 1.715824451999999951e+02 -2.681175531999999961e+01
2.541500497999999880e+03 -2.648057324000000108e+02 -5.513231739999999945e+02
2.327070827000000008e+03 9.123081686000000801e+00 -5.198183235999999852e+02
2.548422908000000007e+03 4.081667909999999893e+02 -2.801953227000000197e+02
2.665451235999999881e+03 1.409841203999999948e+02 2.146413091999999878e+01
2.612210649999999987e+03 1.971247322000000111e+02 -9.227126703999999791e+01
2.738074801000000207e+03 7.493228665000000319e+02 -3.024518661000000179e+02
2.915141739000000143e+03 8.024929567999999236e+00 -6.579720296999999718e+00
2.317193862999999965e+03 3.746280931000000010e+02 -5.145659987999999885e+02
2.917103453000000172e+03 -2.283266011000000049e+02 -1.703138072000000136e+02
2.919196629999999914e+03 -5.508365614000000221e+01 -1.538778449000000137e+02
2.621013111000000208e+03 4.887673614999999927e+02 -3.693732817999999725e+02
2.696955070999999862e+03 5.108095293999999740e+02 -2.873982677000000194e+02
2.418970714000000044e+03 3.855463093999999842e+02 -4.175890810000000215e+02
2.540960547000000133e+03 4.875495120000000071e+01 -3.332255053000000089e+02
2.363270834999999806e+03 2.572584383999999886e+02 -3.198146502999999825e+02
2.659165715999999975e+03 -7.900866046000000154e+01 -4.589358040999999844e+02
2.416186107999999876e+03 2.083047822999999994e+02 -3.002925392999999872e+02
2.871201520000000073e+03 -2.401142182999999974e+01 4.951798662000000206e+01
2.638354413999999906e+03 -3.485916225000000281e+02 -2.662790526000000000e+02
2.826996160000000145e+03 6.461043539999999439e+02 -2.486254415999999878e+02
2.984236163000000033e+03 -1.241552293000000020e+02 -1.982375346000000036e+02
2.803269397000000026e+03 -1.997333098000000007e+02 -5.088491893999999860e+01
3.016513746000000083e+03 -2.053247454000000118e+02 -3.388214659000000211e+02
2.460942793000000165e+03 9.732321758000000500e+01 -5.227503464999999778e+02
2.425290172999999868e+03 2.044479698000000099e+02 -3.477083121000000006e+02
2.514964063999999780e+03 -2.526376630999999975e+02 -5.423481861999999865e+02
2.776880431000000044e+03 3.123098269999999843e+02 -9.783280206999999962e+01
2.457252582000000075e+03 4.948751099999999781e+01 -4.599049727999999959e+02
2.782662030999999843e+03 -9.206717792000000600e+01 -1.849119957000000056e+02
2.508677849000000151e+03 -2.214858012999999914e+02 -5.589376852000000326e+02
2.801791436999999860e+03 -1.355732963999999985e+00 -4.064205056999999783e+02
2.950505825000000186e+03 -1.280229078000000129e+02 -3.202166027999999756e+02
2.636565727000000152e+03 -8.369762273999999991e+01 -3.301361172000000010e+02
2.571123066999999992e+03 2.355256717999999978e+02 -1.776286111999999946e+02
2.567146619999999984e+03 1.503482807000000037e+02 -3.173623288000000002e+02
2.782425581999999849e+03 4.068461001000000010e+01 -2.115687435000000107e+02
2.682184518999999909e+03 9.846309900999999343e+01 -3.301043449000000010e+02
2.584045220999999856e+03 -6.376659456000000148e+01 -1.577793107999999904e+02
2.506248356999999942e+03 1.691808283999999958e+02 -5.199365590999999540e+02
2.636082879999999932e+03 2.580986326999999960e+02 -3.064345111000000088e+02
2.758958564999999908e+03 3.248931731999999784e+02 -3.436481269999999881e+02
2.437602249000000029e+03 -5.097778373999999957e+01 -2.405103056000000095e+02
2.618684185999999954e+03 -2.525614261000000056e+02 -2.933113061999999900e+02
2.782066719999999805e+03 1.985064188000000058e+02 -2.609911809000000176e+02
2.638538233000000218e+03 -2.750986276000000075e+01 -4.860170297999999889e+02
2.631817039000000022e+03 3.708255070000000160e+02 -3.258047622000000274e+02
2.710278178999999909e+03 2.195234488000000113e+02 -3.036960581999999818e+02
2.312030116999999791e+03 2.596283255000000167e+02 -5.026615969000000064e+02
2.618206564000000071e+03 2.973115995999999939e+01 -2.519748606999999936e+02
2.497075452000000041e+03 1.986945362000000159e+01 -2.055646697999999901e+02
2.495032247000000098e+03 -1.622131535000000042e+02 -3.328133498999999915e+02
2.856913473999999951e+03 2.881668910999999866e+01 -2.157042835000000025e+02
2.428286477000000104e+03 4.802891546000000176e+02 -2.483862183999999900e+02
2.795839650999999776e+03 1.327613896000000011e+02 -2.694164412999999740e+02
2.777894577000000027e+03 2.559154004000000100e+02 -1.756577752999999973e+02
2.655297387000000072e+03 3.230509743000000071e+02 -2.944526883999999995e+02
2.593828325999999834e+03 -1.113899454000000020e+02 -3.789888220999999930e+02
2.882268258999999944e+03 -1.897232351000000108e+02 -3.556696762999999919e+02
2.276148749999999836e+03 1.135566354000000047e+02 -5.592290706999999657e+02
2.503581599999999980e+03 1.848116330999999946e+01 -5.670345005000000356e+02
2.547519056999999975e+03 2.348936405999999977e+02 -3.022749034999999935e+02
2.467351185999999871e+03 3.988842983000000117e+02 -2.232142562999999882e+02
2.653647583999999824e+03 -2.830400323999999728e+02 -5.183359966000000441e+02
3.043033542000000125e+03 -2.119242738000000088e+02 -3.495976671000000238e+02
2.794799437000000125e+03 -2.807476645999999931e+01 -3.118575349999999844e+02
2.826337058000000070e+03 3.239122805000000085e+02 -1.219668565999999998e+02
2.953240079000000151e+03 3.435456287000000231e+01 -2.683758017000000109e+02
2.441110310999999911e+03 4.640436715999999819e+02 -3.783399628000000234e+02
3.006564856999999847e+03 -1.552839406999999916e+01 -1.780038999999999874e+02
2.369227299000000130e+03 2.210274786999999890e+02 -4.001443881999999803e+02
2.545878353999999945e+03 1.116969047999999987e+02 -1.567366124000000127e+02
2.841158448000000135e+03 3.480887892999999877e+01 -3.025333587000000080e+02
2.427149194999999963e+03 1.242682508999999946e+01 -3.165395000999999979e+02
2.433096947000000000e+03 6.008387572000000318e+02 -4.648983417000000031e+02
2.409392981999999847e+03 6.506848712000000035e+01 -2.878313681999999858e+02
2.901800067000000126e+03 3.008890903000000208e+02 -9.395027131999999881e+01
2.567603253000000223e+03 3.286747636000000057e+02 -3.822584944999999834e+02
2.471743426999999883e+03 1.312535552999999879e+02 -4.185949390000000108e+02
2.461340498999999909e+03 2.398001256999999953e+02 -3.902039785000000052e+02
2.821658882000000176e+03 3.038679214000000002e+02 -8.901318340999999634e+01
2.731018028999999842e+03 1.502400866000000121e+02 -1.311292695999999864e+02
2.846097490000000107e+03 8.734421358000000168e+01 -3.064068475999999919e+02
2.522860368000000108e+03 4.695969754999999850e+02 -3.214625012000000197e+02
2.887755028000000038e+03 1.362697898000000123e+02 -2.327748161000000096e+02
2.672463397999999870e+03 3.671999850000000265e+01 -4.237964175000000182e+02
2.714206662999999935e+03 4.446446669000000185e+01 -3.176655031999999892e+02
2.731332168999999794e+03 -3.367379835999999926e+01 -3.640094922999999767e+02
2.435319297000000006e+03 2.084010749999999916e+02 -3.368103184000000283e+02
2.782619704000000183e+03 -1.204671448999999939e+02 -5.951175001000000009e+01
2.918809933000000001e+03 8.067209474000000569e+01 -2.971715505999999891e+02
3.017859094999999797e+03 -2.341722540000000095e+02 -3.616372600999999918e+02
2.938655270000000201e+03 -4.771618321999999779e+01 -3.693718147999999815e+02
2.538154983999999786e+03 5.176303468999999495e+02 -2.689647393999999849e+02
3.018224693000000116e+03 -7.492862302999999713e+01 -1.984403671000000031e+02
2.608244032000000061e+03 -3.039783398000000147e+02 -4.840401931000000104e+02
2.729759310999999798e+03 4.775514198999999849e+02 -1.761858019000000013e+02
2.721701864000000114e+03 1.548136948000000075e+02 -3.051570143999999800e+02
2.721444899000000078e+03 -1.264686138000000000e+02 -6.248034770000000293e+01
2.602496036000000004e+03 1.597484787999999867e+02 -2.859588805999999863e+02
2.425480171000000155e+03 1.221542285000000021e+02 -5.088487450000000081e+02
2.881856858000000102e+03 -2.134759819999999877e+02 -3.748953437000000122e+02
2.882388731000000007e+03 1.540484428000000037e+02 -2.037435410999999874e+02
2.252486890000000130e+03 2.897783036999999808e+02 -4.526378510999999776e+02
2.660871728999999959e+03 3.780444226999999842e+02 -2.189437929999999994e+02
2.682775005999999848e+03 3.606126515000000268e+02 -3.600828131000000099e+02
2.448830808000000161e+03 -2.006954481999999871e+02 -4.001288572000000272e+02
3.040355665999999928e+03 -3.279534318999999982e+02 -3.321543796000000270e+02
2.974686139999999796e+03 8.346601554999999451e+01 -1.786041028999999867e+02
2.721582711000000018e+03 -6.039371916999999712e+01 -2.928369397999999819e+02
2.510038962999999967e+03 -1.437866314999999986e+02 -3.617044429000000036e+02
2.844702832999999828e+03 2.052597122999999897e+02 -2.132380034999999907e+02
2.376249056000000110e+03 7.078872436999999707e+01 -3.104752442999999857e+02
2.593158085999999912e+03 1.339110958999999923e+02 -1.696297031999999945e+02
2.481670508000000154e+03 5.167995832000000291e+02 -3.785354474000000096e+02
2.838327839999999924e+03 1.773138523000000077e+02 -1.847760349000000133e+02
2.419419770999999855e+03 4.321929264999999987e+01 -4.334984476999999856e+02
2.559931108000000222e+03 1.065675724999999971e+02 -8.350634868000000210e+01
2.483153315000000021e+03 2.586323219000000222e+02 -3.940960014999999999e+02
2.539871592999999848e+03 1.850103286000000082e+02 -4.233832795999999803e+02
2.504237312000000202e+03 4.129572398999999905e+01 -3.515713450000000080e+02
2.869773999999999887e+03 3.356706540999999788e+02 -1.993666972000000044e+02
2.962225968000000194e+03 -3.337535290000000145e+02 -4.327747267999999963e+02
2.717183261000000130e+03 -1.512581147999999871e+02 -3.949408799999999928e+02
2.851318894999999884e+03 -3.715218390999999798e+01 -3.593095683000000236e+02
2.611523024000000078e+03 -3.930913326000000296e+01 -5.209395246000000270e+02
2.444800319999999829e+03 -6.243840004999999849e+01 -4.539754715000000260e+02
2.644684573000000000e+03 -7.948159920000000511e+01 -2.115146502000000055e+02
2.382133315000000039e+03 5.146708757000000105e+02 -4.917017983999999728e+02
2.524795716000000084e+03 4.194877023999999892e+02 -3.453008772000000022e+02
2.408628383000000213e+03 2.226693573000000015e+01 -3.599041402999999946e+02
2.778278088000000025e+03 3.156263124000000175e+02 -2.341372067000000072e+02
2.491375265000000127e+03 5.674258320999999796e+02 -4.168412195999999881e+02
2.643305691000000024e+03 -2.245456567999999891e+02 -3.908873313999999937e+02
2.688934601999999813e+03 -6.205642633000000075e+01 -4.006938347999999905e+02
2.713551241000000118e+03 -1.003091172999999969e+02 -1.453378696999999988e+02
2.827114642000000003e+03 2.142844705999999917e+02 -1.520598289000000136e+02
2.398473856000000069e+03 2.430801253999999858e+02 -2.825198475000000258e+02
3.035059161000000131e+03 8.402149256999999594e+00 -2.974617109999999798e+02
2.446710978000000068e+03 4.602296539000000166e+02 -2.354340931000000126e+02
2.793480521999999837e+03 2.577661572999999748e+02 -4.839215697000000205e+01
2.916995742000000064e+03 6.921177250000000170e-01 -8.754877983999999458e+01
2.589041591000000153e+03 6.055962584000000106e+02 -3.833213448999999855e+02
2.628742846000000100e+03 -6.171636809000000312e+01 -1.303336775999999873e+02
2.696480872999999974e+03 5.200223717999999735e+02 -1.533733186999999987e+02
2.757045904000000064e+03 -1.045328849999999932e+02 -1.557531288000000131e+02
2.969223167000000103e+03 -1.580959799000000032e+02 -1.550340084999999988e+02
2.660220155999999861e+03 -2.960776046999999878e+01 -1.300805073999999877e+02
2.729381144999999833e+03 1.056115436000000045e+02 -1.014143385999999936e+02
2.829145740999999816e+03 4.566998176000000171e+02 -2.744056171999999947e+02
2.364919977000000017e+03 3.494582596000000194e+02 -3.206117838000000120e+02
2.523896291999999903e+03 -3.047039692999999829e+02 -5.366696144999999660e+02
2.568059514000000036e+03 -3.635959380999999979e+01 -2.357063330999999948e+02
2.450902919000000111e+03 -2.146903020999999967e+01 -4.813495318999999881e+02
2.502898102000000108e+03 -2.144578856000000044e+01 -4.179784683999999970e+02
2.711036552999999913e+03 2.636727680000000191e+02 -6.911967183000000148e+01
2.553483139999999821e+03 -2.880507395000000201e+02 -4.568667174000000273e+02
2.710655463999999938e+03 2.250870189000000039e+02 -2.898196356000000264e+02
2.676062398999999914e+03 4.908600261999999930e+02 -2.688388019999999869e+02
2.888548103000000083e+03 2.147865212000000099e+02 -6.715846860000000618e+01
3.086661509999999907e+03 2.819038388000000168e+02 2.958422592999999878e+01
2.951355716000000029e+03 2.889102270999999860e+02 -1.381293388999999934e+02
2.604849321000000145e+03 5.471181225999999924e+02 -1.412405655999999965e+02
2.650049863000000187e+03 -1.588230174999999917e+02 -4.919189210999999773e+02
2.616210329999999885e+03 -1.126552944000000025e+02 -1.960643854999999860e+02
2.486618806999999833e+03 -1.668855361999999900e+02 -2.784432931000000053e+02
3.089050114000000121e+03 -1.369007354000000021e+02 -3.135957572999999954e+01
2.645813751000000138e+03 -5.272340960999999737e+01 -4.359664895999999885e+02
3.060203147000000172e+03 -1.955564529000000107e+02 -3.111636275000000182e+02
2.556518508999999995e+03 2.218371471000000099e+02 -2.447740020999999899e+02
2.544087705999999798e+03 2.869115304000000037e+02 -9.767582819000000427e+01
2.602187812000000122e+03 3.528818782000000169e+02 -3.705324387000000002e+02
2.727601537000000008e+03 8.825792310999999302e+01 -3.826805451000000176e+02
2.662993547000000035e+03 5.854932115000000294e+02 -3.429571295000000077e+02
3.014425943000000188e+03 1.080449445999999938e+02 -1.830723646999999943e+01
2.680853356000000076e+03 4.804162898999999811e+02 -3.312774646999999959e+02
2.568324144000000160e+03 7.590016514000000143e+02 -2.248957550000000083e+02
2.613778851999999915e+03 4.022636797000000115e+02 -1.106767839000000038e+02
2.965890367999999853e+03 3.465597066000000268e+02 -1.337340656000000081e+02
2.297193693000000167e+03 4.177486228999999867e+02 -3.916952504999999860e+02
2.558264693999999963e+03 3.822850387999999953e+02 -3.555765241999999944e+02
2.425418556999999964e+03 2.948188622999999779e+02 -2.340662299999999902e+02
2.492404868999999962e+03 6.251736604999999827e+02 -4.144171066000000110e+02
2.885615916000000198e+03 1.604024518999999884e+02 -1.627160585999999967e+02
2.540087520999999924e+03 -5.218282641999999782e+01 -4.531755454999999984e+02
2.482900502999999844e+03 1.631465021999999863e+02 -2.864433925000000158e+02
2.847596133000000009e+03 -1.926698049000000026e+02 -3.140207808999999770e+02
2.605022884999999860e+03 -1.169896578999999974e+02 -4.060011099000000172e+02
2.821851164000000153e+03 -3.657372212000000218e+02 -3.614865647999999965e+02
2.863861237000000074e+03 -1.185555279000000013e+02 -4.065397626999999829e+02
2.500495261000000028e+03 3.929491151999999943e+02 -2.792906616999999869e+02
2.688633789999999863e+03 -2.820066492000000267e+02 -4.874096574999999802e+02
2.860091977999999926e+03 4.058589377999999783e+02 -2.181605203999999958e+02
2.688282607000000098e+03 3.949068657999999914e+02 -1.900529573999999968e+02
2.345712622999999894e+03 5.566875638000000208e+02 -4.457838393999999766e+02
2.310910628999999972e+03 3.547258772999999792e+02 -5.359877265999999736e+02
2.906266493000000082e+03 -6.383001060000000138e+01 -3.906265217999999777e+02
2.506982890000000225e+03 5.658953403000000435e+02 -2.461163203000000124e+02
2.548719731000000138e+03 -2.971502054999999842e+01 -2.905832464999999729e+02
2.633720467000000099e+03 -1.086358400999999958e+02 -3.577171023000000218e+02
2.364192889999999807e+03 1.876703829999999869e+02 -4.074312641000000212e+02
2.469086789999999837e+03 -3.244029119999999722e+01 -1.133426517000000047e+02
2.959935551000000032e+03 -6.493533127000000604e+01 -6.624347649000000615e+01
2.743167919999999867e+03 4.058802590000000237e+02 -1.974987422000000095e+02
2.778797517999999855e+03 -3.554210664000000008e+01 1.946535590999999954e+00
2.642783859000000120e+03 7.521198096000000533e+01 -2.697471113999999943e+02
2.662857011999999941e+03 4.715151379000000276e+01 -4.023553072000000270e+02
2.724566985999999815e+03 -5.734720200000000290e+01 -3.408012152000000015e+02
2.633773987000000034e+03 -4.609180360999999948e+01 -1.934798102000000029e+02
2.482580575999999837e+03 9.831379712000000382e+01 -4.464028954999999996e+02
2.737880309000000125e+03 7.240090139999999508e+01 -1.529236344999999915e+02
2.773952791000000161e+03 3.596313355999999999e+02 -3.229086970000000179e+02
2.540296314000000166e+03 -1.362889830000000018e+02 -2.965090511999999876e+02
2.353002653999999893e+03 4.246635310000000274e+00 -3.827086378999999852e+02
3.035615218999999797e+03 -7.118355821999999478e+01 -2.924046602000000235e+02
2.919791601999999784e+03 -2.231261359000000084e+02 -1.968465262999999936e+02
3.009292547999999897e+03 -2.107529532000000074e+02 -3.752361338000000046e+02
2.629980759999999918e+03 6.459880312999999319e+01 -3.553385273000000097e+02
2.805812077000000045e+03 1.424885792999999978e+01 -3.418700660000000084e+02
2.363720032000000174e+03 7.057730877999999848e+02 -4.799292636000000130e+02
2.498756382000000031e+03 9.503040444999999892e+00 -3.489178883000000155e+02
2.537257544999999936e+03 1.532003341999999968e+01 -5.329989722999999913e+02
3.001731048000000101e+03 2.492748748999999862e+02 -6.230461267999999819e+01
2.316251044999999976e+03 4.240746226000000263e+01 -5.680473735000000488e+02
2.686636590000000069e+03 4.539477019999999925e+02 -1.938348987999999906e+02
2.518227246999999807e+03 4.569665501000000063e+01 -1.863428504999999973e+02
2.866345178999999916e+03 2.430741259000000127e+02 -1.334282206000000031e+02
2.468039167999999790e+03 5.648044850000000139e+01 -2.424646793999999943e+02
2.705272348999999849e+03 -6.692215349999999319e+01 -2.899329581000000076e+02
2.918982351999999992e+03 3.500317373999999973e+02 -9.865006071000000532e+01
2.736308693999999832e+03 -1.365423519999999940e+02 -3.986195561999999768e+02
2.527173271000000113e+03 5.459742961999999977e+01 -2.618978420000000256e+02
2.343994064999999864e+03 4.804601096000000098e+02 -4.485154633999999874e+02
2.672826673999999912e+03 1.277171760000000056e+01 -8.349725515999999459e+01
2.404796545000000151e+03 1.747083457999999894e+02 -3.644446611000000189e+02
2.685657614000000194e+03 8.593028483000000506e+02 -3.983666274000000271e+02
2.558025590000000193e+03 1.776453140000000133e+02 -3.920366364000000203e+02
2.423350925000000188e+03 -3.699687751999999819e+01 -4.172901433000000111e+02
2.625443415000000186e+03 -1.578451686999999914e+01 -5.177655915000000277e+02
2.502707745000000159e+03 7.009467553000000350e+00 -2.280003783999999882e+02
2.594277715000000171e+03 -6.651727089000000603e+01 -2.830334028999999987e+02
2.319216583999999784e+03 1.572342853000000105e+02 -4.345462074999999800e+02
2.669340812999999798e+03 1.431635894000000064e+02 -2.549324077999999929e+02
2.552869917999999871e+03 1.184778788999999932e+02 -1.779701971000000071e+02
2.806926456000000144e+03 2.843753724000000034e+02 -2.053357728999999949e+02
2.742760815999999977e+03 -7.724902126000000635e+01 -2.772713481999999772e+02
2.447186149999999998e+03 -5.096060532999999992e+01 -4.665379449000000136e+02
2.819099204000000100e+03 3.068226440999999909e+02 -1.674708493999999916e+02
2.346055385999999999e+03 1.553605511000000092e+02 -4.377334710000000086e+02
2.758830587999999807e+03 1.119071504000000061e+02 -1.073804860000000048e+02
2.474024276999999984e+03 2.310886422000000096e+02 -4.299111037000000124e+02
3.117705774000000019e+03 -1.702508771999999908e+02 -2.855671411999999805e+02
2.857720522000000074e+03 -4.712020022000000097e+01 -2.147532253999999909e+02
2.844505475999999817e+03 -2.549769259999999917e+02 -3.046632048999999824e+02
2.613014301000000160e+03 7.165937594999999760e+01 -1.207727256999999952e+02
2.932412118000000191e+03 6.363821259000000055e+02 -2.906679829999999924e+02
2.561370980000000145e+03 -3.634070765999999786e+00 -4.951900132999999755e+02
2.509476939000000129e+03 7.763225323000000344e+01 -1.972126088999999922e+02
2.677170934000000216e+03 3.172877737000000025e+02 -3.814662617999999839e+02
2.699114152000000104e+03 5.165655133000000205e+02 -2.906535602999999810e+02
2.946213529000000108e+03 -7.297668751999999870e+01 -1.531947129000000132e+02
2.471142249999999876e+03 -1.492012504999999862e+02 -4.224218594999999823e+02
2.452661685000000034e+03 1.809149931000000038e+02 -2.848936876000000211e+02
2.629604290000000219e+03 -6.673197605999999382e+01 -3.142073561999999924e+02
2.589680190000000039e+03 4.797584264999999846e+02 -2.961363114000000110e+02
3.156382651999999780e+03 -2.386350055999999995e+02 -3.106696208999999840e+02
2.408208368999999948e+03 3.815915345999999886e+02 -2.660671692000000235e+02
2.705502738000000136e+03 4.150271156000000019e+02 -1.101969962000000010e+02
2.800305703999999878e+03 -1.527581180999999901e+02 -4.010930731999999921e+02
2.542597682999999961e+03 6.481421572000000708e+01 -3.202508109999999988e+02
2.438966210000000046e+03 3.389067420000000084e+02 -4.164521343000000115e+02
2.707702805999999782e+03 4.555882526999999982e+02 -1.515099849000000063e+02
2.486060257000000092e+03 2.434284188000000029e+02 -3.936586323000000220e+02
2.625005427999999938e+03 9.107970869999999763e+01 -3.281665575999999760e+02
2.734396431000000121e+03 1.704578520999999824e+01 -1.536103176000000019e+02
2.704996522999999797e+03 2.205551231999999970e+02 -4.975519058999999800e+01
2.545213932000000113e+03 4.668427485999999931e+02 -2.725497884000000113e+02
2.513098191000000043e+03 -3.388259251999999719e+02 -4.695529857000000220e+02
2.412780067000000145e+03 1.448153925999999956e+02 -5.180713353999999526e+02
2.538118128999999954e+03 5.752966569000000163e+02 -2.524095896999999979e+02
2.659093968000000132e+03 6.102085207000000082e+02 -1.300478785999999900e+02
2.769810868999999911e+03 -1.908290571999999941e+02 -4.452728197000000137e+02
2.724504296000000068e+03 -5.199040903000000213e+01 -3.448423713999999904e+02
2.935966827000000194e+03 -1.295952460000000031e+02 -2.657506620999999996e+02
2.717557925000000068e+03 -1.371005159000000049e+02 -2.717235230000000001e+02
2.628295665000000099e+03 -2.041322611999999879e+02 -5.283034635000000208e+02
2.418665386000000126e+03 -1.136982245999999996e+01 -3.403687362000000007e+02
2.596524833999999828e+03 6.271129631999999674e+02 -1.849700655000000040e+02
2.719148917999999867e+03 4.149534300999999914e+01 -1.317869096999999954e+02
2.445327377000000070e+03 3.854969169999999963e+02 -3.544971448000000009e+02
2.390428100000000086e+03 -1.068170058999999981e+02 -4.039177864999999770e+02
2.603038018000000193e+03 2.251324545999999884e+02 -2.115955996000000141e+02
2.997777666999999838e+03 1.239379592999999957e+01 -1.934222048999999970e+02
2.820946852999999919e+03 8.461743914000000188e+01 4.699570145999999937e+01
2.472906359000000066e+03 1.108465843000000035e+02 -5.179681057999999894e+02
2.493330258999999842e+03 8.907030831000000148e+01 -4.895856488000000013e+02
2.563662319999999909e+03 2.835913380999999731e+02 -2.515474255000000028e+02
2.555036618000000090e+03 4.522667447000000038e+02 -2.149523355999999978e+02
2.515150387000000137e+03 3.541954570999999987e+02 -3.841337970999999811e+02
2.539147985999999946e+03 7.807100386999999841e+01 -1.987960975000000019e+02
2.552926394000000073e+03 8.114669770000000426e+02 -4.977587386999999808e+02
2.616244572999999946e+03 8.071844607000000451e+02 -5.027153908000000229e+02
2.864668094999999994e+03 4.116496968000000152e+02 -1.018982194000000021e+02
3.042509356999999909e+03 3.517201119000000062e+02 -1.023693135999999981e+02
2.961585109000000102e+03 -2.355636627999999888e+01 -1.589773352999999929e+02
2.886676441000000068e+03 -1.234327446000000066e+02 -5.649587954999999795e+01
2.333814382999999907e+03 6.210797049000000243e+02 -5.442418702999999596e+02
2.522340870999999879e+03 -7.496522154999999543e+01 -2.615527872999999772e+02
2.416187064000000191e+03 5.023203413000000239e+01 -3.509076607999999737e+02
2.959491880000000037e+03 9.702052831999999682e+01 -2.646640310999999883e+02
2.362030464999999822e+03 3.316996775999999727e+02 -5.427864221999999472e+02
3.090857680000000073e+03 -1.060558532999999954e+02 -2.663176371000000131e+02
2.518315087999999832e+03 5.746000123999999687e+02 -2.526850133000000085e+02
2.883295232999999826e+03 -9.271904887999999900e+00 -8.068634783000000255e+01
2.553731815999999981e+03 -1.286365121999999985e+02 -1.845549895000000049e+02
2.600460852000000159e+03 6.314310337999999945e+01 -6.106923170999999684e+01
2.811012423000000126e+03 -4.135793301000000355e+01 -3.128175954999999817e+02
2.307944832000000133e+03 6.504376525000000697e+01 -5.321816274999999905e+02
2.383127043999999842e+03 -1.389568098000000020e+02 -4.486019129000000021e+02
2.377604050999999799e+03 1.474464360999999997e+02 -2.987094212000000084e+02
2.395571621999999934e+03 5.003242351000000099e+02 -3.078405566999999792e+02
2.535429881000000023e+03 3.636326918999999975e+02 -3.855764523000000281e+02
2.703544726000000082e+03 7.423594053000000486e+02 -3.617400688999999829e+02
2.994988746999999876e+03 1.599491004000000061e+01 -3.026984603000000220e+02
2.739323173000000224e+03 4.488941522000000077e+02 -2.893784713000000011e+02
2.311551191000000017e+03 4.392977098999999725e+02 -5.057265446999999767e+02
2.855656305999999859e+03 -2.976436986999999945e+01 -1.143474884999999972e+02
2.436447894999999789e+03 2.255101478999999927e+02 -5.426627810999999610e+02
2.894579177000000072e+03 1.819770824999999945e+02 -1.864943087999999989e+02
2.744928061000000071e+03 1.050423006000000044e+02 -1.598351193000000023e+02
2.711581735000000208e+03 -1.830960498999999970e+02 -2.581273029999999835e+02
2.519994208999999955e+03 8.482590199999999641e+02 -4.833240306000000146e+02
2.511655933000000005e+03 -1.670367545000000007e+02 -4.667628290000000106e+02
2.649897644000000128e+03 2.939710387000000082e+02 -2.451996838999999966e+02
2.762706020999999964e+03 -3.285146336000000247e+02 -4.584253282000000240e+02
2.765242806000000201e+03 -1.286428937999999960e+02 -2.128170714000000032e+02
2.364276447000000189e+03 3.519815560999999775e+02 -4.804532995000000142e+02
2.776407994000000144e+03 2.599700465999999892e+02 -7.309218633999999781e+01
2.501153194999999869e+03 3.604834445999999915e+00 -2.920927224999999794e+02
2.442320499999999811e+03 3.153142101000000252e+02 -5.002628980999999726e+02
2.710010987999999998e+03 1.618129715000000033e+02 -7.160010321999999405e+01
2.783248047000000042e+03 -6.008391306000000043e+00 -1.715932162000000005e+02
2.925003585999999814e+03 -1.947329718999999955e+02 -1.982650151999999935e+02
2.432693760999999995e+03 1.547435479000000003e+00 -4.049379099000000224e+02
2.932495409000000109e+03 4.845195275999999751e+01 -2.659994437999999946e+02
2.746044391999999789e+03 2.713812184000000229e+02 -3.456561952999999789e+02
2.775681875000000218e+03 2.290679669000000018e+01 -2.079969252999999867e+02
2.537511006000000179e+03 3.537737113000000022e+02 -2.956195379999999773e+02
2.472970834000000195e+03 3.922652524000000085e+02 -3.167783959999999865e+02
2.499874257999999827e+03 5.778557815000000346e+02 -4.060823695999999927e+02
2.888636116000000129e+03 2.523988420999999960e+02 -2.423975743000000023e+02
2.519918667999999798e+03 2.824938975000000028e+02 -2.716562529999999924e+02
2.693035718999999972e+03 3.966114916000000079e+01 -1.418179379999999981e+02
2.555615557000000081e+03 9.646714348999999800e+00 -2.937285903000000076e+02
2.681065704999999980e+03 4.569126084999999762e+02 -3.182422487000000046e+02
2.643416095000000041e+03 2.086391236000000049e+02 -1.112992303000000049e+02
2.853758341000000200e+03 -5.783566797999999842e+00 -2.771972749999999905e+02
2.625238126000000193e+03 -1.572191784000000041e+02 -3.575467712999999890e+02
2.625839425000000119e+03 5.188786383000000342e+02 -1.847707005999999978e+02
2.280694184999999834e+03 3.653115910000000213e+02 -5.531122133999999733e+02
2.739812763999999788e+03 1.502229403000000048e+02 -3.968794502999999736e+02
2.546279359000000113e+03 -1.844338743000000136e+02 -5.292819524000000229e+02
2.590702627000000120e+03 6.662369495000000086e+01 -4.875788423000000193e+02
2.287838874999999916e+03 2.432675370999999984e+02 -3.923013172000000282e+02
2.656692849000000024e+03 2.937231140999999752e+02 -3.831398657999999955e+02
2.358370626999999786e+03 3.523700006999999914e+02 -4.306305545000000166e+02
2.638465199000000212e+03 3.827819921999999906e+02 -2.123151207999999883e+02
3.082241641999999956e+03 -1.442134824999999978e+02 -2.132218621000000098e+02
2.835000489000000016e+03 3.214748667000000069e+02 -1.419878723999999863e+02
2.490923724000000220e+03 2.749356432000000083e+01 -3.550164045999999871e+02
2.515111119000000144e+03 2.037989928000000077e+02 -2.399050986999999964e+02
2.593134172999999919e+03 5.880385516000000052e+02 -2.566036707000000092e+02
2.403579189999999926e+03 4.339291521000000103e+02 -4.636996912999999836e+02
2.647601470999999947e+03 5.009612680000000182e+02 -3.661156917000000135e+02
2.814768120000000181e+03 1.867784249999999986e+02 -1.322023398000000043e+02
2.566008337000000211e+03 8.779626725999999337e+01 -3.477573082000000113e+02
2.513800153000000137e+03 5.506150231000000304e+02 -3.174547873999999865e+02
2.410323179999999866e+03 1.333944844000000103e+02 -5.391152081000000180e+02
2.440520462999999836e+03 4.738602700000000141e+02 -4.163361868000000072e+02
2.959861808999999994e+03 -6.209548890999999848e+00 -1.533988343000000043e+02
2.571460876999999982e+03 -1.770984448000000100e+02 -4.535934174999999868e+02
2.564387847999999849e+03 7.331619037000000105e+01 -6.945433602999999323e+01
2.927925773999999819e+03 4.862767589999999984e+01 6.325076814999999897e+01
2.763115999000000102e+03 -1.809766576000000100e+02 -4.985177262000000269e+02
2.852733067000000119e+03 3.512267716000000064e+02 -8.297860980000000097e+01
2.449251840999999786e+03 3.019199029999999766e+02 -3.731394071999999937e+02
2.827037010999999893e+03 3.037471757999999795e+02 -1.202988287999999955e+02
2.423924993000000086e+03 1.271797373000000064e+01 -3.598667965999999865e+02
2.693189109999999800e+03 2.295967225000000056e+01 -3.766789358999999990e+02
3.118260701000000154e+03 -2.242328188000000111e+01 -2.234745318999999881e+02
2.692547946000000138e+03 3.019401637999999934e+02 -2.529585549000000100e+01
2.494110087999999905e+03 6.237842245000000219e+01 -2.737636600999999814e+02
2.585986897000000226e+03 -6.367651464000000061e+01 -3.024141880999999898e+02
2.604001768000000084e+03 1.647528413999999941e+02 -1.514239785000000040e+02
2.650809810000000198e+03 5.623852961000000050e+02 -3.087492574999999988e+02
3.055600093999999899e+03 3.544796458999999800e+02 -7.776138905000000534e+01
2.625244698999999855e+03 6.546660986000000548e+02 -3.808548794999999814e+02
2.849990409000000000e+03 7.918487111000000311e+01 -2.186436539000000039e+02
2.587581669000000147e+03 1.571794040999999993e+02 -1.390226298000000043e+02
2.686152203000000100e+03 1.715502539999999954e+02 -3.553496802000000230e+02
2.487866649999999936e+03 2.832600320000000238e+02 -2.430856603999999948e+02
2.734049090999999862e+03 -1.119278101999999961e+02 -2.366481980000000078e+02
2.860646871999999803e+03 2.546693525999999963e+02 -1.519610462999999925e+02
2.615301405000000159e+03 1.178360492999999991e+02 -2.452054965000000095e+02
2.735319796000000224e+03 1.252307177999999936e+02 -3.657048656000000051e+02
2.667189271000000190e+03 -2.794881731999999985e+01 -2.556030577999999878e+02
2.982040644000000157e+03 -5.838778583999999938e+01 -3.362898983000000044e+02
2.413414865000000191e+03 1.628090704999999900e+02 -3.564016876000000025e+02
2.397916259000000082e+03 1.236407626999999998e+01 -4.626006454000000190e+02
2.803600673999999799e+03 -6.794492485000000670e+01 -2.663330369999999903e+02
2.356985184000000118e+03 -2.228246920000000131e+00 -3.218591177000000130e+02
2.615801746000000094e+03 4.362908279000000107e+02 -1.072179584000000006e+02
2.472283464000000095e+03 -1.144303423000000031e+01 -2.347348540000000128e+02
3.009715713000000051e+03 2.680490619000000265e+02 -4.119432017999999829e+01
2.566638993000000028e+03 4.094119307000000276e+02 -3.092469199999999887e+02
2.871145615999999791e+03 -2.013955668000000117e+02 -3.171291512000000239e+02
2.768943272999999863e+03 1.043868202000000078e+00 -3.622527435999999739e+02
2.439745798999999806e+03 9.534571239000000276e+01 -5.113381994000000077e+02
2.580294139999999970e+03 1.757539567999999974e+02 -2.083190326000000141e+02
2.504313121000000137e+03 8.310559695000000247e+00 -1.223770760000000024e+02
2.667025149000000056e+03 3.465202189999999973e+02 -1.553801669000000061e+02
2.746837723000000096e+03 -3.017567601999999738e+02 -4.116896186999999827e+02
2.772881707999999890e+03 -7.439172259000000054e+01 5.552626895000000395e+00
2.616675987999999961e+03 3.922986223999999993e+02 -2.788762517000000116e+02
2.387565807999999834e+03 2.905212146999999732e+02 -5.319690729999999803e+02
2.928486707000000024e+03 7.164902082999999777e+01 -2.744502284999999802e+02
2.625994209999999839e+03 -3.224303306000000191e+01 -3.273787171999999828e+02
2.515091168999999809e+03 4.785775896000000103e+02 -2.801923148999999853e+02
3.169754914999999983e+03 -1.463774792000000105e+02 -3.284672357000000034e+02
2.322243826999999783e+03 1.100006182999999993e+02 -4.982873285000000010e+02
2.292397504000000026e+03 2.084314320999999950e+02 -4.218438343999999915e+02
2.796874169000000165e+03 2.834245596999999748e+02 -1.182974052999999941e+02
2.593314084999999977e+03 2.467762293000000113e+02 -2.617192236999999864e+02
2.485025125000000116e+03 3.329435191000000032e+02 -2.136084419000000025e+02
2.966671788999999990e+03 2.729610453000000234e+02 -6.133619762000000009e+01
2.334061451999999917e+03 3.048137052999999810e+02 -5.581920593999999483e+02
2.853718985999999859e+03 3.603159911999999849e+02 -1.534541343999999867e+02
2.589258941000000050e+03 -2.879581104000000096e+02 -3.567223640000000273e+02
2.775151064000000133e+03 -3.151656962999999791e+02 -3.043628972000000203e+02
2.848363142000000153e+03 5.702823904000000539e+02 -3.070527203999999983e+02
2.706387892000000193e+03 2.504965780999999936e+02 -2.830212715000000117e+02
2.678118331000000126e+03 4.254538938000000030e+02 -2.371811951999999906e+02
2.911907223000000158e+03 -4.798070831999999797e+01 -1.929215136999999913e+02
2.713817242999999962e+03 -6.026690937000000048e+01 -3.752715059999999880e+02
2.793186482000000069e+03 2.920625540999999998e+02 -2.851919634000000059e+01
2.284018130999999812e+03 2.293324170999999865e+02 -4.521683211000000142e+02
2.630079838999999993e+03 -1.429584656000000109e+02 -1.501685165000000097e+02
2.332952764000000116e+03 -4.668982147000000360e+00 -5.095185581999999727e+02
3.059916079999999965e+03 -1.036432542999999953e+02 -2.528429937999999879e+02
2.792439890000000105e+03 2.103646305999999981e+02 -1.828302665999999874e+02
2.690945336000000225e+03 2.939636017999999922e+02 -3.896197136000000114e+02
2.589966394000000037e+03 -2.975236042999999881e+02 -5.050192729999999983e+02
2.512648291999999856e+03 6.537084886000000097e+02 -2.600346802000000253e+02
2.985442559000000074e+03 -2.879507050000000277e+02 -3.751580349000000183e+02
2.855455621999999948e+03 2.683360632000000123e+02 -2.042366887000000020e+02
2.646174351000000115e+03 4.737143901000000028e+02 -3.369989405000000033e+02
2.622801321999999800e+03 6.734133318000000656e+01 -2.442538332000000025e+02
2.327137259999999969e+03 1.650944753999999932e+02 -5.502041808000000174e+02
2.821444919999999911e+03 1.918485913000000096e+02 -2.402118084999999894e+02
2.577548573000000033e+03 3.921353583000000071e+02 -1.068048809000000006e+02
2.390227667000000110e+03 4.647569904000000065e+02 -5.159166199000000006e+02
2.905650788999999804e+03 7.108743565000000331e+01 -1.948857448999999917e+02
2.690648764999999912e+03 -5.408179067999999745e+01 -1.037006405000000058e+02
2.560547270999999910e+03 -4.076331015000000235e+01 -3.167270624999999882e+02
2.680026949000000059e+03 3.331474046999999814e+02 -1.908755404000000055e+02
2.646313521999999921e+03 7.684292597999999543e+02 -3.964074009000000274e+02
2.815192199000000073e+03 3.707375271000000225e+02 -2.066537044000000094e+02
2.669871238000000176e+03 -3.030855670000000259e+02 -4.845732350000000110e+02
2.635139865999999984e+03 5.473551254000000199e+02 -1.846547214999999937e+02
2.999890398000000005e+03 3.470370383999999717e+02 -1.317371239000000003e+02
2.727291933999999856e+03 7.799212665999999849e+00 -3.452130601999999726e+02
2.722178954999999860e+03 -2.660896755999999996e+01 -1.740731418999999960e+02
2.456971578000000136e+03 4.505149554999999850e+02 -2.576332567000000040e+02
2.766188132000000223e+03 3.513381210000000010e+02 -2.513749378999999919e+02
2.883969760999999835e+03 2.048804223000000135e+01 -3.342098727000000054e+02
2.415804477000000134e+03 2.792002193000000148e+02 -2.747063327999999842e+02
2.330747472000000016e+03 2.825264158999999964e+01 -4.329263123999999721e+02
2.590852378999999928e+03 1.867872375999999974e+02 -2.072788496999999950e+02
2.431894248999999945e+03 1.366524274999999875e+02 -2.306070698999999991e+02
2.610856502000000091e+03 2.872205561000000102e+02 -2.242696200999999974e+02
2.822696390999999949e+03 1.667092744999999923e+02 -4.807927706000000256e+01
2.929644956999999977e+03 -2.467437317999999991e+01 -3.637028659000000061e+02
2.680303197000000182e+03 -1.247770735000000002e+02 -1.787081507000000045e+02
2.599101224000000002e+03 8.316313338000000499e+01 -2.317854009000000133e+02
2.476823508999999831e+03 4.650387340999999992e+02 -3.748522618999999736e+02
2.450200756000000183e+03 2.573615717000000132e+02 -2.987371555999999941e+02
2.498748286999999891e+03 2.991649509999999879e+01 -5.410965758999999480e+02
2.330361109999999826e+03 1.526308371000000079e+02 -3.422547865000000229e+02
2.605772610999999870e+03 5.721830618000000186e+02 -3.206733045999999945e+02
2.860317961000000196e+03 -3.279137633999999935e+02 -4.806152579000000173e+02
2.873634324999999990e+03 -2.475710206999999912e+02 -3.229971671999999785e+02
2.402667356999999811e+03 7.599028626000000486e+02 -4.059889870000000087e+02
3.119073614999999791e+03 1.230724797999999964e+01 -2.215366918999999939e+02
2.474968378999999914e+03 7.578277063999999541e+01 -2.190167418000000055e+02
2.625861699000000044e+03 5.799278527999999824e+02 -3.779699454999999944e+02
2.769552234000000226e+03 3.669607801999999879e+02 -1.539660250000000019e+02
2.897517954999999802e+03 2.543057225000000017e+02 -1.040337130000000059e+02
2.468369728000000123e+03 4.381328677999999854e+02 -1.470925393999999926e+02
2.672178828999999951e+03 9.440150104999999314e+01 -1.814231217999999899e+02
2.755702823000000080e+03 4.638184375000000159e+01 -2.788669079000000011e+02
2.380024276000000100e+03 2.422872451000000069e+02 -3.135616218999999774e+02
2.615886204999999791e+03 -7.666346860999999535e+01 -2.667505719000000113e+02
2.625843915999999808e+03 6.056204847999999856e+02 -3.264374384000000191e+02
2.581010041999999885e+03 4.444013027999999963e+02 -2.060484918999999877e+02
2.790491164000000026e+03 -5.211858870999999738e+01 -2.587088380000000143e+02
2.922751890000000003e+03 2.132107502000000068e+02 -1.670724537000000112e+02
2.670276934999999867e+03 1.556551791000000051e+01 -1.056174936999999971e+02
2.539332417999999961e+03 3.337140853999999877e+02 -4.004384023000000070e+02
2.830413366000000224e+03 -2.043611071999999922e+02 -3.319160898999999745e+02
2.706237611000000015e+03 2.516963207999999952e+02 -6.868792399999999532e+01
2.500754507000000103e+03 2.106018750999999867e+01 -4.359214471999999887e+02
2.619272629000000052e+03 -1.058917191999999972e+02 -2.372131187999999895e+02
2.768512855999999829e+03 3.299952908000000207e+02 -2.074415423000000089e+02
2.795780999999999949e+03 1.126202834999999993e+02 -3.495110361000000125e+02
2.528527736000000004e+03 -5.320042352000000108e+01 -5.161847701000000370e+02
2.807021959000000152e+03 -1.176437518000000040e+02 -1.816984166000000016e+02
2.884009242000000086e+03 -1.426689106000000038e+02 -9.334388217999999426e+01
2.471682042999999794e+03 -8.487916231999999894e+00 -3.114991648000000168e+02
2.729062313999999787e+03 4.711332348999999908e+02 -3.068879766000000018e+02
2.587612920999999915e+03 9.611647904000000153e+01 -2.977734684999999786e+02
2.673769519999999829e+03 4.854833272000000193e+02 -1.156540743000000049e+02
2.432826414000000113e+03 2.155501864999999952e+02 -2.576058691999999724e+02
2.716165880000000016e+03 2.036978401000000076e+02 -2.293640167000000076e+02
2.325784016999999949e+03 2.460874087999999915e+02 -5.179365566000000172e+02
2.610956072999999833e+03 3.365887106999999787e+02 -3.510729081000000065e+02
2.829391461000000163e+03 1.549391535000000033e+02 -2.483070843000000139e+02
2.728810325999999804e+03 2.511828624999999988e+02 -2.650311583000000155e+02
2.572782933999999841e+03 1.402320646000000011e+02 -1.305246558000000050e+02
2.538984140000000025e+03 7.230537709000000177e+02 -3.539357428000000141e+02
2.769103979999999865e+03 2.941465557000000217e+02 -8.114977605999999355e+01
2.741694430000000011e+03 2.517796309999999949e+02 -2.912370725000000107e+02
2.892184276999999838e+03 -9.540772721000000445e+01 -1.205056524999999965e+02
2.546110760000000028e+03 -9.538912138999999968e+01 -4.598840392999999835e+02
2.827234977999999956e+03 2.179220598999999936e+02 -1.478232429999999908e+02
2.938367569999999887e+03 6.661719324999999969e+01 -1.530449480999999992e+02
2.922161536999999953e+03 3.202177265000000261e+02 -7.346912211999999442e+01
2.962984192999999777e+03 3.031141408999999953e+02 -1.280808468000000033e+01
2.923991238999999950e+03 4.709218431000000038e+01 -3.243774649999999724e+02
2.367118641999999909e+03 2.717078314999999975e+02 -5.096153062000000205e+02
2.306851118000000042e+03 1.637691256999999894e+02 -4.828181766000000152e+02
2.606711835000000065e+03 2.775499021999999982e+01 -2.592443114000000151e+02
2.810142581999999948e+03 2.919770548999999846e+02 -1.109377901000000008e+02
2.544455552999999782e+03 3.647097732999999948e+02 -3.802001354999999876e+02
2.497344755000000077e+03 3.263595741999999973e+02 -2.157327338999999995e+02
2.594011233000000175e+03 5.371969821999999795e+02 -3.547514004000000227e+02
2.962166747000000214e+03 3.369823293000000319e+01 -1.919000416000000087e+02
2.475138448000000153e+03 1.797592142000000024e+02 -2.348466813000000002e+02
2.326937480000000050e+03 2.167577660999999978e+01 -3.449763740000000212e+02
2.407326206000000184e+03 8.007449354000000596e+01 -1.907286936000000139e+02
2.654633260999999948e+03 -1.016963183000000015e+02 -2.748338216000000216e+02
2.850011520999999902e+03 2.793552809000000252e+02 -1.514394521000000111e+02
2.651028022999999848e+03 7.001279213999999911e+02 -3.758253735000000120e+02
2.313666174999999839e+03 3.875018821999999830e+01 -5.038775805000000219e+02
2.826083981000000222e+03 1.526191574000000060e+02 -2.856237646000000154e+02
2.992880201999999827e+03 -5.693624502000000120e+01 -3.129510875999999939e+02
2.410495628000000124e+03 -1.157834584999999983e+01 -4.208343871000000149e+02
2.833128043000000162e+03 6.202857033000000087e+01 -1.344705736999999885e+02
2.381932009000000107e+03 1.432827260999999908e+02 -4.755764869000000203e+02
2.790312124999999924e+03 4.270002984000000197e+02 -3.890812117000000114e+01
2.600266114999999900e+03 7.425025447000000156e+01 -4.571549729999999840e+02
2.347987904999999955e+03 1.053621981999999946e+02 -3.760979019000000108e+02
2.328036051000000043e+03 4.776136048999999844e+02 -4.329968116000000009e+02
2.621944993999999951e+03 2.073158182999999894e+02 -1.585555630000000065e+02
3.090938595000000078e+03 -2.982578260000000228e+02 -3.183404335999999830e+02
2.513089190000000144e+03 4.369708392000000003e+02 -2.989660802000000217e+02
2.616228528000000097e+03 -1.094645301999999987e+02 -1.053135161000000011e+02
2.623468487000000096e+03 -9.420554484000000173e+01 -3.989504918999999745e+02
2.758564691999999923e+03 2.193556172000000117e+02 1.452549280999999937e+01
2.599177541999999903e+03 3.971574056000000041e+02 -1.087725525000000033e+02
2.723455835000000206e+03 2.007251906000000030e+00 -4.149660787000000255e+02
2.763049609000000146e+03 7.380851525000000493e+02 -2.857925556000000142e+02
2.363868370000000141e+03 3.888213814999999727e+02 -5.066413041000000135e+02
2.598081164000000172e+03 5.924349998999999798e+02 -3.848907839999999965e+02
2.576271345000000110e+03 -2.354947543000000110e+02 -5.693685619000000315e+02
2.586116688000000067e+03 -8.045883467999999539e+01 -4.994211680000000229e+02
2.491401887999999872e+03 2.905145956999999726e+02 -4.422977811999999744e+02
2.442604650000000220e+03 2.941093925000000127e+02 -3.578973455999999942e+02
2.951613744000000224e+03 3.122143872999999985e+02 -1.210123205999999954e+02
2.513867515999999796e+03 -1.221316573000000005e+02 -5.154170040999999856e+02
2.493941042999999809e+03 -1.406181253000000027e+02 -4.952938942999999767e+02
2.504284044999999878e+03 1.551573386000000028e+02 -2.897217286000000058e+02
2.833018552999999883e+03 2.142696707000000060e+02 -9.869955242000000339e+01
2.873456717999999910e+03 1.031897785999999968e+02 -4.432352978000000121e+01
2.952811730999999781e+03 1.293598556999999971e+02 -2.164958839999999896e+02
2.738908835000000181e+03 -1.275862381999999968e+02 -4.022439421999999922e+02
2.441652994999999919e+03 4.331492811999999759e+01 -2.214955267999999933e+02
2.722508118000000195e+03 3.559612778000000048e+02 -2.029239171000000113e+02
3.066117069999999785e+03 -6.528015664999999501e+01 -4.906462357000000196e+01
2.741773739000000205e+03 -4.744803691999999984e+01 -1.830155441999999937e+02
2.428775810000000092e+03 3.930474833000000103e+02 -2.759680683999999928e+02
2.694092544000000089e+03 3.061758755000000178e+02 -1.936282788999999980e+02
2.431243578000000070e+03 2.693169019000000048e+02 -3.669783813999999893e+02
3.064201818000000003e+03 -2.857823422000000164e+02 -2.606202273000000105e+02
2.499622539999999844e+03 4.991916090000000281e+02 -3.234130117000000268e+02
2.300747632000000067e+03 1.657524521999999934e+02 -4.566624044999999796e+02
2.806085434000000078e+03 -1.150715208999999959e+02 -3.966136500000000069e+02
2.396797558000000208e+03 6.411920757999999978e+02 -3.658162970000000200e+02
2.894588158999999905e+03 2.592989511999999763e+02 -1.583156166999999925e+02
