-3.713577300894610467e-03 7.988021610778788132e-08 -2.840023543612240622e-04
9.260411890854691741e-02 1.186520149590917207e-07 -2.053154142210395438e-04
1.661533079217758502e-02 1.198857271616811539e-07 -2.874513243260450610e-04
1.174867118440086067e-01 1.783910107508625823e-07 -1.368025151513653005e-04
-7.085921924200300204e-02 4.911319657708701523e-08 -1.150628522850628951e-04
3.147847933087200012e-02 1.477670075713550643e-07 -3.151495530856674083e-04
4.217056199000102090e-02 -2.287585900333156311e-08 -1.298344001813175311e-04
8.206653016861287231e-02 1.095485930400978943e-07 -2.863023993843591321e-04
1.618351935792294860e-02 4.623571053317957749e-08 -1.482979578440331541e-04
8.215473156620611839e-02 1.212911124432471333e-07 -3.366074656678755142e-04
-2.905047886203127039e-02 4.117892770775342804e-08 -2.809420357375219451e-04
3.382471924600682911e-02 3.732616932818167510e-08 -3.533785913282909159e-04
6.976927198703208877e-02 1.137150624342087916e-07 -3.263804587112332524e-04
-3.049817717236258385e-02 5.205780851420655457e-09 -2.127987494477190985e-04
-8.115532180594797751e-04 1.790762451430229659e-07 -3.723620873839772211e-06
-2.804120635026441377e-03 1.037537764313671309e-07 -2.192256913704822426e-04
-4.325946658359469676e-02 1.297084296500079819e-07 -2.111837969502760497e-04
4.527539337503738714e-02 1.201339676663939813e-07 -3.309242222143647660e-04
-3.728798966213375810e-02 1.741542579313037338e-09 -1.158975462707163297e-04
2.425985973405286877e-02 7.590248872789324718e-08 -3.225324057103945820e-04
-3.398500823602967902e-02 1.013136085515351777e-07 -1.023176875271197253e-04
6.996000347289954568e-02 4.228526688909551473e-08 -3.428664454344778701e-04
-5.425089651071912655e-03 1.174224518375578637e-07 -1.475037084261487713e-04
-5.061754379577509955e-02 7.823989943493594224e-08 -2.028096684681291329e-05
3.645601759995120705e-02 2.563117076559797642e-08 -2.849453387019247868e-04
1.793760970290825263e-02 8.596600017577254859e-08 -2.906989880750154029e-04
3.908845408721894898e-02 1.829721267284129306e-07 -6.200308740390473401e-05
9.455075260166057038e-02 1.434055750967579506e-07 -1.573489279827460917e-04
-7.811337235222937103e-02 9.911716667312254471e-08 -2.038605752935391689e-04
-3.309136073473695205e-02 2.354073668494331366e-08 -2.439101898455124260e-04
3.574635585332375243e-02 5.048181200466440658e-08 -3.022547252634801961e-04
4.061001451486523361e-02 -1.598794880639100340e-08 -2.383603271397368643e-04
-9.516856101217596731e-02 7.327057321074351052e-09 -7.254629513075077718e-05
1.133161920594405458e-02 3.325835886436416852e-08 -3.401241181257825641e-04
7.409679548753445033e-02 5.840386947961995500e-09 -2.279695807398371182e-04
7.019994333311951884e-02 1.765939902676235964e-07 -1.512494627971126186e-04
-9.474428649286936732e-03 1.128758493730528902e-07 -1.836984974432669050e-04
1.698356752998908537e-02 1.167295858358960691e-07 -2.802266474583271424e-04
3.671088924481324955e-02 1.494335305636849703e-07 -1.852414890324805506e-04
-3.089968760053518615e-02 6.790437967221847147e-08 -9.244181272144698998e-05
2.681302278495900637e-02 8.487634584370926203e-08 -3.589031647189558577e-04
-3.143816435689339439e-02 4.066262387189935353e-08 -1.707033596279907935e-04
-1.422769898529541166e-02 7.501238037503585367e-08 -2.461985049244047943e-04
4.425324959573795347e-02 1.496322604841925038e-07 -2.148814888452582909e-04
2.242273466354094413e-02 6.422406490170782596e-08 -2.440929082458372426e-04
3.494276920366035100e-02 6.783431272174789771e-08 -3.963249908794349631e-04
7.911043748738744164e-03 9.116834201669087455e-10 -2.485281066321287213e-04
-8.303988453614874476e-02 2.995599119534727867e-08 -1.613617366014249044e-04
2.361064063740292429e-02 1.698496175968340153e-07 -1.695048583189765303e-04
-2.619019342081307933e-03 1.993899273973535455e-08 -2.270811172264286407e-04
6.121102635994080110e-03 -2.740297406193310250e-08 -2.005494052935799813e-04
1.271963539620789563e-01 1.500966941044143857e-07 -3.401636760390437989e-04
7.785359265967306541e-02 1.347307515168379454e-07 -3.681218965114745490e-04
-1.188665129954025179e-02 6.879450776361024718e-08 -1.024787392631318610e-04
-2.358270881114377104e-02 4.805784104914735121e-08 -2.293035381905516505e-04
1.801922014343426692e-02 5.865353203750316463e-08 -2.767450111731140907e-04
7.301090052313807810e-02 1.365867160764550760e-08 -3.473438422829594821e-04
6.144482900155456839e-03 1.684160637591804181e-07 -8.819134287627841857e-05
6.489006702186272957e-02 1.550154805314376921e-07 -2.289612715302472533e-04
4.302353897630462054e-02 4.001040993238747163e-08 -3.377924364592858756e-04
5.354054755566717283e-03 1.374098039361117075e-07 -6.389378265141121543e-05
1.339823945802487426e-01 9.113789026787153904e-08 -3.885482115235351316e-04
3.796178188690457755e-02 5.320696578243492584e-08 -1.353008333101643978e-04
-5.887936981846864093e-03 9.097120972741812245e-08 -2.254417097024773945e-04
4.936603229265923432e-02 1.455826124630211468e-07 -2.168146632843195463e-04
1.400125290910936293e-03 1.535973156979566838e-07 -1.034643858110470072e-05
1.022607439809626317e-01 9.301907245761523128e-08 -3.555156479664087058e-04
7.857889400061990326e-02 5.979638934688862871e-08 -1.886076132630377965e-04
1.285567705835329866e-01 1.838158593955311943e-07 -2.760111739147602487e-04
-3.625051236210485861e-02 1.818397818753552197e-08 -9.688221690909497264e-05
-8.531433248501918420e-02 8.988808747685993708e-08 -1.285026375603262128e-04
-5.940526740079143941e-02 5.598447495837672432e-08 -2.583778198215475725e-04
2.468779631816420128e-02 -3.225732378457896076e-08 -2.614510038922700252e-04
-7.641412163764993437e-02 8.001443574589719420e-08 -1.040014188605384803e-04
-1.971965227360661377e-02 5.081418520198115091e-08 -3.605047511262981933e-04
8.137578959195612693e-02 1.730542232256996023e-07 -2.729940072599019172e-04
-1.566881432243083516e-02 7.662256485719177464e-08 -1.935617904265328189e-04
2.393768607567836604e-02 -9.042381008437816170e-09 -2.150294212582013538e-04
-5.026135762040995214e-02 2.899696390955124766e-08 -2.603804848856437325e-04
-5.964328553713360570e-02 8.418471630851190985e-08 -2.572125624354770876e-04
6.610473938661254323e-02 7.714591099892771203e-08 -3.602543313783942449e-04
4.259406851539360161e-03 4.460215354643730309e-08 -1.319621633540016660e-04
-8.795331531163264049e-02 8.827412079963300874e-08 -6.980187985725652905e-05
6.296328566224174139e-02 -4.856982407277894452e-08 -3.572727333856256160e-04
7.682529366488977107e-02 8.934297552192330230e-08 -2.726390113886358328e-04
8.664178307712011584e-02 1.217231536029692013e-07 -2.783180083010708232e-04
-4.788143216317930495e-03 1.457390417041894388e-07 -6.365747519407089113e-05
-4.399226152460078421e-02 9.486467775745626407e-08 -1.184305930035288120e-04
7.895650935227527256e-02 1.358102822521850948e-07 -1.859173600877024829e-04
-5.215427110787373977e-03 3.657319335100340375e-08 -1.090802336595328361e-04
1.053142292442031946e-01 1.654583886801135142e-07 -1.659000254821149200e-04
3.635624198881848290e-02 1.662943737089772473e-08 -2.129582850291196537e-04
-9.130830647691279278e-02 5.004963838376810121e-08 -1.915817010633572362e-05
3.070039912319144637e-02 -7.496183678182442733e-08 -1.537043316946868309e-04
2.236714483962076727e-02 7.982399888919354235e-08 -2.826668151442960231e-04
-5.149374243699189613e-02 3.946781388537839651e-08 -1.576592848145792996e-04
-1.801349104048066696e-02 7.735039524265415197e-08 -1.548286490898365152e-04
-4.672399746441213697e-02 7.252427130035665074e-08 -2.480088157612416800e-04
7.382762297486611391e-02 9.001877362489396834e-08 -2.903364741662963757e-04
1.898701956371728894e-02 1.237651877656303681e-07 -3.117186893700566981e-04
-7.131643779766161373e-03 3.970999205267966599e-08 -3.394177837273823690e-04
-1.770674024371521327e-02 7.794359107481806123e-08 -3.330479437143253792e-04
-2.542075812432265103e-03 3.801996424576314285e-08 -9.423170882596614310e-05
-4.020254192500505308e-02 8.278395704680861382e-08 -4.753008992869003782e-05
-3.523993467361619114e-02 1.132255503805912060e-07 -1.071178765310539275e-04
-8.557003891561987263e-02 8.292192562474222522e-08 -1.908092003233832973e-04
7.610320111116841701e-03 1.660706162026438598e-07 -2.478710909872199140e-05
-6.198651851573766525e-02 9.793182736535204545e-08 -1.345295365423965163e-04
-5.991707295001058586e-02 2.198843439554563001e-08 -2.153279542930604468e-04
2.254348696993724310e-02 4.508182979219058945e-08 -2.993464100995811691e-04
-2.944748102281302682e-02 1.042069306231729246e-07 -2.607221229641898440e-04
-2.971250689028381853e-02 4.032599895836490571e-08 -2.607768348130360802e-04
9.537156576987615431e-02 6.762444202402317707e-08 -2.523018060497815226e-04
3.351566148203655171e-02 7.306001508123202986e-08 -3.008622930260962738e-04
1.922084954630665088e-02 -4.310421263836953867e-08 -2.730296552979436658e-04
9.912486496212791209e-03 4.772596436296034961e-08 -1.092706193574284244e-04
-6.827888566271977933e-02 6.284898582882066125e-08 -9.635965000393486267e-05
8.729629376878944580e-02 4.676908390899824148e-08 -2.760271137052364480e-04
-5.476251290016520556e-02 1.437890371395276014e-07 1.196512454689640809e-05
4.065717256028356097e-02 1.286987021241566443e-07 -3.106126437686109972e-04
2.941617015507846933e-02 1.711192069255369846e-07 -1.295660415267113901e-04
4.942105563657206435e-02 1.087039857798163205e-07 -1.695017538681858828e-04
-4.416753536688922122e-02 3.308761722355095895e-08 -2.620625570427386223e-04
-2.305808437025547164e-02 -2.359855902366522056e-08 -2.349349020813906079e-04
8.173884456180691149e-02 7.116145414554384843e-08 -2.254549765994268563e-04
3.521429123305241937e-02 1.406036577394739833e-07 -1.896003317827408489e-04
-5.263746384339351714e-03 4.329753126177657894e-08 -1.885939359011747844e-04
2.089051853816625837e-02 7.897672532308265351e-08 -1.528719900691806184e-04
2.173355203581417427e-02 2.582817124624614575e-08 -3.432130529417170184e-04
-3.518204591878915100e-02 1.017640362939180988e-07 -2.394452547100552617e-04
9.356558008169946206e-02 1.343122918966799458e-07 -2.030099055486828130e-04
-5.203274019595949262e-02 1.012611647219564577e-07 -8.981499436276223257e-05
-3.784010174425522788e-02 6.667173789733222726e-08 -1.971631349435052727e-04
6.376514549792489106e-03 6.644125148969710641e-08 -2.622824164606470760e-04
4.357852092549863166e-02 1.494958308619482143e-07 -1.914019996739141024e-04
1.483250719389075378e-01 1.630101903020771775e-07 -2.615389694397883351e-04
1.469846806704518949e-01 1.126794113446778842e-07 -3.706262511999424509e-04
5.350311714924360640e-02 -5.061925767869637618e-08 -2.460065767303463167e-04
5.219059531503578153e-02 5.911458513151189579e-09 -2.581900918360991023e-04
2.387447005075804540e-02 5.675976679565456727e-08 -2.354603082702847047e-04
-1.016874811192769457e-02 -8.450932380579735476e-09 -2.347232027073316556e-04
-3.627856830859788051e-02 1.509927764487051578e-07 -9.858954228288041208e-05
3.162238752769508388e-02 8.160322525749358407e-08 -2.201013512959325280e-04
-1.464541108165184902e-02 9.537511409629771530e-08 -1.657581484392697271e-04
1.818908516146100496e-02 1.482552399963240062e-07 -2.380494843404605846e-04
2.887731337747234672e-02 1.535816493404378434e-07 -1.585824637037331470e-04
2.181482758626440699e-02 1.006575672346443041e-07 -1.765193918915204099e-04
7.254529991846636605e-02 1.599552847630458220e-07 -2.872358394059448686e-04
1.044104413441081514e-01 1.473749621631668176e-07 -2.004824017635052592e-04
1.739323507865842000e-02 8.510195722451151510e-08 -2.949640699278506637e-04
1.487729233607940627e-01 1.317468565079052037e-07 -2.451673331218574294e-04
1.518571696980297592e-02 2.859940575720321086e-08 -3.091016662000720984e-04
-4.659374146473416189e-02 2.774453826171518746e-08 -2.682840755899819005e-04
1.708893147633461229e-02 4.421234766462382688e-08 -2.436493362738481204e-04
9.280181383648034021e-02 1.275657393947567654e-07 -2.661065476588134302e-04
6.464728097663619000e-02 6.573812420809766738e-08 -1.927406835217309428e-04
4.267706705379870069e-02 1.543607202050326943e-07 -7.490625622540869220e-05
2.647918302344987040e-02 7.945705042229201217e-08 -1.815514305398283003e-04
4.160255145472380178e-02 -6.527610924562574409e-08 -2.011499850654460914e-04
-3.545115808487764308e-02 2.345033216750137230e-09 -1.871821332128529778e-04
1.245948801474159318e-01 9.104191037933959599e-08 -3.881014564085528409e-04
-7.563972087197257110e-02 9.338966724711475940e-09 6.033395735988427312e-06
1.807045237179660813e-02 2.893374812095697517e-08 -3.017097102816057694e-04
1.238326096162096768e-01 8.423446895507692508e-08 -4.002901392313405727e-04
-1.124712006161343592e-02 1.685852674203303588e-08 -1.871740211790007399e-04
-2.662777234215063515e-02 -5.706727681608450679e-08 -1.515899059548414887e-04
2.102011430282824112e-02 1.851348879189122791e-07 -6.061473734467111860e-05
-1.430899821485165369e-02 1.462325364164011794e-07 -2.694983498935501825e-04
-3.963176343754493125e-02 -4.676228769327968477e-09 -2.417130510928512579e-04
-4.728815911606387701e-02 1.392257788540676990e-09 -1.555500410632351281e-04
1.166355054241969835e-01 7.831043712840368467e-08 -3.428443956046887909e-04
-4.898196428557810567e-02 3.866155933446491616e-08 -2.262148647149915862e-04
7.292215640126054055e-02 1.584524095629019619e-07 -3.390116601206550348e-04
1.381107592375080406e-01 -4.912940846355467591e-08 -2.945014473002925811e-04
3.903251866868895359e-02 5.679999347493565516e-08 -1.741453554865738870e-04
8.827015280404937325e-02 1.444708441586703810e-07 -3.416119111979401459e-04
-1.127651709045163209e-02 5.354458655455363631e-08 -1.427876679346448631e-04
4.186687447081349767e-02 9.975059506668189215e-08 -2.605463788205544698e-04
4.401486599249304632e-02 1.440499192964071826e-07 -6.513729230658339437e-05
-9.607203197215152812e-02 9.566219221437678117e-08 -8.951995811505331383e-05
1.223758410520037199e-01 1.682160546909589604e-07 -1.883932736826877561e-04
1.384806182575651912e-01 5.747575699309327011e-08 -3.694137942823888521e-04
-2.806622931394930909e-02 -3.398381438099607352e-10 -3.112865391025288679e-04
-1.229292938335946328e-02 -2.662157733065937100e-08 -1.613894805465974512e-04
3.199476990631167084e-02 9.734037206790089695e-08 -2.958661973177326718e-04
-5.686373042393533250e-02 6.416602297669208623e-08 -1.770340050798885085e-04
-7.603139008869919113e-02 2.589098834351515757e-08 -2.122705990959109813e-04
1.151938943118997472e-01 1.274029299730144073e-07 -3.693827782682816024e-04
3.099064320331879063e-02 5.265947951509932932e-08 -1.630260324928205077e-04
-1.763412191238056259e-02 1.139117238115789495e-07 -2.598552006800836870e-04
1.007209061445373255e-01 8.568898938027847942e-08 -3.600972460518084631e-04
1.213130415132108730e-01 1.502167535753417876e-07 -2.603796169317254680e-04
7.939300815388694588e-02 1.591991994597595069e-07 -2.322106476756501190e-04
9.292731548484667314e-02 1.225540903831569243e-07 -2.631883623965032429e-04
1.210481134817450455e-01 1.856835586163533923e-07 -1.626139076259054868e-04
5.480588111768247561e-02 1.169627104642817177e-08 -3.154034368303181360e-04
-9.201106095364286475e-03 -6.620652794663391697e-09 -2.051272244462745979e-04
-2.781678180802660272e-03 1.732248101177640925e-07 -3.894571165307108163e-06
2.955463111372180762e-02 1.269165206867525324e-07 -2.779268052655642536e-04
6.835458624601098432e-02 1.573717127212400599e-07 -1.248927969779806905e-04
9.750689684619229247e-02 1.286547237058371448e-07 -3.925593205514235195e-04
1.074687689986857375e-01 3.503407234282248134e-08 -3.690593791629930270e-04
-9.136027795372014815e-02 1.037246076405368773e-07 -7.956243157909348896e-05
1.138480754128154970e-01 1.109867876034045480e-07 -4.209361380110285592e-04
1.699339515958806501e-01 1.236178826284646294e-07 -2.448198776615027883e-04
-1.953057021695259188e-02 6.539144302728179167e-08 -3.212824294717945444e-04
9.053741520263602904e-02 9.196287555414221300e-08 -3.208092731623328388e-04
5.909019842246265863e-02 8.482584851852858205e-08 -2.919782896813780354e-04
2.565615135297172333e-02 6.289049227269851256e-08 -2.179635654275600791e-04
3.663874051672355581e-02 3.471587255697620592e-08 -3.015693182548667001e-04
1.038325867224997312e-01 1.080515649616753762e-07 -2.409126756655372188e-04
-2.032702386448426157e-02 1.698844669145860854e-07 -2.394049619283249988e-05
5.061849837694210041e-02 2.037721350935710877e-07 -2.423021201116771269e-04
-5.061728861985004269e-02 -8.758640513545329459e-09 -1.364644060380505535e-04
2.804139550090112287e-02 8.512985233735984351e-08 -3.475084801863606251e-04
5.005267730785167846e-02 1.048570355510545472e-07 -1.113075671434436958e-04
-8.385780087205330080e-02 5.811575102244087312e-08 -8.835536338089387386e-05
-5.124550095250801629e-02 1.350142706379957448e-07 -1.334945644298195125e-04
9.919040372959886387e-02 9.406828325224860856e-08 -3.202686465990285691e-04
8.559063151327150898e-02 5.742178888294729132e-08 -4.001328745474116858e-04
1.105066266758580884e-01 1.306120021009075768e-07 -2.481057861599696808e-04
6.654221640963409179e-03 1.041871114794791041e-07 -3.049210169539462662e-04
2.692557974434495183e-02 1.286599940077431187e-07 -1.293324841182416846e-04
-3.371320090703078254e-02 1.022254377873185017e-07 -2.183390230914551374e-04
1.369529099846551468e-01 6.153973527711458307e-08 -3.841832847145961014e-04
5.533583296250210726e-02 8.393021236194137305e-08 -2.506774281399869902e-04
-7.489294276873392775e-03 5.568143501733428157e-09 -2.178724895139868851e-04
2.165580746570239246e-02 -6.710369005450233863e-09 -2.425373555883950994e-04
-6.055651976238218825e-02 7.700213545952898292e-08 -1.520624378080840929e-04
9.891897758210643765e-02 1.468698175493335454e-07 -1.474429049950898968e-04
1.491134567926775123e-01 4.664516414611708550e-08 -3.698820186261768611e-04
-1.411279549843291736e-02 1.315131034979802228e-07 -2.329492524317594235e-04
-6.274591174447952113e-03 9.179985758683227303e-09 -1.323062721938152338e-04
8.175129697733818368e-03 1.657927938468633003e-07 -3.770622089405140358e-05
1.423216703517105053e-02 6.035344164431940383e-08 -2.228600541585436614e-04
6.446203103403536083e-02 1.762852696169914940e-07 -1.217793365848230021e-04
-7.463678178195509716e-02 2.663282774073033431e-08 -3.559995228710218342e-05
-6.864551779363492479e-02 7.836097840887471071e-08 -2.297343321089821808e-04
-3.144219695516925484e-02 -3.487713266342016369e-08 -1.289468320524780594e-04
-3.407926313176878885e-03 -1.421076133884715675e-08 -2.438647127070073381e-04
4.400850571935965849e-02 1.130658587446568420e-07 -1.179420518937652487e-04
-1.450920752382722778e-02 3.560542472665607548e-08 -2.103323607808462023e-04
-3.925392132355798314e-02 3.690546195565688582e-08 -2.170779348268884069e-04
1.370236392898770417e-01 1.580919329992886302e-07 -3.149910601872104470e-04
1.946001432914801210e-02 2.654870841308122749e-08 -3.342820149409561690e-04
9.469892946169455872e-02 1.056417061327791837e-07 -2.552665329503588446e-04
3.803266023614582103e-02 1.638202473137744514e-07 -9.992586864618471570e-05
-4.355239331425553306e-02 9.343722546974976901e-08 -1.084953851819890711e-04
2.868601662549363773e-02 7.618015154046908178e-08 -3.173913540541900839e-04
2.932759672050411215e-02 1.593824724156779073e-07 -5.116679184018988477e-05
-1.035596314301000520e-01 5.325395345026498978e-08 -7.694667700807974239e-05
7.888445696061152645e-02 6.535511113065660316e-08 -2.461944873472698882e-04
-5.984330600997123106e-03 1.127002468286840322e-07 -2.731242915745098936e-04
-1.320712610192631420e-02 6.632306529516701563e-08 -3.207264783752849873e-04
1.263695924599694820e-02 1.838070533308509432e-07 -9.798920740911143770e-05
1.258194324193917524e-02 1.556425278833451745e-08 -3.872725639170104470e-04
-3.771250392680125518e-02 8.236038226808504139e-08 2.389521572103024596e-05
1.068164008476766291e-01 1.183666841916379441e-07 -3.365371493833041548e-04
4.632646265400008900e-02 -3.835576005462958092e-08 -1.699739814660132726e-04
8.057240709299562376e-02 8.392950987090775221e-08 -3.833820266587629620e-04
-2.455851742098413837e-02 7.393800846968181997e-08 -3.049506566516773276e-04
-3.080097980270246616e-02 1.987289078482538186e-08 -3.327403210930651029e-04
-9.858881439977418282e-02 5.114451660092124806e-08 -7.375622119656799632e-05
-4.773179231506297082e-02 9.321420657902657064e-08 -1.602190900663664390e-04
2.688051494128873564e-02 5.951004650408181019e-08 -4.020381183992308106e-04
8.132465471338889973e-02 9.882498531085527990e-08 -3.225825509386091557e-04
3.993635724068145265e-02 6.093242549909449622e-08 -1.215323793065035388e-04
-2.946123363061747824e-02 2.978298189911020042e-08 -1.286018460384700461e-04
1.635886128012653540e-01 1.872060796875878467e-07 -1.733818516516297107e-04
-5.259286019857500882e-02 3.229868643620101310e-08 -1.010307209526517178e-04
4.245346674370720219e-02 1.960071033923363364e-07 -9.628846218491830464e-05
-2.314952937607350769e-02 8.914565789848975825e-08 -2.891926507539461372e-04
7.914187709677311666e-02 1.334994069923969699e-07 -1.798658442467411739e-04
2.619467543197029347e-02 3.797223192305551250e-08 -2.742267855034384713e-04
-4.641993409320788189e-02 9.251526805856946723e-08 -1.159082987330365604e-04
-7.824213563383253245e-04 3.416528416470531811e-08 -1.853707760572707690e-04
5.165542215423868377e-02 2.145689344230688888e-07 -1.831571888702935181e-04
3.129936378565389976e-02 -6.031072452541320830e-09 -1.700889586114976240e-04
9.589791348328469134e-02 6.972068195635963565e-09 -2.699926867016167256e-04
8.931206024344739980e-02 1.179130184488552567e-07 -3.320803575892468471e-04
3.366151059079702801e-02 1.600846933164400198e-09 -2.747808139811810371e-04
3.784218166355912683e-02 8.155407711520761630e-08 -2.376560669467810344e-04
-1.182309523995661582e-02 1.274149257627759585e-07 -1.988849394976908546e-04
9.178038195218918283e-02 1.891536931790503232e-07 -9.478475025090837489e-05
6.022863140304934859e-02 1.336786565885464554e-07 -1.815975871743879177e-04
3.195488551857994519e-02 9.296436726349603397e-08 -2.578647075648758408e-04
9.446901534548279855e-02 5.280075895436886281e-08 -4.046355347155443892e-04
-1.191981461932034581e-02 5.319285320072587889e-08 -2.643376467388246177e-04
1.234196730710828138e-01 1.667551898506267598e-07 -2.208985987104016479e-04
1.164593857951112810e-02 1.439217445845242626e-07 -2.186070519699320769e-04
1.414219272956076523e-01 -5.473170192228709048e-08 -3.272996792508211421e-04
-3.731452001161406073e-02 -2.080185592823288230e-09 -1.699577551634424521e-04
2.300134978970969080e-02 1.234206823517337815e-07 -3.118712838043334644e-04
1.926600186532279047e-02 9.666375358259891123e-08 -3.419081584891170466e-04
-5.299693973654484580e-03 9.495989807422672658e-08 -6.711467309077577808e-05
-8.869490807230651086e-02 2.321297921051685120e-08 -6.581533918646596164e-05
-4.834572020471128440e-02 6.694492010547472227e-08 -2.967357325973809363e-04
4.571891621451729115e-02 9.561981934315574193e-08 -3.834960268801926677e-04
3.093939108543353189e-02 1.241868503642031874e-07 -2.900172628174075380e-04
-9.146803575409667708e-02 4.355321908904705169e-08 -4.391564623216608889e-05
-3.287791782862170553e-02 -3.668493620533832931e-08 -2.127689939046893241e-04
5.238059701160535653e-02 5.971412778372074037e-08 -1.476753315879703499e-04
-1.861806645683794503e-02 8.909569761031070915e-08 -1.232569474629567239e-04
7.744287786041592625e-02 1.272117942612773529e-07 -1.928018285789951151e-04
-1.426194057997354214e-02 1.345814391242550318e-07 -1.723538452499088103e-04
-2.626779206932694510e-02 1.295640534220146197e-07 -5.246740531674527926e-05
8.721002034989699947e-02 9.141244470196575110e-08 -3.545105844200666404e-04
-7.329792035149318430e-02 3.769514632625764387e-08 -5.707916375530155528e-05
5.773128398762894520e-02 1.590561221890277015e-08 -2.926102599072811410e-04
5.362328557967654952e-02 1.904634354208393128e-07 -1.418951680576137602e-04
-9.255748175951306056e-02 1.097395136831147166e-07 -7.968833158538093822e-05
7.314646178477191008e-02 5.558322054263308858e-08 -3.567193575435479076e-04
3.617285861443664263e-02 1.365001343496422050e-08 -2.152529623911393880e-04
-4.919384430629081262e-02 5.216955524378837451e-08 -2.042103547354316468e-04
-5.238262930505110937e-03 1.051759389706518622e-07 -2.437457532674442340e-04
4.079306743744637309e-02 6.950097051752318630e-08 -1.662574220974030140e-04
2.395828397687771449e-02 4.670683161850014772e-08 -3.666477224445181099e-04
1.513154158085189271e-01 1.454622984221408705e-07 -3.246890163325015077e-04
2.598312267780289453e-02 6.642751931767831044e-08 -2.004111217365245638e-04
2.107341208566293478e-02 9.107778224732801564e-08 -2.537875734931971600e-04
4.159497529356537271e-02 1.066614507014299780e-07 -2.011039142767550279e-04
-4.803441405587804969e-02 1.292717864194949588e-07 -1.185693045631439199e-04
1.053504259972173340e-01 -4.847584834433393579e-08 -2.803147574415535293e-04
-6.140129098830693355e-02 8.583420400970535482e-08 -2.587294066648979595e-04
5.692216413215733795e-02 8.279811550459226200e-08 -1.635699210415800459e-04
-3.286822617014029113e-02 1.608497056776991857e-08 -7.124718070961250701e-05
-1.880562175703648364e-02 7.116417682005294051e-08 -1.799856656756318235e-04
6.301183773385155007e-02 1.416641187688077027e-07 -1.131747838970785264e-04
-1.868061812280996659e-02 1.107892950382238292e-07 -6.257974972768872964e-05
7.217121880396937250e-02 9.167386947413940314e-08 -2.386346441755984079e-04
-6.024842560655785384e-02 2.905798627374952762e-08 -1.706327799347673660e-04
8.428851589281016743e-02 1.176321717754587979e-07 -1.634164466373342901e-04
-2.820606593017560559e-02 1.030759634289429910e-07 -2.670151018939545952e-04
-1.533430323564155540e-02 6.538192592803191742e-08 -3.209370054967182408e-04
9.606714763789003797e-02 1.569775866027547051e-07 -1.472983207491578906e-04
-1.785816662000938582e-02 8.221251530279177665e-08 -3.149348768116581681e-04
1.930641765914753449e-02 1.788337784293160690e-07 -2.682241619879577278e-05
9.879660532089662439e-03 3.982963805271128752e-08 -3.316524691779222504e-04
1.643492971457038987e-01 1.649763501745966582e-07 -2.385560703584848371e-04
9.083170036578436246e-02 6.758197359961880287e-08 -3.555960647089720286e-04
1.703763560596527338e-02 8.429745327267133325e-08 -2.717520293387023621e-04
-4.406517995736414228e-02 4.603423301721480510e-08 -2.999493556739020982e-04
-5.288075985118279032e-02 8.879531636488113750e-08 -2.716599402015814615e-04
-6.288803530512554474e-02 -5.702922472227630923e-09 -2.272444226505340183e-04
-3.052840505336495980e-02 1.168147855271890498e-07 -2.054562946196380048e-04
-7.051847067633287836e-03 1.397772719159300499e-07 -2.250913585437973167e-04
4.263737790893784574e-02 2.126938140496060467e-08 -2.868078316155877336e-04
2.991819334253542628e-02 1.111819270264272253e-07 -1.909585799611033901e-04
-2.149084190451333587e-02 1.216595291721833265e-07 -1.897920991515448727e-04
1.284532124990100943e-02 -9.206158618570367655e-09 -2.028644688159166715e-04
3.352372802422509679e-02 1.030881273090523724e-07 -1.007763242724296670e-04
-1.113462818749444416e-02 8.201765380720328642e-08 -3.630057593380782129e-05
-9.299185130607479088e-02 2.700710716146858306e-08 -6.804656528578442807e-05
7.316802029451952016e-03 -2.142427111664961299e-08 -2.463231118470395574e-04
-3.081249513337824819e-02 7.308937464038190253e-08 -1.123126040491857162e-04
-4.995695529227761611e-02 3.325348950864016842e-08 -1.865068730313894970e-04
-2.720004438586265394e-02 2.223265507104948146e-08 -4.620825762972425102e-05
1.155795360035449804e-02 5.747070263604514304e-08 -2.636673873080186458e-04
-4.045730403632952221e-02 8.576685226327650992e-08 -7.474070756345076172e-05
-2.750317802555080071e-02 1.126723504102645013e-07 -2.041411624302227781e-04
-8.846524880580464156e-03 1.549572942352777843e-07 -5.134027075855168059e-05
-7.342890130837664842e-02 -7.450957728604755691e-09 -1.494184237931938275e-04
-4.375671711093653826e-02 9.116717129685351914e-08 -5.747121059266019176e-05
-2.402746235115416074e-02 -1.431942886026811812e-08 -6.793891081983434834e-05
-2.897504999872624332e-02 2.520484843996538120e-08 -1.582339550033875694e-04
7.630123114116749150e-02 3.833229537823289464e-08 -2.649068977614266965e-04
1.923916634039846141e-02 -4.856908091361550934e-08 -2.740297006933849482e-04
2.269864723338055335e-02 1.107920277933346805e-07 -3.136465005164365094e-04
-6.001428479461989873e-02 5.124709046639463582e-08 -6.958167300311887465e-05
8.475502808270918287e-02 3.982772729154970661e-08 -3.738185230742330071e-04
-2.976397704651090326e-02 4.876303999682067918e-08 -2.231143663542720654e-05
-5.139316543363636747e-03 6.791658691348407725e-08 -3.663804037430707402e-04
-8.992414284386696099e-02 -3.816331478196813442e-09 -8.266266437042434556e-05
-4.933496753464206019e-02 1.224699673010316682e-07 -8.282899918557619758e-05
1.112528926090239345e-02 1.187753348071501069e-07 -3.014832989899660998e-04
6.720518336654035529e-02 1.951449420954518180e-07 -9.124408381891164609e-05
9.093170833458141811e-02 6.043542665872044510e-08 -3.620921969141336011e-04
3.358036397169827936e-02 5.546914636373012094e-08 -3.138324111843110464e-04
3.946981141550309768e-02 4.381136172737776469e-09 -2.689404419275544028e-04
-1.873609432703116084e-02 1.112502020292212190e-07 -6.273607257583095533e-05
-3.121427828497558288e-02 8.449744585353019794e-08 -2.829307701290182048e-04
-8.380711849793498480e-03 1.968020290783248557e-08 -2.969881180002646530e-04
4.122772969547772171e-02 4.757928741612642971e-08 -2.318737028332755815e-04
7.563056058724060282e-02 5.515946484889137076e-08 -1.634201696700082447e-04
-1.396413324879786089e-02 -2.677513592151356998e-08 -2.418722264991090100e-04
1.683917166004180732e-01 1.589756575978957091e-07 -3.558676125418597366e-04
-6.293164916890214844e-02 3.851748999986190460e-08 -1.665533631661110102e-04
9.888102939531484559e-02 1.084118479809183688e-07 -3.189945297958344974e-04
7.517873797971974525e-04 5.255357516077737063e-08 -1.235851700921317619e-04
2.094688012747103478e-02 7.445173641885634233e-08 -3.450660907070194163e-04
-2.693700601311976861e-02 1.624737177378383917e-07 2.847004363947501244e-05
-9.278415742586554327e-02 8.772831031243961962e-08 -1.079823499655315541e-05
-1.207441912136231199e-02 1.524298656485517888e-08 -2.417319442656019825e-04
-3.135201237567053489e-03 7.954122183483686890e-08 -3.549775362283233817e-04
-8.415784768560197193e-03 6.267562456282760936e-08 -2.612824153812314150e-04
8.216679590312703230e-02 -4.501846285604246105e-08 -2.931377506702069393e-04
8.265965052712775929e-02 1.251053546132306991e-07 -3.630521241065756493e-04
-7.599221668398847829e-02 3.916260834715975931e-09 -5.627314303205318289e-05
7.985202301780758294e-02 1.805876839415863786e-07 -2.683759018835335172e-04
8.930640524397503999e-02 1.395701759532622059e-07 -2.954062451924626981e-04
3.168088163247517741e-02 -1.129003012644640862e-08 -1.529736357118078346e-04
5.332251215569971947e-02 -9.959443460388308148e-09 -2.258333931833217748e-04
-4.868936648321120497e-02 1.748112143995688188e-08 -1.514205279409534431e-04
-2.931335357130337993e-02 9.328480072950378431e-08 -1.596674755136948272e-04
-8.460761135682759448e-02 3.639034740305015755e-08 -1.719289144965176674e-04
1.678558134095609056e-02 1.311790655754751212e-07 -9.807146196285103281e-05
-7.313112002982868898e-02 6.004269874454096147e-08 -2.098469883486240488e-04
6.184989992305500728e-02 1.320517192552608265e-07 -3.741994699695577633e-04
-1.920634818909494612e-02 1.925161247693481424e-07 -1.323937326153776424e-04
1.027616710143004486e-01 -1.992707865244616477e-08 -3.233590581002722657e-04
1.103680318813744510e-01 1.616690369816655402e-07 -2.886017331469008652e-04
3.200426765140029772e-02 1.684000544014302846e-07 -3.126504008489942258e-04
1.329402501887246846e-01 1.775560625989105985e-07 -1.667661641967123202e-04
-4.304400979910683045e-02 9.158544904526321399e-08 -7.845650000424343523e-05
-6.452473017471793693e-02 5.838611526509679926e-08 -1.765485276887742187e-04
-3.726235217588746984e-02 1.598360510552273446e-07 6.150022588964458581e-06
5.691451154414406410e-02 4.285910461556152760e-08 -3.159124937678108795e-04
-5.140864096733210875e-02 9.536836808344448025e-08 -9.970653316714622630e-05
3.756077060359663822e-02 1.425475327417306418e-07 -2.718463502624124568e-04
-3.696556138575213257e-02 1.540818368674742910e-07 7.998769397023360560e-07
7.073318865790534371e-02 1.175982157028642381e-07 -1.358548215245266059e-04
1.036877575736090407e-01 1.675716309421171017e-07 -2.372038264754026406e-04
-7.840680301309799205e-04 1.281085933924664744e-07 -1.474420333986368992e-04
-2.030587391511484707e-02 5.103524664006478670e-08 -2.648651131225867976e-04
-1.218351329584366205e-02 6.686206543732017680e-08 -1.443111387864282535e-04
4.620458778664882082e-02 1.129011892795097655e-07 -2.762597217956460380e-04
1.878955285243011364e-02 1.047552804305439459e-07 -2.239023496116644598e-04
-3.550786812888351296e-02 1.243506228835753298e-07 -2.616806203104908276e-04
-2.087948459451283156e-02 7.323897608774011019e-08 -8.548626913520469698e-05
1.752818964459634810e-02 4.625465783554335506e-08 -1.853685792794472909e-04
6.845483461846302298e-02 4.020337806225469234e-08 -2.041298560799135792e-04
-7.802257530274703257e-02 1.092765077918686740e-07 -1.626727744002308342e-04
-1.943400368385195254e-02 1.676101621905070094e-07 -1.439862635558735501e-04
6.108426954289059019e-02 7.334417608189416425e-08 -2.518767500068074721e-04
1.103871017896007611e-02 1.274082278294303598e-07 -1.086887791881293425e-04
2.396225711905775047e-02 1.954926072104484520e-08 -1.866793862442459300e-04
4.275410105401378225e-02 5.921816030614785555e-08 -1.888135498729582521e-04
-8.608481986738791836e-02 3.146454984282538654e-08 -5.584198355754779438e-05
-9.633094243347350982e-03 1.035415744516075982e-07 -2.198344981830479790e-04
-5.427367313572051266e-02 9.592721465715733483e-08 -1.870164754021551420e-04
-5.592541895435154675e-02 1.380701566160938892e-07 -1.056087095073236705e-04
8.112580023070670165e-02 1.157842659679918807e-07 -1.984923239644082881e-04
-5.522727407662386678e-02 -6.365786891142078964e-09 -2.553139524579314942e-04
6.480881453783848833e-02 8.675297146692614127e-08 -2.278388007240268612e-04
5.087305705545008827e-02 7.008508486346028658e-08 -3.345505669385580305e-04
2.232218422196463603e-02 4.406989931268672007e-08 -2.471377567083591427e-04
-1.261916383978645140e-02 1.305153181471026137e-07 -8.796346372803512262e-05
8.083512244806423386e-02 1.732811275542850323e-07 -1.889577294109163108e-04
-1.025547163601278067e-01 6.360561411683207164e-08 -5.865698733088233700e-06
-2.445599031603828966e-02 9.910383216342456280e-08 -2.337818772629561429e-05
-2.129404892723063547e-02 5.595252027720878765e-08 -2.158287111338604513e-04
-4.769564763927458539e-02 1.249229901153449066e-08 -2.628219933047176628e-04
9.616601940327540454e-03 1.748005028083470978e-07 -2.057015271246563984e-05
1.432043337963021523e-01 1.804313436182345612e-07 -1.617208639446271186e-04
5.959119571184601227e-02 1.232651518079862677e-07 -1.764503453661133456e-04
6.822115620829882765e-02 5.659623326753774282e-08 -3.768244643439507100e-04
1.163961018707428963e-01 1.195306485726144493e-07 -2.438454718628401362e-04
-3.834948239622304467e-02 -6.044117889036829157e-09 -1.696760280734608260e-04
1.218134791010421214e-01 1.395569337191929168e-07 -3.222207622108358037e-04
-8.009586191277862088e-02 5.602204730760053301e-08 -1.478777247491675341e-04
-3.409153261289654679e-02 7.759707023614650483e-08 -2.187704599172064725e-04
7.731328788786284711e-02 1.140602403078658647e-07 -2.166223774994697267e-04
-7.200018836811472589e-02 9.230487986955698550e-08 -1.195381624582574651e-04
-2.410258550748112238e-02 -3.470084510855929714e-08 -1.364590238950315316e-04
-8.084561814085311493e-02 8.259442284686462640e-08 -1.722084954475174869e-04
9.408190576115815773e-02 6.161400228486928248e-08 -3.900543144136026596e-04
3.734255803346964164e-03 2.334374742811966346e-08 -1.206370760390157318e-04
-4.337106011211822043e-02 7.207163688954914553e-08 -1.187087489079419569e-04
-4.115043522359185246e-02 4.029447192269243608e-08 -1.153957602991117701e-04
6.877944083895315419e-02 4.976918806902522529e-08 -3.545316623366070530e-04
2.412078884090174125e-02 8.908450877719902009e-08 -3.399987234682072101e-04
8.213216403975809321e-02 1.025528659956923168e-07 -2.226606958466022484e-04
-1.311278477656829811e-02 -2.746230327958855695e-09 -2.134347488093748342e-04
9.076359108437870304e-02 9.983904578304219151e-08 -2.959985767065306827e-04
2.776326744936319368e-02 9.982723389404135277e-08 -1.024030916214099915e-04
3.585755284089509054e-02 1.005505374130971870e-07 -1.536917067957217927e-04
4.030828417357490423e-02 1.203903501991944953e-07 -1.365305787356203490e-04
-5.853165913215896410e-02 4.940229636156610148e-08 -1.568424807168862739e-04
3.038002827245156467e-02 1.479578792240439120e-07 -3.063964557138250866e-04
1.033081239354823877e-01 1.170933014619067547e-07 -2.634828085483308774e-04
1.322744341230133180e-01 1.854076296259551436e-07 -1.670935520639192857e-04
1.156471427346188463e-01 1.358010592102520949e-07 -1.639599348492310469e-04
-7.598473247873993586e-03 -1.854399469754764485e-08 -2.281438214401926550e-04
1.235914474467443291e-01 1.550409834596460118e-07 -3.101970068260920038e-04
-1.059684773605118480e-02 1.770963458126667234e-07 1.117682106035875660e-05
4.828797691969621830e-02 1.442328225203540461e-08 -3.423314153574750574e-04
3.621992638973303702e-02 8.939490471808035683e-08 -2.409226995808619039e-04
8.085635622578468684e-03 1.460062468543283457e-07 -2.929765063416410009e-04
-1.099982963414725123e-02 8.702625307181123402e-08 -2.462480538901361325e-04
-5.094526078567751526e-02 6.575102166716281524e-08 -3.526962808072527751e-05
8.410672807739494328e-02 1.739023878218169273e-07 -1.528626282800835861e-04
8.900272520290597456e-02 9.214266232667740509e-08 -3.037984216189966945e-04
-1.126375097123949454e-01 3.103061800936301524e-08 -1.031999599997776693e-04
2.637230754804253952e-02 1.995395302435824834e-08 -2.485637499142164843e-04
4.014167781929878220e-02 4.138599942120652924e-08 -2.221785858781693971e-04
-6.956213538457811651e-02 1.438609497220561679e-07 -5.583342914725194714e-05
1.344231982029250316e-01 2.101000053191951020e-07 -1.281254828392440752e-04
1.165830254113678910e-01 1.139418489943666323e-07 -3.240713675662194805e-04
2.999909901806108170e-02 1.266456033531726080e-07 -1.648420187168935186e-04
-4.752960418693852329e-02 1.346978820415484765e-07 -1.028614821582385364e-04
8.061725606145853096e-02 7.528838229950365195e-08 -2.871122798699078053e-04
-9.040039830814849964e-02 7.866484086673505133e-08 -1.522416181698768947e-04
-1.736321769166715434e-02 7.527008891559692909e-08 -2.534132690567250548e-04
-1.946767161635620802e-02 -1.901117488951496475e-08 -1.701859995899073451e-04
6.932352791095430788e-02 9.080882519146806866e-08 -3.288505116869208048e-04
-6.429885322522843616e-02 8.479222394623827732e-08 -7.155766533893816563e-05
-4.001595059561802170e-02 8.217206578268905598e-08 -3.099001312679013857e-04
-3.003517733197713646e-02 3.493055173471576573e-08 -8.405366753589098728e-05
-1.171341241934498179e-02 5.599041944304436657e-08 -8.742059088562628959e-05
-4.604197727605907620e-02 1.028578935098946462e-07 -1.754665965265452183e-04
9.275213956915562274e-02 5.510367630598557421e-08 -3.352259180234502031e-04
1.132770686256862058e-01 2.040893366314792582e-07 -8.321208178293311615e-05
3.106969499977052518e-02 1.472415180362827236e-07 -1.028122992745960490e-04
7.935828041446968406e-02 1.354283649894083963e-07 -1.950190787433674826e-04
1.787888056202557863e-03 1.340365331434016964e-07 -9.090212270168609673e-05
-5.868710651774877718e-02 1.099037103504119811e-07 -4.057111351276796677e-05
-8.709355819265240939e-03 1.301139444795001948e-07 -2.302294742470658336e-04
-4.544337781329799153e-02 -2.837346813582255595e-08 -7.712917785789822223e-05
-1.007754382568515350e-02 -5.359256683132635194e-11 -1.476050426351829348e-04
-7.941990681419153209e-02 9.706666332229332330e-08 -1.448898574976007186e-04
6.864355327200066803e-02 4.036189831188894126e-08 -2.371526754033112907e-04
-8.592139302204149232e-03 -3.402215308734235589e-08 -1.395378479938482797e-04
-3.305689938237765801e-03 1.643445516519337766e-07 -1.196039246323110108e-04
2.226320160688832761e-02 1.316706071297898977e-07 -1.468121011642469994e-04
7.820139174381068869e-03 1.415563417205585867e-07 -2.890712115934872630e-04
7.331432200552867595e-02 6.870647846274254967e-08 -2.902417306050382754e-04
-7.539218028643168701e-02 4.092744475633665857e-08 -1.932913257230447308e-04
1.457097087187860796e-01 1.324950749931864441e-07 -2.480195881508637712e-04
-4.999224538821656072e-02 -4.360910159822535304e-09 -2.540180359628741781e-04
5.348746494137546215e-02 5.847721660992395813e-08 -3.618881346692448737e-04
8.154684323849115124e-02 1.318051914648043396e-07 -3.678225812562579316e-04
2.561166412370052825e-02 -2.733367048240148858e-08 -2.042334591767882342e-04
-1.615490213988513002e-02 1.243277500472737224e-07 -2.382932458180892898e-04
3.984526676261457290e-02 -6.815312887872059637e-09 -3.282672344504753976e-04
2.687993296999791060e-02 1.424523805207925822e-07 -2.709717260095440461e-04
1.000609470305051651e-01 1.684153756075158526e-07 -3.041012808379201199e-04
-4.346390814859546481e-03 1.182132227765310987e-07 -2.627867861914297623e-04
2.895863872467541178e-02 9.012839390613246853e-08 -2.772802696026424856e-04
9.488563979477926402e-02 1.763643648419869143e-08 -2.789081238244819384e-04
-7.529560307824656462e-02 7.869365492812240435e-09 -1.342186592651910444e-04
-3.700807281328688525e-02 1.713733374556487349e-07 2.458645768859557155e-05
-2.791487859787744608e-02 1.144507490622300015e-07 -1.501328317315518549e-04
-5.318094238887416392e-02 1.034919156374184257e-07 -5.340275258535994492e-05
-3.758088267049963793e-02 1.032322337185172231e-07 -6.273176570878414519e-05
2.015648017757132315e-02 5.794118826103677026e-08 -3.718013068296747319e-04
-3.169023219000444147e-02 1.703740295853768864e-07 -3.321752248004804058e-06
3.704252611725944444e-02 6.727998544509105407e-08 -2.425861431382472246e-04
3.837637426792817053e-02 7.266290582576243097e-09 -2.798585347042244361e-04
8.734535278718924545e-02 7.402359129295179788e-08 -3.613064902603417496e-04
1.618558323683303435e-01 7.000293368482685590e-08 -4.103587476579615193e-04
1.202810360658240763e-01 5.969615496557590647e-08 -3.378547971767037255e-04
2.817973495915948590e-03 -6.095179687003264953e-09 -3.569086036218904463e-04
1.443532576323547367e-02 1.436938320225125894e-07 -6.639336801732515034e-06
-1.946283020690386945e-02 1.347726465494693182e-07 -2.056211136242440082e-04
-6.383845413078226283e-02 1.395923248715078394e-07 -1.399559489116860276e-04
1.401153017001895984e-01 1.696245928272979936e-07 -3.541524807039702748e-04
7.737388016854640505e-03 1.327595713958007726e-07 -1.357667883907452667e-04
1.458691173577875144e-01 1.792752349717298000e-07 -2.074259733097096438e-04
-1.981183468131197944e-02 5.165291664424638322e-08 -2.138277587600938290e-04
-3.121918697288417199e-02 3.604894105099750303e-08 -2.900312551213303676e-04
1.520349086610828238e-02 2.298181721223766225e-08 -1.628856591284877755e-04
4.407117127642390386e-02 9.819788660505142375e-08 -1.736459428818072127e-04
4.916398472442196077e-02 -2.699572067342839212e-08 -2.110629276493307838e-04
1.278087136686362202e-01 1.069073577766306031e-07 -3.624787088038664115e-04
4.515782195110396025e-02 1.245373453866520111e-08 -2.466813094435029992e-04
1.226167747155126886e-02 -5.592096877962098774e-08 -3.197835021149550536e-04
-6.569743348703749319e-03 2.760892337108156858e-08 -3.646437171294838325e-04
1.252678993272673402e-01 5.221157973291866954e-08 -3.717463507983699545e-04
-9.458705504468323255e-02 9.095457744460807411e-09 -1.620073371139451126e-04
1.676520256919333818e-03 1.012608863156299460e-08 -1.326186185056018609e-04
-6.856565846859674629e-02 3.423587115637027417e-08 -2.423556347182032143e-04
-5.554198143488675576e-03 -3.980519192894124775e-08 -1.699877510579978011e-04
8.466904889838966497e-02 9.534134514980554627e-08 -3.417814294867004758e-04
-2.997005337596636565e-02 1.285724607463039703e-07 -1.155654515143630706e-04
-4.571011770306399047e-02 6.000228951148658884e-08 -1.638257670618708194e-04
7.103021720575541931e-02 1.665985073742562735e-07 -1.268884779771266237e-04
-1.107665687521508513e-02 1.393412915019482043e-07 -1.265882839467186377e-04
5.374140315323039374e-02 2.052483078426404606e-07 -1.168381221390295168e-04
8.326880825581783885e-02 1.548669019133240398e-07 -1.611836355364975790e-04
-2.960321055341852414e-02 1.219407874831406793e-08 -2.231172084943822934e-04
1.892052414756562051e-02 1.785069481972783094e-07 -5.600623891120607746e-05
9.945145456178128285e-02 2.792408804859692124e-08 -2.982465156961319058e-04
3.053105863661320640e-02 2.619225819786305512e-08 -3.107174753633520480e-04
-6.118932983435987349e-02 -2.813543551752204945e-08 -1.355159261541104135e-04
-7.706716841040694987e-02 4.054770181127712312e-09 -2.454232845182374593e-05
1.023178356476417417e-01 1.414642075512510655e-07 -1.694571923792985001e-04
-1.995734388691905448e-02 -2.611410737708066084e-08 -2.624131420420035081e-04
-3.774816192913121871e-02 1.178008492682419592e-07 -2.005517798025191457e-04
1.229288871118505710e-04 1.325296505222059603e-07 -1.126302192335243847e-04
-8.185420105956486836e-02 5.757974771611794254e-08 -1.294205379806906398e-04
-7.432391893921375114e-02 1.086166344322297112e-07 -2.297758802410910237e-04
9.852617292802290372e-02 1.443620745330020826e-07 -3.356433771450088518e-04
5.319798033802092263e-02 2.396422635878382818e-08 -3.055994799081830030e-04
2.861800320714302792e-02 1.280951919644303253e-07 -3.536923450043626582e-04
-3.113789993978266502e-03 1.081769640718481717e-07 -2.537317664407455465e-04
1.747848796901030344e-02 1.096504596754324927e-07 -1.643461437724140332e-04
3.134392238873773273e-02 1.305886547569637463e-07 -1.786897651780276796e-04
-8.538872201403480133e-03 1.198142569350268250e-07 -2.022494614341469087e-04
-4.049491505854996287e-02 8.568260202850987090e-08 -1.155274597305427854e-04
2.396816042273308689e-02 1.073989957003126160e-07 -3.212607893444560875e-04
7.420577465987376886e-02 3.298222661632722171e-08 -2.209635877947836767e-04
-4.368685138366235066e-02 1.379580241080850086e-07 -1.678646939730632775e-04
-9.476880860624736780e-02 8.979461865164393486e-08 -7.941639041166424664e-05
1.401843975105423468e-01 1.517605984189793970e-07 -2.461871958972802017e-04
8.398083126407163146e-02 1.787796570867813213e-07 -2.475908926737976261e-04
1.294144285593477051e-01 1.823354447773803630e-07 -1.801130737759168009e-04
6.321929767689304924e-03 9.429699080643820906e-08 -1.589525413464286949e-04
6.980450491929302004e-02 1.125606060157564387e-07 -1.452938174975152992e-04
-4.099737392210522913e-02 -6.207285174842050284e-08 -1.282138178484133555e-04
-5.169320032705115864e-02 1.133427675109560815e-07 -1.800213951265818609e-04
-1.816582555038548374e-02 1.100317150909534059e-07 -6.813439481261881819e-05
1.284029419051027077e-01 7.441042906385032000e-08 -3.970691521196220773e-04
-9.079469033208797946e-02 8.010305216669967337e-08 9.927395866404179620e-06
3.776416062451570799e-02 4.417806918583327882e-09 -2.791861565393736469e-04
-5.398819232221974129e-02 9.883027556206051489e-08 -2.645580193453636597e-04
8.285053004148201783e-02 6.989025387033591260e-08 -3.473825904805788499e-04
-6.450323504073440795e-02 8.942739102625840474e-08 -2.114954862161999181e-04
2.347866527576059070e-02 1.273846863885532809e-07 -1.646105411263901273e-04
1.092150675664285142e-01 4.329084758660552197e-08 -3.580913162767961457e-04
3.724790829984570006e-02 1.474091661348454349e-07 -1.282822339630967153e-04
-4.092101477711818092e-02 9.265500544266338518e-08 -2.054802280095279973e-04
-6.670797201446798663e-02 -9.981264881008452847e-09 -1.287956995480583585e-04
-4.400361578498213078e-04 1.092542777442249643e-07 -2.902749188126900275e-04
-6.729226087609829765e-02 5.188295254112794467e-08 -1.082733067266406532e-04
8.013540192251611405e-02 -8.035289379715031729e-08 -2.276562396932837930e-04
-6.932968484511525809e-03 5.904869983372064813e-08 -7.637139301043121024e-05
-7.093949059347870456e-02 1.087421367993376194e-07 -9.817000895973447441e-05
7.522180066336869864e-03 1.309245076369472046e-07 -9.797467930564813057e-05
-5.168318174738384396e-02 9.903537167897518718e-08 -1.804341211104490493e-04
-2.580220388706677692e-02 1.323747617319125661e-07 -2.170913952983446614e-04
-9.549912967749685233e-02 5.508159450755960488e-08 -8.379423194599839599e-05
1.616200397262257393e-02 7.931832568634854422e-08 -2.329694078031519227e-04
-3.129265228291255863e-02 7.585085995223154097e-08 -2.304854094941536193e-04
6.740115815657243825e-02 6.165737385528683062e-08 -3.158193966089503321e-04
3.072886831426435705e-02 1.376281267060623660e-07 -2.206645965189399296e-04
-5.913459247504893046e-02 1.143913479261149176e-07 -7.535656971202733855e-05
7.567747641798205915e-02 4.702980655365841666e-08 -2.998321264039690908e-04
-8.833319505950443240e-02 6.721672348814521986e-08 -1.128831761363971171e-04
3.370525819978731352e-02 9.390137317161066646e-08 -3.338052309981009709e-04
-3.512781094332573240e-02 4.806721925256008177e-08 -1.184654191485844642e-04
1.654435224748327382e-01 1.776534074968101850e-07 -2.396524433671345391e-04
7.367426351789996275e-02 1.324972691970368256e-07 -2.393739302481674507e-04
6.326459909531800818e-02 1.811172714729582336e-07 -1.738844799556011321e-04
-2.354175943642045077e-02 9.840419459207662690e-08 -3.175092048709626954e-04
1.448058316859009986e-01 -8.953100125308508660e-09 -3.152418230818360449e-04
-1.523862650278062780e-02 1.188383715174253002e-07 -9.746453270665446410e-05
-5.182739756452237057e-02 8.673142547502156006e-08 -2.434978221161343006e-04
4.227344612193140172e-02 3.426470121874267537e-08 -1.554636476792330797e-04
5.220610163386285585e-02 -4.149970467263037317e-09 -2.563060764658001991e-04
9.417983527973017299e-02 1.495546809644414236e-07 -3.231924177749248214e-04
-5.866736835459007704e-02 1.360239062934419690e-07 -8.278391312320398563e-05
-5.918596776133633330e-02 5.913497923723797689e-08 -1.958697375644376302e-04
-1.132014605542575048e-03 1.241946380315495604e-07 -1.055485884974415739e-04
1.053980826453237984e-02 -4.075311608464256473e-09 -2.284440498744399561e-04
1.796737751769563740e-01 1.938422296786589239e-07 -2.004845097326049075e-04
-6.388191620906347179e-02 5.903655608511545096e-09 -2.002238594484068623e-04
3.234749355701804774e-02 1.955070198481310802e-08 -3.502296873024276147e-04
5.765445017497905500e-02 1.587501897519734963e-07 -1.513093131526581803e-04
-3.441832579953629789e-02 1.018444973719798771e-07 -2.051454563851289904e-04
-4.427701110122972405e-02 2.788178286727927581e-08 -1.482438387594315623e-04
3.955366511144819963e-02 9.423111602271305856e-09 -3.276226378429353855e-04
-3.309759492583497220e-02 4.495822794573591075e-08 -1.384976763929387145e-04
5.492747195637859292e-03 8.507804048201111519e-08 -1.558501552463930728e-04
2.657788898942703426e-02 1.113103195248509968e-07 -2.707756038636197071e-04
1.542992810438992279e-02 6.542462037858542880e-08 -3.686468336433116970e-04
-8.343467237608259701e-03 -4.929835645927022083e-09 -2.292557400018559481e-04
-4.850265448335466800e-02 1.801553205111468068e-07 1.109345756776899039e-05
-5.345169816661554663e-02 5.949949225412946547e-08 -2.968121473037290325e-05
-8.991699850667944638e-03 -1.554400150823150149e-08 -2.855641719511423766e-04
2.565162324693437412e-02 -1.518014220564809835e-08 -3.785874779254254710e-04
5.080540474017924968e-02 1.609551278649361650e-07 -9.477756773702594771e-05
3.524385231271487395e-02 1.245247531256545740e-07 -1.439450698135228334e-04
1.000716654161640795e-01 1.574023335314681617e-07 -2.274859893057384940e-04
1.983935728698082990e-02 1.472128806583425386e-07 -1.978858042471591245e-04
2.541819053069160894e-03 1.622831533168379121e-07 -5.461832676959189241e-05
-7.363384181061372047e-02 9.742157287117967911e-08 -8.094488814708696500e-05
1.063880557590846099e-02 -3.185382954924708332e-08 -3.231817595573805010e-04
1.855283365888882319e-02 1.065319613956055946e-07 -2.991509422815314279e-04
-4.357481864908629987e-02 1.137807150751141274e-08 -1.743576534523063552e-04
-8.490417328225674520e-02 1.177090215304479598e-07 -4.804112378852985147e-05
-1.331652410604156067e-02 7.073550682866489248e-08 -2.942057666803857014e-04
1.268642724654001075e-01 1.263835927728366770e-07 -2.757251403889707329e-04
4.895036593714152673e-02 1.022659947635801135e-07 -3.854107957014487793e-04
-3.515372092677382376e-02 7.735973914410609124e-08 -6.104211907480755267e-05
-3.335552684899989462e-02 8.944301722385409004e-08 -9.259186046262456843e-05
-8.917673311462426256e-03 3.676303006032026616e-08 -1.619985420707883517e-04
-7.858667732971391651e-03 -4.441829147056484710e-09 -2.323548803631396930e-04
-1.540799726149444382e-02 1.700220704445295954e-08 -1.401821153012751538e-04
-3.840274734655491073e-02 8.559908674694706306e-08 -2.282805317752461551e-04
3.780001437644553430e-02 -7.710245721002432190e-08 -1.476721294607631597e-04
6.109399685154004445e-02 -7.569923619312845277e-08 -1.467436490225856351e-04
9.723201038857554046e-02 2.401426314161709972e-08 -3.178533735661286542e-04
1.562369080013163991e-01 4.902577911610915627e-08 -3.642316210928078432e-04
1.093558543627443091e-01 1.331752529488430391e-07 -2.821856065965040478e-04
6.667064838628533607e-02 1.546584773102892294e-07 -3.331019325747306358e-04
-4.809637256311782849e-02 1.206494193016259660e-07 -1.768083892948480449e-04
-7.390217374059659949e-02 8.662303371299146046e-08 -1.375835460042782355e-04
1.216394610178416213e-01 1.057897501660666751e-07 -2.566337059748538063e-04
-5.889735116226391121e-02 1.198792825898564546e-08 -2.337107753768195373e-05
1.623203056731129523e-01 1.600240096455390660e-07 -1.928124483326046530e-04
-1.443454847170755340e-02 -2.822070459423271497e-08 -2.586077113263438552e-04
7.340434294586006825e-02 1.271032659374936094e-07 -3.341377546627601015e-04
-4.637231587596835070e-02 1.363670043947630211e-07 -2.242522402297646633e-04
-2.532291249251095167e-02 9.340075820860984115e-08 -2.929331952868891400e-04
6.137798942467809216e-02 1.322327116851483023e-07 -2.091806308163073655e-04
-9.568279629374365491e-02 7.434811195398778832e-08 -1.133776407471706084e-05
-8.691801487210570887e-02 6.152032203168293756e-08 -1.701237811111750873e-04
-6.067452215699375984e-02 -9.699197445251892895e-09 -2.237406826991261764e-04
-4.307136533474142936e-03 1.418650624427933355e-08 -7.869448601628714103e-05
7.525987169462089454e-02 -5.660779478967429829e-08 -2.332655199650129105e-04
1.303488020259777613e-01 1.309686723243376383e-07 -2.502041097728616094e-04
6.537246864510071198e-02 7.378085610392767474e-09 -2.275515659400103674e-04
-7.599798172351257541e-02 6.027267280331363893e-09 -9.741188693600133400e-05
6.105470321777550780e-02 1.334662214710213567e-07 -3.334841419919689579e-04
-3.823375566383457880e-02 4.397756522632312924e-08 -3.685028964120679908e-05
9.485635405569370349e-02 8.440283326680950988e-08 -3.101255995512302395e-04
3.242171413243544187e-02 9.478940561005406888e-08 -3.025780080079744534e-04
1.172637860378844543e-02 1.605534634767086145e-07 -2.166715389743418413e-04
2.746483999743243309e-02 -8.163905327952135007e-08 -1.625444045606029618e-04
-3.881471216415688374e-02 1.381154709814912490e-07 -1.173349289368397479e-05
2.170905830318203833e-02 3.796936646813565293e-08 -2.002565077474274921e-04
4.194177974471180459e-02 1.922121236945254033e-07 -6.300537916800367328e-05
3.382433370432369468e-02 1.475809881706558697e-07 -2.311986730454154118e-04
-6.365818187535543515e-02 1.485122339115442022e-08 -8.906076313649558332e-05
4.691944510352774600e-02 5.913583463105949825e-08 -3.629866040773938843e-04
-5.369364982723390245e-02 1.085273317102921959e-07 -1.999912919246133380e-04
-3.354851708761841245e-02 1.806226798159067454e-08 -3.469878526833733347e-05
1.693292277874269836e-02 7.806949000348129201e-08 -3.439145092615296080e-04
4.477589307231766291e-02 1.192695494236452363e-07 -2.632199962560080033e-04
8.460140480142652741e-02 1.748733207875716344e-07 -2.736823882922024003e-04
-6.331954738465250809e-02 9.417466057112098298e-08 -6.903430229654629194e-05
1.131229912145935712e-01 1.128166991634524015e-07 -1.968186033573229778e-04
5.603340221400943122e-02 6.573507910352029845e-08 -2.322281500990329070e-04
3.974123651572847304e-02 1.211216820752497474e-07 -2.899606031451286989e-04
-1.461276133277733535e-02 1.852839765267944058e-08 -1.905873276152954981e-04
-3.126408951671899583e-02 4.498045860960863294e-09 -1.187046983073389490e-04
-6.462029978710148725e-03 -3.153503249199061816e-08 -1.638355732496802881e-04
1.034235817249535838e-01 6.433840090535780819e-08 -2.687448112416146971e-04
-2.499148070202772409e-02 3.304315099988660873e-08 -1.673198058794331201e-04
4.295300054653505839e-03 1.128773085047207855e-07 -3.203321731046826558e-04
-3.112614050168960311e-02 1.062140752318931842e-07 -1.933267291169421000e-04
4.649129482410030434e-02 2.446720229123728695e-09 -2.072263930567673073e-04
-6.811031901458597382e-03 7.142791863435241374e-08 -3.473124379227904897e-04
7.002592304306665127e-02 1.379993052988586993e-07 -2.684541743327524457e-04
-6.425762777660826153e-03 1.442268087490365325e-07 -1.165429685689575918e-04
1.926066574892015826e-02 -1.547582533745522912e-08 -2.709388664578750395e-04
-8.682169955755392188e-02 1.273698611875106353e-08 -4.876098029647644083e-05
5.419645891071833699e-02 8.312493936024564227e-08 -1.682264543695185437e-04
-2.449031679535473849e-02 1.494896217499849667e-07 -3.329986020423377890e-05
6.488175541300433835e-04 1.003151765340638935e-07 -1.046345774159488100e-04
-1.071776639764723260e-01 3.738078824273615830e-08 -1.257415806640745093e-04
3.130938566931895650e-02 4.424710433674075976e-08 -1.756380036525053963e-04
-6.885060133309239827e-02 6.484526181548251824e-09 -8.075622807264553780e-05
1.387515372548897563e-02 2.463327981535097279e-08 -2.858347101003060314e-04
1.487303640038288854e-01 1.693462804411100855e-07 -2.732670241517863629e-04
7.160393278081134127e-02 6.260778489968238228e-08 -3.739328274148908315e-04
-4.417688161405786129e-02 9.160734664894381591e-08 -1.013001746302053657e-04
-3.651015834461202036e-02 5.363272280294855366e-08 -2.096353012627341140e-04
1.525467957675374908e-02 -3.017111081051735157e-08 -2.561696519996340174e-04
-4.365422433126675550e-02 -1.251062493961462074e-08 -4.350171472592833256e-05
4.035094881213296958e-02 -8.210219483439888031e-09 -1.885535498358830093e-04
5.418130608229621004e-02 9.250133559019195077e-08 -3.669231192272589355e-04
-1.583583028583201990e-02 8.393438636848176487e-08 -1.496287987993977057e-04
-1.263359947384545823e-02 -1.649285085048163463e-08 -2.337275500316950833e-04
-5.285153882389881375e-02 6.048948845186494907e-08 -6.170822155028739264e-06
-3.254125144593789098e-02 -1.763100890635806294e-08 -1.088508909755150087e-04
1.060965724616919070e-01 1.311130877364830663e-07 -3.124939274281781504e-04
-1.996800209372207036e-02 1.460804284427374107e-07 -6.264995807223999432e-05
-3.836129371678886901e-02 8.885472760692171147e-08 -2.936297173322366372e-04
8.473075589526279927e-02 1.171573592647970975e-07 -4.071314516446336140e-04
5.236448116964231847e-02 1.603804140213781095e-07 -7.699521822469493739e-05
8.225866895313649341e-02 4.072796191822450802e-08 -3.682161243981244372e-04
-4.270359387961419895e-02 2.355873087054078435e-08 -1.147641456919846548e-04
6.961796851341328640e-02 5.553032704346176010e-08 -3.619815802540117121e-04
-7.589543059863812502e-02 1.037654728160782155e-07 -1.554171264188719320e-04
2.947080345869479423e-02 1.064722751768396415e-07 -1.447928961195535402e-04
1.671571290135009935e-01 1.459330176830202861e-07 -3.040124017379756656e-04
2.325792246174929190e-02 4.369151482027953967e-08 -3.141638620862185539e-04
-5.199700348473745848e-02 8.961113356810284067e-08 -1.983163929376708214e-04
-1.917306394123463598e-02 1.197487533305612514e-07 -1.421945180894076391e-04
-1.426014235237005323e-02 6.967058805484330876e-08 -2.767749030481553817e-04
4.211495483423333130e-02 -2.646233665697570138e-08 -1.971801718480712068e-04
1.598323054037910085e-01 4.904643790781652612e-08 -3.757180338887523017e-04
4.183577287385997767e-02 -3.277435426442268224e-08 -2.206349480257074045e-04
7.306272353270892861e-02 1.092552693269179422e-07 -2.895451360485277971e-04
-1.665350111263841359e-02 6.969931201714034811e-08 -2.319681566517152395e-04
2.648400479583101763e-02 9.176133671144513901e-08 -2.188024437722324318e-04
-4.063689315048335526e-02 3.212307827396296754e-08 -1.999952926574443519e-04
2.249625638139729489e-02 1.447138171078036890e-07 -2.365288616004339122e-04
8.537806540817705070e-02 6.327630274704733911e-08 -3.200523570377733474e-04
-1.264213523578261444e-02 9.643208966552775420e-08 -2.677497172551060174e-04
4.849834690526066971e-02 8.817260110977331269e-08 -1.814311931246931494e-04
-7.780409128903542637e-04 1.304941567485643221e-07 -2.522032964474830411e-04
1.245241207566071262e-01 1.465189469736654640e-07 -2.187991894788351456e-04
-6.992987952926199569e-02 6.529510723351055349e-08 -1.615303214661308485e-04
-7.080096035564065193e-02 8.914173895339300265e-08 -3.489510256410831290e-05
5.357103777675553680e-02 1.375516818636299166e-07 -2.294753538942951969e-04
-9.749346247086432271e-02 9.183745663832175613e-08 -8.969020206920060912e-05
-9.248362056298864431e-04 1.189948682964665529e-08 -3.507655360431074783e-04
-6.211484669518652080e-02 1.022096895290113536e-07 -1.502368180253495689e-04
1.376935116559740990e-01 6.770854765870493765e-08 -3.596879974742057994e-04
1.422168752571395522e-03 5.623101252674178280e-09 -1.799197868276022417e-04
7.656147284303282952e-02 1.703194285767598700e-07 -1.817111227244567995e-04
5.521999374809649641e-02 1.155212108448938847e-07 -1.572737118580156866e-04
-5.207116608213935294e-02 9.102974258078139404e-08 -8.274432873237971592e-05
-1.808096864966524109e-02 6.605035364675034842e-08 -2.468073231299684040e-04
-6.083401704969304546e-02 1.007308052164192320e-07 -2.569098280983114291e-04
1.261271109788797418e-02 4.703156108852587127e-08 -3.460550684380079255e-04
3.265106631899850065e-02 1.868775051058082773e-07 -1.046250039910184891e-04
2.625652123846000663e-02 1.381829051728129193e-07 -3.301369291034725144e-04
1.517021308769150867e-02 1.478771045674009525e-08 -2.189811327910603568e-04
-5.243677259366053001e-02 2.000167177740795110e-08 3.730385578582645894e-06
1.004664179403385038e-01 1.287587265985841089e-07 -2.912431299736581956e-04
-1.111742822649031126e-03 1.144884232130611439e-07 -1.433797058178785738e-04
-2.038223120040749681e-02 -7.885141640269684654e-10 -2.481684332907710465e-04
1.901341250054157106e-01 1.738755678680550136e-07 -2.186706034155648211e-04
-9.497867296689344041e-02 8.021293500586462531e-08 -7.585299577342276191e-05
-1.052263763573123567e-01 4.755283543231682109e-08 -1.108500569832408095e-04
6.139515370870962663e-02 5.237279692753165945e-08 -3.283854515382140940e-04
-9.495271527365956032e-03 6.159023530965907553e-08 -2.590545044331656922e-04
-4.806666172256313097e-02 3.435827823755056703e-08 -2.783905360631538776e-04
1.217158842168434285e-01 6.346567452926753386e-08 -3.596782758621340742e-04
-6.937153454405720066e-02 1.637809437492645475e-08 -7.010267882094005192e-06
9.243137377614474293e-02 3.501233199181159624e-08 -2.990269282458654599e-04
-2.640109260791645429e-02 1.734226221328579209e-07 -8.197266850068485582e-05
3.556154440229974956e-02 1.910865697814960169e-07 -1.383634852863424320e-04
1.110484998301105586e-01 -6.563129821255218749e-10 -2.864974192019201704e-04
4.185438714188660647e-02 5.148258326084539215e-08 -1.979571524285090125e-04
3.782866133795070862e-02 8.859244247636643468e-09 -2.371951308459693624e-04
8.448731634503436894e-02 1.446155875249440502e-07 -3.081407864518237363e-04
3.308050111474791777e-02 1.260571976594280154e-07 -1.297263753471949868e-04
4.973556298952042098e-02 5.457744087285375494e-08 -4.022792584682997842e-04
-1.040142523523506224e-01 4.184563547984559638e-08 -9.279603423210380244e-05
-1.932281218817999413e-02 1.435976820026270174e-07 -2.265943366790159307e-04
1.471657773886519971e-01 1.572111110554078096e-07 -2.423482398580947079e-04
5.302129057745474938e-02 8.389629095417436190e-08 -3.328152040994909744e-04
4.341256749450272956e-02 4.977310464379650888e-08 -1.865178656511267384e-04
-1.614069327742539972e-02 1.759756345750062874e-07 -2.772591135600599790e-05
-1.204242214929496235e-02 -3.769931889495692104e-08 -2.799448884483632339e-04
1.169255600798827510e-01 1.980080775696272979e-07 -1.631481431678541492e-04
8.457314506451563130e-02 6.746117365063373712e-08 -3.197829323913127671e-04
3.868345402340445105e-02 -6.589703560544313215e-09 -1.534344955547257082e-04
-1.228500888623185183e-02 1.062628478657810993e-07 -2.616191475765915079e-04
-8.110797553186210873e-02 5.122211932390914638e-08 -9.874288474136878793e-06
7.715321773585470666e-02 7.251646357480081732e-08 -2.335643149133119956e-04
-1.842578147128659527e-02 2.108758943983519332e-08 -3.457960236683384962e-04
-4.413198942250007306e-02 1.456016873440991958e-09 -1.000894139159084215e-04
9.068193656763046118e-02 1.148008231914175247e-07 -3.112817802967424250e-04
5.971543039424709320e-04 1.276389237196952096e-07 -3.013635799345379136e-04
-3.186558329321909078e-02 1.212994173594630848e-07 -1.867061874252220956e-04
2.246555643384673395e-02 4.292323162681956549e-08 -3.114790956534777911e-04
5.909279725460714339e-02 -6.338882076253027516e-08 -2.133821818285348653e-04
7.885392100027088791e-02 3.555197985016586693e-08 -3.041292908491709072e-04
1.226952177142881517e-02 1.798037559046492644e-07 -2.471540033430408767e-05
2.338162994726067367e-02 -2.035973592120812196e-08 -2.862051660181406292e-04
1.398269620443970407e-01 5.048874019881325016e-08 -3.630002852164367728e-04
3.850599934368204025e-02 1.121025905747535873e-07 -1.652267226534564505e-04
1.693936525446604335e-02 1.253664759410444342e-07 -2.841188492432392956e-04
-4.706019022953888964e-02 8.873259907566462178e-09 -2.630556428540016881e-04
6.169716679958714423e-02 4.192475592327851000e-08 -2.846378217582105430e-04
8.967112825126200004e-02 1.299799205920285740e-07 -2.340081599962978264e-04
-7.235061879538451368e-02 4.770230818900034567e-08 -2.368723009517519952e-04
-9.732008094791178010e-02 8.249623823081088252e-08 -5.173772318927012930e-05
-1.482814901905271654e-02 6.568541870382266797e-08 -2.581275567893482736e-04
-7.184855464127193336e-02 6.522168466994114035e-08 -2.004059257349737749e-04
1.760172312681440587e-05 4.329780040770985690e-08 -2.599603742653029920e-04
5.333789756491924550e-02 8.767807239218768536e-08 -3.926503325118949474e-04
1.115278372581786082e-01 1.324568285620851256e-07 -1.858155409547567469e-04
7.487334163900349893e-04 1.419028873703958451e-07 -2.350794475963032459e-04
-2.219048472263362992e-02 1.036677842110225320e-07 -2.712517630570189606e-04
-2.434990258101632499e-02 -9.062472217035100133e-09 -1.603587127973140237e-04
-5.847787557144379367e-02 5.356910872921744995e-08 -2.236477450943877949e-04
-2.958000466266885731e-02 1.013924193032965284e-07 -5.336368951500787203e-05
-1.005550787282183389e-01 5.818281945944443899e-08 -1.426469303783885775e-04
2.386118112545587699e-02 -2.157016188286725077e-08 -2.336971410750152990e-04
7.957908252631451518e-02 1.968932720300981997e-07 -5.822346779400268662e-05
7.483539231369873423e-02 1.816968184488836982e-07 -1.767708908208193218e-04
-3.015573473510346769e-02 -6.718702992418538399e-08 -1.884332791147528793e-04
1.743846465771574650e-01 1.325903313805354620e-07 -2.694610399996904366e-04
-6.222971537125510100e-02 8.440292998632272308e-08 -2.226260309528984671e-04
3.915499458086002527e-02 -3.157054876075936606e-08 -1.663490822686696218e-04
6.124878237713415885e-02 2.891079310773744265e-08 -2.928279142496535291e-04
9.758430792962169420e-02 6.375142955355338926e-08 -3.318361831073793691e-04
-5.516185221361458169e-02 1.455021569092965574e-08 -3.324791927053660952e-04
7.172568229706355325e-03 9.268038902045930163e-08 -2.780051405416211524e-04
4.235924329157136903e-02 1.102744464534582432e-07 -2.357198110992804972e-04
-8.012108932905837033e-02 4.149387134240576601e-08 -1.786849434802085634e-04
-1.862351933905992407e-02 1.336095888493917001e-07 -2.220910014944346743e-04
3.516809236538431804e-02 -3.406395067774372855e-08 -2.160109961206606072e-04
-2.545814205249796736e-03 3.181544859991783093e-09 -2.726122741815629634e-04
4.361015612313945411e-02 1.421988724026153803e-07 -2.623044085290144245e-04
1.073954592754530202e-01 7.599611984797030427e-08 -3.126527210686310884e-04
2.095425597547606600e-03 1.085521501878433002e-07 -2.598283831119155437e-04
-5.770782661755902154e-03 2.186604956570858381e-08 -1.239166712277900222e-04
6.280965861930531968e-02 1.683295834548250566e-07 -1.653606314606109078e-04
2.039964492252122064e-02 5.687979768938606885e-08 -3.542573876750278422e-04
-3.572157797838126925e-02 9.496105544593431242e-08 -8.103998206896221137e-05
-1.906913653225217331e-02 1.368554896688146912e-07 -2.221577282717713468e-04
5.412578304539106266e-02 5.594465336328345211e-08 -3.256998179625026214e-04
6.305726000807143627e-02 1.082840041123454142e-07 -2.282030697874857237e-04
4.468956667846279984e-02 1.500607232551073554e-07 -2.748968766968205597e-04
6.911324714727673513e-02 1.585165636718937105e-07 -2.940134574896155050e-04
-5.716743052837547356e-02 9.988637628226208227e-08 -1.257034069129174363e-04
6.234364700413164151e-02 6.738459000972058407e-09 -2.427564016122771577e-04
-1.307597203369104122e-02 8.590803215408469086e-08 -1.951814119071139137e-04
2.181411441464931045e-02 1.104365118132716941e-08 -3.744705028738630590e-04
-7.243066896426131329e-02 6.484354177016866197e-08 -2.463890507671325381e-04
3.816140824380098717e-02 6.389045628777393626e-08 -2.271394472845582498e-04
-8.156597296961987098e-02 4.254406253087431989e-08 -6.527557809275644565e-05
1.539648287114259162e-02 2.856980211572303768e-08 -1.796166749035837127e-04
7.434896515658306893e-02 8.726209210284527834e-08 -2.654948837772572309e-04
4.615544983982944327e-02 5.575167786044318758e-08 -2.367812209233992121e-04
-2.830035317437273878e-02 7.350040269790058653e-08 -2.789990873200618696e-04
1.209385777200255863e-02 -5.106086842220843708e-08 -2.340928028361371777e-04
4.597685320828182043e-02 5.176334280675119185e-08 -3.657799127228787716e-04
5.367059035774091047e-02 5.537496794577330237e-08 -2.187590921842784506e-04
7.570763225281995634e-02 1.473593477744340488e-07 -2.974316714427369330e-04
-2.667356617582639089e-02 1.315291012905169304e-07 -9.159629403040394214e-05
6.518423878204859800e-02 7.908074759535177184e-08 -3.487211254469501612e-04
1.032971835916678405e-01 1.118423713458849501e-07 -3.105572744183052332e-04
9.990099515880346281e-02 6.050071972799090377e-08 -4.120428999634338503e-04
1.195329725605845939e-01 5.678591721989516593e-08 -3.807807970123420799e-04
1.123043346746374072e-01 1.127279705606097213e-07 -1.957491198996317260e-04
-6.321975267134261056e-02 2.503993390626860132e-08 -2.631620965089763193e-05
-9.680766853536093564e-02 5.894109829238362011e-08 -7.349554656365723496e-05
-8.620845925823683586e-03 9.959236723701199860e-08 -1.603291912125970689e-04
6.004249359758162541e-02 6.102202235457799976e-08 -3.743183835821612630e-04
-6.756394409576760296e-03 2.493485029805011513e-08 -1.788813980038940401e-04
-4.215401061846002495e-02 3.186206406279256896e-08 -2.673122598783803897e-04
1.960265655900028658e-02 -7.517441827377291653e-09 -2.230610157245951398e-04
1.109286016738572078e-01 1.235429757586707599e-07 -3.049475201963570926e-04
-6.164657575124432576e-02 7.586377004383755132e-08 -2.631735072032646405e-04
-1.066693568356550381e-01 8.472484051844873800e-08 -1.015169097303589513e-04
-8.708152404571334326e-02 7.738155463508125054e-08 -2.119381740957855336e-04
-2.841115690100703972e-03 1.378451361902353594e-07 -2.060789596760550146e-04
8.310367324439038583e-02 5.659535939425989955e-08 -3.195061924965347713e-04
5.420634850821604012e-02 -4.708099065511375729e-08 -2.211985311797517735e-04
-9.862679464899404280e-02 8.406486218786748166e-08 -3.870562442763372107e-05
7.784528110299915316e-02 8.464813407771324901e-08 -2.303134352810435790e-04
1.285327601124071073e-01 1.440174446911613431e-07 -2.207258650972172896e-04
-7.286218248446207912e-02 9.975113059728263519e-08 -8.689422296981035173e-05
6.673774439357749166e-02 1.057493615142743619e-07 -2.717465227520590981e-04
-6.769083219431504261e-02 5.624870268756220045e-08 1.114792342471124242e-06
6.657077676576605985e-02 1.754122068057903726e-08 -3.398529689420457097e-04
3.814240586533790278e-04 1.029974068628039690e-07 -1.314123539006476057e-04
-9.186889890132476921e-02 6.629514491065277662e-08 -9.982413678077440861e-05
-7.402210725802282898e-02 -1.325519105186397947e-08 -1.299900342211333807e-04
-3.340452024231721495e-03 5.934818044413671078e-08 -2.680733725669860170e-04
1.523616882066305411e-01 2.046540446477577806e-07 -1.867040253169613840e-04
-1.960514657544032424e-02 2.661990291906217534e-10 -2.080372886906311884e-04
-2.652711687045128386e-02 1.353163857375908501e-07 -2.600960346099384754e-04
1.233556055758810999e-03 1.278012165478070807e-07 -7.057304019304609264e-05
3.361458718526910694e-02 6.627606964049468615e-08 -3.894772897709405306e-04
-4.655514721925713140e-03 1.337550699279688159e-08 -3.089837618361497540e-04
4.041913248820561133e-02 1.178105514187649838e-07 -1.459412788066671699e-04
8.910973573061919950e-02 -4.477731595785435967e-08 -3.002465009882582009e-04
-5.930189608258296108e-02 9.917612837798404078e-09 -8.509245216023681498e-05
3.160867008647039178e-02 -3.828170137141797075e-08 -1.315143948956479486e-04
-1.264345487399587409e-02 1.617988415024216003e-07 -3.780169932343364729e-06
-2.367439954690742088e-02 3.386961700814170572e-08 -1.142151230727830337e-04
-4.627499846326788013e-02 2.476268941801192240e-08 -1.124074646204592900e-04
1.144639130236575486e-01 6.420829297771953192e-08 -3.878036110785843134e-04
-3.689174996533906015e-02 1.405412328560880558e-07 -6.400568299360975605e-05
-4.296065221937483969e-02 1.336057235483709165e-07 -3.749733449756256646e-05
-4.023243509592444589e-02 6.613040436503385833e-08 -1.883461289106125335e-04
7.378870952039429110e-02 7.001275465869092369e-08 -2.956905948716820071e-04
6.961453151079677326e-02 1.033950918951288210e-07 -3.872698930205331538e-04
1.133178388961018079e-01 1.042784302701862789e-07 -3.108938753200678044e-04
3.492005787895380298e-02 1.533683899217771815e-07 -1.567398222010767312e-04
-7.450173036052665232e-02 8.827393695353473378e-08 -2.004818042914017833e-04
4.171184167042940594e-02 3.763222792449301044e-08 -3.056974410067068580e-04
1.354121716392585606e-01 1.508492249092956078e-07 -3.659948190691558897e-04
2.204602567387581313e-02 1.337083863520026656e-07 -2.885294019266787221e-04
-5.864089825780893772e-02 1.642114157202271756e-08 -2.375026097271639445e-04
2.826643610856505173e-02 4.544523140314632235e-08 -2.966095116235861404e-04
-5.362264976844832720e-02 3.462186512204704895e-08 -1.438062101348154033e-04
1.392482105182939467e-01 2.006907073853277578e-07 -2.106758437669916447e-04
-1.985812834019096140e-02 -9.824735407174285013e-09 -2.147471149250957485e-04
-1.010573459213439662e-01 5.649381403384912048e-08 -8.418511246667564245e-05
6.606558572515552896e-02 1.432739536946935998e-07 -1.126507201978227391e-04
-4.482904875050019999e-02 -3.981341060941454861e-08 -2.033582633297598260e-04
1.023747417154186046e-01 6.129137431938000258e-08 -2.886539531821938624e-04
