2.632081051000000116e+03 2.761967386000000033e+02 -1.057593516999999963e+02
2.881846134999999776e+03 1.622482668000000103e+02 -2.709524043999999776e+02
2.720559510000000046e+03 1.294191524999999956e+02 -1.023192181000000005e+02
2.977579634000000169e+03 -7.206322097000000326e+01 -3.755236679000000208e+02
2.384985004000000117e+03 3.334694076000000109e+02 -3.340892150000000242e+02
2.791818513000000166e+03 3.169560071000000079e+01 -6.159936165999999957e+01
2.602285661999999775e+03 6.827481235999999853e+02 -3.920318743000000268e+02
2.872498759000000064e+03 2.059348703999999941e+02 -1.432352180000000033e+02
2.607916076999999859e+03 3.978927648000000090e+02 -3.326942207999999823e+02
2.899260083000000122e+03 1.677864996000000133e+02 -6.348071603999999724e+01
2.532503228999999919e+03 4.151175210000000106e+02 -1.054636792000000014e+02
2.706960488000000169e+03 4.766818059999999946e+02 -3.076420946000000001e+01
2.858401241000000027e+03 1.893333082999999988e+02 -7.400233771999999988e+01
2.474395398999999998e+03 5.455467088999999987e+02 -2.175854644000000064e+02
2.644297517999999855e+03 -1.613618698999999879e+02 -5.127760191999999506e+02
2.636384562000000187e+03 1.714460258999999951e+02 -1.997288738000000023e+02
2.557924117999999908e+03 4.522518854999999860e+01 -1.831693677000000093e+02
2.805187417999999980e+03 1.512778917999999919e+02 -5.178909334000000086e+01
2.424295635999999831e+03 5.395573912999999493e+02 -3.629414945999999986e+02
2.709540915000000041e+03 3.135996407999999747e+02 -6.340869260000000196e+01
2.520694059999999808e+03 1.447816491000000099e+02 -3.618021805999999856e+02
2.797671913000000131e+03 4.750426739000000111e+02 -6.592645412000000249e+01
2.620319179000000076e+03 1.040433924999999959e+02 -3.047915947000000187e+02
2.432657275000000027e+03 2.135232054999999889e+02 -4.835717806000000110e+02
2.681356960000000072e+03 5.131375636000000213e+02 -1.397902434000000085e+02
2.693360937999999805e+03 2.650280298999999786e+02 -1.061940038000000044e+02
2.764693870999999945e+03 -1.453818306000000007e+02 -4.449932054999999878e+02
2.894763197000000218e+03 5.736295454999999777e+01 -3.395597265000000107e+02
2.441041177000000062e+03 1.461414739999999881e+02 -1.821462630999999988e+02
2.494663627999999790e+03 4.766545123999999873e+02 -1.641155103000000111e+02
2.708049560999999812e+03 4.171927345999999943e+02 -1.069556879999999950e+02
2.638518877999999859e+03 6.725436994000000368e+02 -2.233737370000000055e+02
2.272862614000000121e+03 4.786656737000000135e+02 -3.955222238000000061e+02
2.643432998000000225e+03 4.783258491000000276e+02 -3.941083660000000322e+01
2.738383275000000140e+03 6.026643378999999641e+02 -2.528338599999999872e+02
2.863446691999999985e+03 -8.838668597000000204e+01 -3.273251339999999914e+02
2.617318729000000076e+03 1.258213951000000037e+02 -2.481966065000000015e+02
2.716306642000000011e+03 1.409360704999999996e+02 -1.143436396000000030e+02
2.765966366999999991e+03 6.509008624999999881e+00 -2.629969871999999782e+02
2.494237685000000056e+03 2.771443653000000040e+02 -3.866245122000000265e+02
2.735479154999999992e+03 2.854541591999999923e+02 -7.013224549000000252e+00
2.491916161000000102e+03 3.976634771999999884e+02 -2.730231402000000003e+02
2.589817977000000155e+03 2.834939089000000081e+02 -1.588950455000000090e+02
2.794008731999999782e+03 1.474065876999999958e+01 -2.218031841000000099e+02
2.669793483999999808e+03 3.458883218999999940e+02 -1.852412811000000090e+02
2.751382238000000143e+03 3.635672637000000122e+02 4.164418361999999973e+01
2.576496236999999837e+03 5.894418328000000429e+02 -1.854360055999999872e+02
2.351449908999999934e+03 4.103416852999999946e+02 -2.609525499000000082e+02
2.747621676000000207e+03 -8.410705975000000478e+01 -2.748741848999999888e+02
2.561458402000000206e+03 5.047805688000000259e+02 -2.078224465000000123e+02
2.530882493999999951e+03 6.926832593000000315e+02 -2.646415675000000078e+02
3.038486622999999781e+03 7.890114162000000420e+01 -7.640134813999999608e+01
2.910867511999999806e+03 1.174273761999999977e+02 -9.607757915000000537e+00
2.545205804000000171e+03 2.856676597000000015e+02 -3.817033817000000226e+02
2.536409213999999793e+03 3.823494683999999779e+02 -1.859488718000000063e+02
2.663872796999999991e+03 3.709484626000000276e+02 -1.341138914999999940e+02
2.780025967000000037e+03 5.908303627000000233e+02 -6.760682626000000539e+01
2.677841931999999815e+03 -1.013905642000000000e+02 -3.899033825000000206e+02
2.854413669000000027e+03 7.012344331000000430e+00 -2.105384311999999909e+02
2.727361322000000200e+03 4.685201170000000275e+02 -5.912539799000000329e+01
2.639564875999999913e+03 1.696741675000000171e+01 -4.340541936999999848e+02
3.015562332999999853e+03 3.241078893999999764e+02 -2.020085643000000175e+01
2.664216989999999896e+03 3.800507236000000262e+02 -3.631207572000000141e+02
2.618817966999999953e+03 2.214301379000000054e+02 -1.915335579000000052e+02
2.803497542999999951e+03 3.388865231999999850e+01 -2.226746587000000090e+02
2.628180221999999958e+03 -5.814473341000000062e+01 -5.099461486000000150e+02
2.928594868000000133e+03 2.938681511999999998e+02 -5.253759311000000309e+01
2.787344239999999900e+03 3.849336764000000244e+02 -3.027124256999999830e+02
3.053236299000000145e+03 -6.450332376000000068e+01 -1.673157458000000020e+02
2.436217784999999822e+03 4.718689266000000089e+02 -3.886990920999999730e+02
2.391262419000000136e+03 1.663239399999999932e+02 -2.956664746000000150e+02
2.464196488999999929e+03 3.361940753999999743e+02 -1.194674925999999999e+02
2.591200945999999931e+03 7.321091950999999654e+02 -1.829786789000000056e+02
2.396500618000000031e+03 2.062456333000000086e+02 -3.405192448000000240e+02
2.589261277999999947e+03 3.952108698999999774e+02 1.339162675999999941e+01
2.925616286999999829e+03 -4.814490918999999991e+01 -1.480503228999999976e+02
2.571404136999999992e+03 2.676499595000000227e+02 -2.382757871000000023e+02
2.596487424999999803e+03 6.320947379000000410e+02 -2.480767941000000008e+02
2.462375970999999936e+03 4.484025480999999900e+02 -1.279703200000000010e+02
2.489425943000000188e+03 2.241851231999999925e+02 -1.143864341999999965e+02
2.825903787000000193e+03 3.377755425999999943e+02 -2.880361501999999874e+01
2.571833348999999998e+03 3.951693984999999998e+02 -3.513924971999999798e+02
2.365006252000000131e+03 1.615794272999999919e+02 -3.844330979000000070e+02
2.700472697000000153e+03 8.334533370000000332e+02 -6.164533071999999692e+01
2.836531249000000116e+03 2.808483926999999767e+02 -1.660332387999999924e+02
2.892634700000000066e+03 1.589042398999999932e+02 -1.551167986000000099e+02
2.622123266999999942e+03 -2.160649656000000007e+01 -4.267499255000000176e+02
2.494952394999999797e+03 1.675131986000000097e+02 -3.330627721000000179e+02
2.858016140000000178e+03 8.366097259999999380e+01 -2.888890994999999862e+02
2.533837547000000086e+03 4.180108362000000284e+02 -3.830326220000000035e+02
2.944505325000000084e+03 -2.267795488000000148e+01 -3.272381156000000146e+02
2.650392722999999933e+03 5.368445842999999513e+02 -2.520761695999999858e+02
2.305494353000000046e+03 3.027696985000000041e+02 -4.692070760999999948e+02
2.532959167999999863e+03 8.867243651000000000e+02 -3.614991668000000118e+02
2.696118144999999913e+03 2.904615613000000280e+02 -1.224241085000000027e+02
2.437150650999999925e+03 3.892943640999999957e+02 -2.820297466999999756e+02
2.554250176999999894e+03 2.570867958000000044e+02 -2.960835968999999750e+02
2.507694524000000001e+03 2.759046829000000116e+02 -1.384981218000000069e+02
2.835240550999999869e+03 2.794602886999999782e+02 -1.370951707000000113e+02
2.737575663000000077e+03 1.193926687999999956e+02 -6.556514504000000443e+01
2.603535989999999856e+03 4.425851347000000260e+02 -2.858901674999999898e+01
2.610903272999999899e+03 2.843438535000000229e+02 -2.328432463000000041e+01
2.537181919000000107e+03 4.112915085999999860e+02 -4.069115884999999935e+02
2.471095341000000190e+03 2.057353228000000058e+02 -4.466042413000000124e+02
2.530129074999999830e+03 9.771069344999999373e+01 -3.509009542000000010e+02
2.403507302999999865e+03 2.040655964000000040e+02 -2.018043222000000014e+02
2.659587779999999839e+03 -1.017727404999999976e+02 -4.883482127999999989e+02
2.458294723999999860e+03 1.482088716000000090e+02 -2.975967921999999817e+02
2.417992969999999787e+03 4.634389780999999857e+02 -1.932019785999999897e+02
2.669472620000000006e+03 4.309016839999999888e+02 -1.052901892999999944e+02
2.583784537000000000e+03 1.619657794000000024e+02 -1.211603810999999951e+02
2.523836831999999958e+03 4.148241125000000125e+02 -1.361759699000000126e+02
2.855921817999999803e+03 3.736436676999999804e+02 -2.127436510999999939e+02
2.723058932999999797e+03 3.263356092000000217e+02 -1.024382147999999972e+02
2.571202201999999943e+03 7.739903931999999713e+02 -1.647819622000000095e+02
2.581666087000000061e+03 3.821373207999999977e+02 -3.885539721999999756e+02
2.398305773999999928e+03 2.774017347000000200e+02 -3.608767899000000057e+02
2.823950997999999800e+03 4.557458133000000089e+02 -1.768798333000000014e+02
2.473233154000000013e+03 -5.365333087999999861e+01 -5.149585793999999623e+02
2.795403008000000227e+03 1.114909693999999973e+02 -7.823163091000000691e+01
2.750753297000000202e+03 -9.255032387999999344e+01 -3.389608878000000232e+02
2.754700656999999865e+03 1.721759504999999990e+02 -3.039295058000000154e+02
2.481764576999999917e+03 4.358112590999999725e+02 -1.278323239999999998e+02
2.472914779000000181e+03 6.673556379000000334e+02 -1.947338163999999949e+02
2.817149792000000161e+03 3.477526047999999719e+02 -2.453569828999999913e+02
2.755414652999999817e+03 4.138897589999999838e+01 -2.575891411000000062e+02
2.564648987000000034e+03 4.044895687999999723e+02 -2.596698198000000275e+02
2.651371344000000136e+03 2.715689004999999838e+02 -3.204936134999999808e+02
2.663212285999999949e+03 5.139563396999999441e+02 -4.228086989999999901e+01
2.560728164999999990e+03 1.649897235999999907e+02 -1.510915353000000039e+02
2.898058367999999973e+03 1.003834142999999983e+02 -2.712738003000000049e+02
2.472119916999999987e+03 1.330777921000000106e+02 -3.708296237999999789e+02
2.508442665000000034e+03 2.955380923000000166e+02 -2.227122669000000030e+02
2.637808574000000135e+03 3.313517259000000195e+02 -1.478662600000000111e+02
2.784920000999999957e+03 1.104616708000000003e+01 -2.573934856000000195e+02
3.078310102999999799e+03 2.629413976000000019e+01 -2.055130030999999917e+02
3.062149691000000075e+03 2.429248872999999946e+02 -4.977557807000000167e+01
2.640618281999999908e+03 8.180191373000000112e+02 -2.271616017999999997e+02
2.693648130000000037e+03 5.954244571000000406e+02 -1.942677721000000020e+02
2.663770586999999978e+03 3.748273143999999775e+02 -2.010414333999999883e+02
2.518792445000000043e+03 6.143735539000000472e+02 -1.986689671000000033e+02
2.559965682999999899e+03 -5.383863381999999831e+01 -3.543619229999999902e+02
2.701229433999999856e+03 2.781323581999999988e+02 -2.229635926999999924e+02
2.582705923999999868e+03 1.893485449000000074e+02 -2.769300905000000057e+02
2.735447467999999844e+03 9.773010107999999363e+00 -1.720565666999999905e+02
2.742154273999999987e+03 -1.858624511000000012e+01 -2.984238050000000158e+02
2.681129432000000179e+03 1.901220812999999907e+02 -2.796349749999999972e+02
2.896026314000000184e+03 1.262016889999999947e+00 -1.244321991999999995e+02
2.936221684000000096e+03 5.416353517000000295e+01 -2.780994362000000137e+02
2.692529203999999936e+03 2.688717012999999838e+02 -9.955140855000000499e+01
3.045308610000000044e+03 1.476645992999999919e+02 -2.382931063999999992e+02
2.638997709000000214e+03 4.937726850999999897e+02 -9.016546748999999750e+01
2.472731535999999778e+03 4.566713268999999968e+02 -1.182255157000000025e+02
2.637875840000000153e+03 4.221679536999999982e+02 -1.877011735000000101e+02
2.909498998000000029e+03 1.371211417000000097e+02 -1.758594464999999900e+02
2.759680940000000192e+03 3.544913298999999824e+02 -2.871493947000000162e+02
2.751015405000000101e+03 -2.796304286000000161e+01 -4.340699506999999926e+02
2.674543062000000191e+03 2.774632341000000224e+02 -2.796070460999999909e+02
2.583643927000000076e+03 8.621583067999999912e+02 -2.926667064999999752e+02
2.451522422999999890e+03 5.499574522999999999e+02 -2.546944001999999898e+02
2.992107681999999841e+03 3.192990537000000018e+02 -1.563596500000000056e+01
2.298622009000000162e+03 4.683987104000000272e+02 -5.262753639999999677e+02
2.644146695999999793e+03 4.928060537999999724e+02 -1.030203226999999941e+02
2.987686123999999836e+03 3.478643503999999780e+02 1.823417293999999966e+00
2.524858391000000211e+03 5.056984337000000096e+02 -2.648071755000000280e+02
2.407126321000000189e+03 7.841910736999999472e+02 -3.283228354999999965e+02
2.721579721000000063e+03 -1.640180877999999893e+02 -4.364607768999999848e+02
2.662961764000000130e+03 5.249123496000000166e+00 -1.061744604999999950e+02
2.451594704999999976e+03 5.844812027000000398e+02 -1.705491508000000067e+02
2.411538266000000021e+03 5.420387868000000253e+02 -2.967099263000000064e+02
2.946540637000000061e+03 3.578750542999999880e+02 -8.350667371000000117e+01
2.463895144999999957e+03 4.051814679999999953e+02 -1.786814903000000072e+02
2.911639795000000049e+03 1.597365732999999999e+01 -4.573986399000000347e+01
2.866310245000000123e+03 8.663477831000000151e+02 -1.999987426000000141e+02
2.682252488999999969e+03 3.728243018000000006e+02 -3.033920110999999906e+02
2.937426300999999967e+03 8.015590987000000212e+01 -5.370194812999999812e+01
2.545062260000000151e+03 3.530596221000000128e+02 -3.239753777000000241e+02
2.755970847000000049e+03 2.185493027999999924e+02 -1.624598755000000097e+02
2.741727394000000004e+03 1.200263486000000057e+01 -4.522291038000000185e+02
2.357899578999999903e+03 1.311479514000000108e+02 -3.479323549999999727e+02
2.996242397999999866e+03 -2.056236956000000049e+01 -3.017035045999999738e+02
2.989476356000000123e+03 4.567317481000000043e+02 -6.005016710999999674e+01
2.505829318999999941e+03 5.851193802000000233e+02 -6.948573124000000689e+01
2.473890390999999909e+03 6.730597962000000507e+02 -3.140797059000000218e+02
2.740283511000000090e+03 2.285357850999999982e+02 -1.034304608000000059e+02
2.452809734999999819e+03 2.917560437999999863e+02 -2.434604529000000070e+02
2.380806776999999784e+03 4.386869924999999739e+02 -1.879136198999999863e+02
2.996793819999999869e+03 1.670469023999999933e+02 -3.034896413999999965e+01
2.655062514000000192e+03 3.829920081000000209e+02 -3.168962986000000228e+02
2.621733764000000065e+03 1.298381784999999979e+02 -1.267900118999999961e+02
2.919388839000000189e+03 3.228247031999999876e+02 -4.641194538999999963e+01
2.999260905999999977e+03 6.204075243999999856e+01 -1.952007189999999923e+02
2.895174543999999969e+03 -1.090608577000000023e+00 -2.126820334999999886e+02
2.904247757999999976e+03 1.565562626999999907e+02 -1.815889420999999970e+02
3.001167093000000023e+03 -9.471596073999999987e+01 -3.362559795000000236e+02
2.723243272000000161e+03 5.833948560999999700e+02 -1.067710280000000012e+02
2.513689171999999871e+03 6.027577698000000055e+02 -2.440810930000000099e+02
2.634040058999999928e+03 -1.392163832999999897e+02 -5.127895852000000332e+02
2.756136499000000185e+03 1.071047109999999947e+02 -1.224603367999999932e+02
2.832843903999999839e+03 -1.760009230000000002e+01 -3.712191189999999779e+02
2.961406836000000112e+03 1.562551719999999875e+02 1.534259942999999993e+01
2.891825484999999844e+03 5.286093522999999550e+02 -4.857720410000000300e+01
2.373940368000000035e+03 1.001427831999999967e+02 -3.638942981000000145e+02
2.994234997999999905e+03 2.398563205000000096e+02 4.540893590999999674e+01
3.089985478000000057e+03 1.913590776000000062e+02 -2.526231779999999958e+02
2.591071777999999995e+03 3.311173443000000134e+02 -4.327718081999999811e+01
2.887823108000000047e+03 2.859151522000000227e+02 -9.935210471999999982e+01
2.794470347999999831e+03 2.922509881999999948e+02 -1.275575848000000008e+02
2.668429184000000078e+03 3.486317556999999852e+02 -2.273604522999999915e+02
2.695390592000000197e+03 4.800239035999999828e+02 -1.122620943000000011e+02
2.910832993999999871e+03 2.162692533000000026e+02 -2.252725991000000079e+02
2.593762494999999944e+03 -1.322660520000000020e+02 -4.730679819999999722e+02
2.868502496999999948e+03 -1.916413927000000115e+02 -1.704621751999999901e+02
2.387946836999999960e+03 5.772627124000000549e+02 -3.264863096999999925e+02
2.735201270000000022e+03 2.832554865000000177e+02 -2.507554372999999970e+01
2.734610705000000053e+03 1.781444945000000075e+02 -3.942893429000000083e+02
2.352889753999999812e+03 2.863262862000000268e+02 -3.655237364000000184e+02
2.518952427000000171e+03 7.045526787000000013e+00 -2.963473136000000068e+02
2.911008688999999777e+03 2.822105424000000085e+02 -1.045272800999999987e+02
2.868147695999999996e+03 4.331058330000000183e+02 1.660384359000000032e+01
2.950515782999999828e+03 1.317462222000000054e+02 -2.126155572000000120e+02
2.686770817999999963e+03 1.890695197999999948e+02 -7.373893483999999887e+01
2.705095241999999871e+03 7.421035150999999530e+01 -3.480600534999999809e+02
2.558224373000000014e+03 1.604877758000000085e+02 -1.841185228999999879e+02
2.994054625000000215e+03 4.422408290999999849e+02 -3.561569468999999799e+01
2.771526194000000032e+03 2.869270980000000009e+02 -1.888955579000000000e+02
2.533195079999999962e+03 5.575353890999999749e+02 -2.226155899000000034e+02
2.601536787999999888e+03 6.261510672000000568e+02 -2.041295403999999962e+02
2.447834014999999908e+03 2.347721476000000109e+02 -2.765541822999999795e+02
2.905692374000000200e+03 4.440792388999999929e+01 -3.563343505000000278e+02
3.005858263000000079e+03 5.055123090000000161e+02 -6.788481595000000368e+01
2.638425957999999810e+03 5.761284658999999664e+01 -1.657483091000000002e+02
2.512982578999999987e+03 5.297628260999999839e+02 -3.534218759999999975e+02
2.664726654000000053e+03 -9.822653268999999909e+01 -4.689491848999999775e+02
2.639333235999999943e+03 3.532547041000000263e+02 -2.140714748000000043e+02
2.839799121999999898e+03 -9.514638035999999488e+01 -3.692901330000000257e+02
2.330077761000000010e+03 4.073269156000000066e+02 -4.589738917000000242e+02
2.453206701000000066e+03 2.378076904000000127e+02 -1.527918411999999933e+02
2.408784976999999799e+03 6.899357612999999674e+02 -3.549819251000000122e+02
2.532995610999999826e+03 6.423932105999999749e+02 -1.898355493999999908e+02
2.729340028999999959e+03 1.434264721000000122e+02 -3.787860218999999802e+02
2.541380248999999822e+03 4.334953947000000198e+02 -2.230486922000000050e+02
2.483481231000000207e+03 4.159436944000000267e+02 -1.985408864000000051e+02
3.062379625999999917e+03 4.846897007999999829e+01 -1.185256351999999964e+02
2.655474401999999827e+03 5.083970092999999792e+02 -5.450898134999999911e+01
2.890461984999999913e+03 2.232002155000000130e+02 -1.987489688000000001e+02
2.756063834000000043e+03 -6.383497949000000204e+01 -3.909108486999999741e+02
2.491613918999999896e+03 1.717713851999999974e+02 -3.488549866000000179e+02
2.719131095000000187e+03 3.140769042000000013e+02 -7.368080102999999781e+01
2.715275285000000167e+03 -5.906641039000000148e+01 -4.617330976000000078e+02
2.296097176000000218e+03 2.929273094000000128e+02 -3.731097110000000043e+02
2.811121878999999808e+03 3.725997194999999920e+02 -2.133980052999999941e+02
2.653545204000000012e+03 1.432046631999999988e+02 -1.132875860999999986e+02
2.607400133999999980e+03 3.307823930000000132e+02 -4.744835802000000058e+01
2.711212586999999985e+03 -1.571677515000000085e+02 -3.748640532000000007e+02
2.644716629999999896e+03 5.568826152999999977e+02 2.784551401999999953e+01
2.454667210999999952e+03 1.969723304000000041e+02 -5.574383093999999801e+02
2.957476192000000083e+03 1.928307762999999966e+02 -7.809667340000000024e+01
2.610633322000000135e+03 7.529787281999999777e+02 -3.366033732999999870e+02
2.875144766999999774e+03 3.226263763000000040e+02 1.087195883999999974e-01
2.581496473000000151e+03 2.918214636000000155e+02 -6.341467870999999690e+01
2.524487101000000166e+03 5.071191167999999720e+02 -3.029079391000000143e+01
2.305446139000000130e+03 3.034747133999999846e+02 -3.812811591000000249e+02
2.497133928000000196e+03 1.789162691999999879e+02 -2.673863521000000105e+02
2.725469958000000133e+03 3.930933630000000107e+02 5.293027748000000088e+01
2.871956039000000146e+03 2.540083237000000054e+02 -8.983091855000000692e+01
2.671978751999999986e+03 3.482619950000000131e+02 -3.834561537000000158e+02
2.473612989000000198e+03 4.348831423999999970e+02 -3.411722141000000192e+02
3.111131182000000081e+03 -7.573913844000000495e+01 -3.432491532999999890e+02
2.410175478999999996e+03 4.077421759000000065e+02 -3.698142771000000266e+02
2.795749511999999868e+03 -1.894780421000000104e+02 -3.912700940999999943e+02
2.594207062999999835e+03 2.297583606000000032e+02 -8.469357497000000023e+01
2.854427526999999827e+03 9.191389954000000273e+01 -2.988087583999999879e+02
2.664087233000000197e+03 4.569029737999999838e+02 -1.474863592000000097e+02
2.485969113999999990e+03 1.750848018000000081e+02 -3.361189547999999832e+02
2.566237004999999954e+03 4.425675494000000185e+02 -2.693025448000000210e+02
2.862721763000000010e+03 -2.436307706000000053e+02 -2.590155608000000029e+02
2.603516575000000103e+03 6.167654641999999967e+02 -3.202810304000000201e+02
2.806378473000000213e+03 6.170434160999999449e+02 -2.004471431999999993e+02
2.912379519999999957e+03 1.843416656999999930e+02 -7.521247596000000613e+01
2.648953097000000071e+03 6.051161769000000277e+02 -1.595135017000000062e+02
2.722004828000000089e+03 2.846299973000000136e+02 -1.995897643000000130e+02
2.629711596999999983e+03 6.947496522999999513e+01 -2.201510429999999872e+02
2.910919985999999881e+03 -1.356523985000000039e+02 -4.228566048000000137e+02
2.808350332999999864e+03 8.116069401000000028e+01 -2.855175537000000077e+02
2.724311415000000125e+03 2.395611102999999957e+02 -1.626290653000000077e+02
2.887209883999999875e+03 4.570139001000000007e+02 1.741536445999999927e+01
2.580882629000000179e+03 3.741800642000000039e+02 -1.376264544000000001e+02
3.007553699999999935e+03 -8.828223799999999954e+00 -2.528724507999999958e+02
2.709196406999999908e+03 2.017229697999999871e+01 -1.991799737000000050e+02
2.879469536000000062e+03 8.957626808999999639e+02 -1.529909510999999895e+02
2.437443690000000061e+03 5.636167987000000039e+02 -2.810827638999999749e+02
2.747210692999999992e+03 1.229736153000000058e+02 -6.766854643000000635e+01
2.722460051999999905e+03 2.318651134000000127e+02 -2.597592269000000087e+01
2.574788398000000143e+03 1.798114180999999974e+02 -4.332785991999999737e+02
2.301513433000000077e+03 4.181862869000000273e+02 -4.056536128999999846e+02
2.513616226000000097e+03 3.051657293000000095e+02 -6.432997328000000437e+01
2.799826928999999836e+03 2.573102056000000175e+02 2.260755793999999952e+01
2.760765776000000187e+03 1.206603572000000071e+02 -1.053903107999999946e+02
2.306737629000000197e+03 3.324997116000000119e+02 -4.327674028000000135e+02
2.429579865000000154e+03 7.101632607000000235e+02 -2.262882578999999907e+02
2.709740295000000060e+03 3.642035437000000115e+02 -3.507013903000000141e+02
2.553839030000000093e+03 2.050324760999999967e+02 -3.412673249000000055e+02
2.848408628000000135e+03 1.180343431999999950e+02 -2.795469299000000092e+02
2.622088443999999981e+03 3.538251267999999783e+01 -2.576863961000000245e+02
2.550503795000000082e+03 2.888965376000000163e+01 -4.356844267999999829e+02
2.889540633000000071e+03 2.918499464000000216e+02 -4.602114708999999948e+01
2.350327265999999781e+03 3.677997750999999766e+02 -4.241990152999999850e+02
2.727298941999999897e+03 5.645547984999999471e+02 -1.422973591999999883e+02
2.832390107000000171e+03 -1.538955679000000032e+02 -3.290383009000000243e+02
2.376591554000000087e+03 7.568702500000000555e+01 -3.615940247999999997e+02
2.822177927000000182e+03 4.264478553000000147e+02 -4.331056820999999957e+01
2.647865538000000015e+03 5.489370393000000377e+02 -2.491699586000000011e+02
2.469068213000000014e+03 3.479390789999999924e+02 -2.090220672000000093e+02
2.639274620000000141e+03 1.685602742000000092e+02 -1.604783644999999979e+02
2.695937029000000166e+03 3.221860864999999876e+02 -3.134197457000000213e+02
2.695363598999999795e+03 4.363667717000000152e+02 -2.662509034000000163e+00
3.089007960999999796e+03 1.078735534000000058e+02 -1.147048360999999943e+02
2.667060547999999926e+03 3.319096996999999760e+02 -2.535723003999999889e+02
2.694380838000000040e+03 2.404227305999999942e+02 -1.632191096999999900e+02
2.743244877000000088e+03 1.812133732000000066e+02 -2.516529133999999885e+02
2.516912530999999944e+03 2.906722395999999975e+01 -3.223728138999999828e+02
2.781473890000000210e+03 8.435181353000000399e+02 -2.031991202000000101e+02
2.487060814999999820e+03 2.169574312999999961e+02 -1.106842565999999977e+02
2.747340757999999823e+03 2.778925982999999746e+02 -3.234021467000000030e+02
2.434654684000000088e+03 4.778051710999999955e+02 -4.303353265000000079e+02
2.554340025999999853e+03 2.853086036000000263e+02 -2.586055577000000198e+02
2.801404302999999800e+03 3.976548300000000324e+01 -3.899093879000000129e+02
2.554977348999999776e+03 1.090602899000000008e+02 -4.289415586000000076e+02
2.816606800999999905e+03 2.634680505000000039e+02 -2.149147452999999928e+02
2.409841477999999825e+03 4.278825648999999771e+02 -2.597477203999999915e+02
2.847316041999999925e+03 1.548537961000000109e+02 -3.306608595999999807e+02
2.587740902999999889e+03 1.681668774999999982e+02 -1.124894862999999958e+02
2.601323418999999831e+03 3.333869684000000007e+02 -4.616815093000000303e+01
2.907968304999999873e+03 2.799701062000000018e+00 -3.525463230999999951e+02
2.608847918999999820e+03 2.643623140000000262e+02 -4.990575245000000137e+01
2.700981112999999823e+03 -1.455849436999999966e+02 -4.887372586000000183e+02
2.643288927999999942e+03 4.501205646000000229e+02 -4.998620194000000083e+01
3.112608657000000221e+03 2.348512583000000120e+01 -2.492126365000000021e+02
2.876706972999999834e+03 3.883935672000000068e+02 -5.208464811000000338e+01
2.683679418000000169e+03 2.680282083000000171e+02 -1.350791738000000066e+02
2.505784286999999949e+03 3.908504704000000061e+02 -6.680287389000000076e+01
2.514899053000000094e+03 2.120197322999999869e+02 -9.495370205000000396e+01
2.388616215999999895e+03 5.734593038000000433e+02 -1.799087145999999962e+02
2.575632157000000007e+03 1.023178005000000041e+02 -2.021467102999999952e+02
2.661100914000000103e+03 2.742761100999999968e+01 -1.797727918999999872e+02
2.693146192000000156e+03 5.341107425999999805e+02 -1.414325714000000005e+02
2.715405933999999888e+03 1.552535010999999940e+02 -2.595625266000000124e+02
2.597617964000000029e+03 8.548138570000000414e+01 -2.300342041000000108e+02
2.565099659999999858e+03 6.246702410000000327e+02 -2.605233744999999885e+02
2.688807388000000174e+03 1.743862599999999929e+02 -4.015649103999999738e+02
2.538766271999999844e+03 2.227821907000000010e+02 -4.802716388000000052e+02
2.295097909000000072e+03 4.011799753000000237e+02 -3.989230380999999852e+02
2.553574868000000151e+03 6.772243148999999676e+02 -1.938066439000000116e+02
2.505415783999999803e+03 2.599552790000000186e+02 -3.550069490999999857e+02
2.444118436000000202e+03 4.195149951000000215e+02 -2.402125436999999977e+02
2.446603418000000147e+03 4.524188735999999835e+02 -4.703765144000000191e+02
2.642706227000000126e+03 3.699517594000000145e+02 -1.507905122999999890e+02
2.481663192999999865e+03 1.982760935000000018e+02 -4.040898990000000026e+02
2.578865072000000055e+03 1.201675115000000034e+02 -2.068366277000000082e+02
2.616801234999999906e+03 -6.235068917000000255e+01 -4.411206460999999877e+02
2.336755830999999944e+03 5.617658098000000564e+02 -2.935554288999999812e+02
2.473151840999999877e+03 1.722322451000000001e+02 -4.273905874999999810e+02
2.427260541999999987e+03 6.025006676000000425e+02 -4.476195258000000194e+02
2.479758369000000130e+03 4.581757792000000222e+02 -2.971777607000000216e+02
2.785443525000000136e+03 4.813012415000000033e+02 -1.897590763000000038e+02
2.566459448999999950e+03 7.958100987000000259e+02 -1.645672218999999927e+02
2.735284775000000081e+03 1.731236729999999966e+02 -6.779388265000000047e+01
2.399641555000000153e+03 3.234522739000000229e+02 -4.092700930999999969e+02
2.841564167999999881e+03 4.980054486999999881e+02 -2.740474427999999918e+01
2.457473620000000210e+03 3.420006389999999783e+02 -4.991828654999999912e+02
2.643001530000000002e+03 3.364208724000000075e+02 1.829989202999999875e+01
2.278604448999999931e+03 5.273361237999999958e+02 -3.856312040999999908e+02
2.496288332000000082e+03 4.940310202999999944e+01 -3.779703620000000228e+02
2.710294855999999982e+03 1.331724485000000016e+02 -7.801765743999999358e+01
2.854589222999999947e+03 -1.733890974999999912e+02 -4.130732648000000040e+02
2.872331097000000227e+03 4.178259241000000088e+02 -4.390613144000000290e+01
2.710890895999999884e+03 3.981873474000000215e+02 -8.682206454999999323e+01
2.664079937999999856e+03 5.963236381000000392e+02 -1.710475983000000042e+02
2.555314359999999851e+03 1.072358238999999998e+02 -4.285600916999999868e+02
2.567992603000000145e+03 2.427355426000000023e+02 -9.087442206000000056e+01
2.568651390999999876e+03 5.142276474000000235e+02 -9.763015844999999615e+01
2.697029932999999801e+03 4.200725074999999720e+02 -2.184538142000000107e+02
2.767896675999999843e+03 3.975364991000000146e+02 -3.407194402000000082e+02
2.494590076999999837e+03 6.860606972000000496e+02 -1.899700569000000030e+02
3.153465545999999904e+03 6.883978256999999701e+01 -7.331873389000000429e+01
2.410718401000000085e+03 3.882795705999999996e+02 -2.622252555000000029e+02
2.923152032999999847e+03 2.250293273000000056e+02 -1.028784748000000064e+02
2.567913987999999790e+03 3.603817174000000136e+02 -3.603492823999999928e+02
2.706968836000000010e+03 3.212755642999999850e+02 -2.739185117999999974e+01
2.554247092000000066e+03 -1.151781510999999938e+02 -5.513632622999999739e+02
2.334202823000000080e+03 1.513631479999999954e+02 -4.721787163999999848e+02
2.538233854000000065e+03 5.206486704000000145e+02 -1.812101404999999943e+02
2.655209327000000030e+03 2.895949325000000272e+02 2.499170696000000191e+00
2.597396141000000171e+03 3.380384280000000103e+02 -1.419999471000000142e+02
2.731323557000000164e+03 8.192772263000000521e+02 -1.697341632000000118e+02
2.912217060999999831e+03 1.573422239999999874e+02 -2.234516861000000176e+01
2.312045747000000119e+03 4.999635253000000148e+02 -4.319920872999999801e+02
2.927370703999999932e+03 -7.956868099999999799e+01 -1.524716392999999925e+02
2.921075384000000213e+03 9.251154107000000693e+01 -1.261794234000000046e+02
2.594254691000000093e+03 6.349711317000000008e+02 -3.479542394000000058e+02
2.671637725000000046e+03 6.535605960999999979e+02 -2.482340375999999935e+02
2.421711345000000165e+03 4.768719856999999820e+02 -2.984010931999999912e+02
2.542574731000000156e+03 1.886144855000000007e+02 -2.785364311000000157e+02
2.356802110000000084e+03 3.857575689999999895e+02 -2.423559927000000016e+02
2.672639481000000160e+03 5.353927008000000143e+01 -3.896216607000000067e+02
2.418918044000000009e+03 3.046139089000000126e+02 -1.850986063000000001e+02
2.870656473999999889e+03 1.203114623999999964e+02 8.039704087000000499e+00
2.651212529999999788e+03 -2.033604949999999860e+02 -3.022684666999999763e+02
2.814939355999999862e+03 7.361376907000000074e+02 -1.290324722000000008e+02
2.991567125999999917e+03 1.536406406999999952e+01 -1.431255106000000126e+02
2.811466899000000012e+03 -5.011685025999999965e+01 -6.078640388000000172e+01
3.024308755000000019e+03 -5.534799508999999773e+01 -3.384969431999999756e+02
2.481810374000000138e+03 1.744152383999999927e+02 -3.955690142000000264e+02
2.428324625000000196e+03 3.103748302999999851e+02 -2.412929659000000129e+02
2.533187327000000096e+03 -1.066866590000000059e+02 -5.120359856999999693e+02
2.757536954000000151e+03 4.612183681000000206e+02 -9.972507647000000475e+01
2.471234652999999980e+03 1.583839139000000102e+02 -3.574458002000000079e+02
2.788537398999999823e+03 4.856203126999999853e+01 -1.325331258999999875e+02
2.530239774000000125e+03 -8.285019981000000655e+01 -5.053847842999999784e+02
2.805189637999999832e+03 1.430335297999999966e+02 -3.652639308000000256e+02
2.964552858999999899e+03 -2.015922996000000111e+01 -2.166640424999999937e+02
2.641664749000000029e+03 6.426030290999999295e+01 -3.049285229000000186e+02
2.558289095000000088e+03 3.782270100999999727e+02 -1.326353220999999962e+02
2.555638847000000169e+03 3.000768729000000121e+02 -3.179538294000000178e+02
2.783763981000000058e+03 1.714290391000000113e+02 -1.377001390000000072e+02
2.692139599999999973e+03 1.800636043000000086e+02 -2.044236430999999925e+02
2.587770368999999846e+03 7.904338626999999917e+01 -1.114804802999999964e+02
2.521781531999999970e+03 2.603460258000000067e+02 -4.016121264999999880e+02
2.622739661000000069e+03 4.046931071000000202e+02 -2.766760608000000161e+02
2.748899656999999934e+03 4.595647749999999974e+02 -2.779524837999999818e+02
2.437882951000000048e+03 9.917402778000000296e+01 -2.428106048999999871e+02
2.631130435000000034e+03 -1.029405749999999955e+02 -2.903384760000000142e+02
2.776269431000000168e+03 3.321912044000000037e+02 -1.928108942000000070e+02
2.658213670000000093e+03 6.708120635000000220e+01 -3.710497062000000028e+02
2.614262507999999798e+03 5.141823739000000160e+02 -2.846583914999999934e+02
2.698235130000000026e+03 3.677032365000000027e+02 -2.824468143999999938e+02
2.312525235999999950e+03 3.852820838000000094e+02 -4.204115752000000157e+02
2.619453069000000141e+03 1.686745115999999882e+02 -1.950102846999999997e+02
2.491784983000000011e+03 1.690342563000000098e+02 -2.220463220999999976e+02
2.501540707999999995e+03 -1.221718612999999998e+01 -3.356800094999999828e+02
2.848665766000000076e+03 1.662472764000000041e+02 -2.756266200000000026e+02
2.415658625999999913e+03 5.849037558999999646e+02 -1.413843061999999975e+02
2.790467134999999871e+03 2.771523372999999992e+02 -2.284898790000000020e+02
2.773658903999999893e+03 3.531727867999999830e+02 -6.131079553000000004e+01
2.651747559999999794e+03 4.261662880000000087e+02 -1.853302979999999991e+02
2.596159884000000147e+03 3.844844959999999645e+01 -3.887679899999999975e+02
2.898350373000000218e+03 -6.321491154000000279e+01 -2.763463310000000206e+02
2.286109645999999884e+03 2.407430773000000102e+02 -4.800100439999999935e+02
2.517659856000000218e+03 1.457049162000000138e+02 -4.885057606999999962e+02
2.545182189000000108e+03 3.501090355000000045e+02 -2.059741937000000007e+02
2.454126643999999942e+03 5.155697758000000022e+02 -1.296141719999999964e+02
2.671321339999999964e+03 -1.359330817000000025e+02 -4.938328702000000021e+02
3.050791556000000128e+03 -6.196080933999999729e+01 -3.512884240999999861e+02
2.795501474000000144e+03 1.212094567999999981e+02 -2.955172820999999885e+02
2.817167698000000200e+03 4.230495903999999996e+02 -9.533470263999999972e+00
2.953454291000000012e+03 1.781525666000000001e+02 -2.250811367000000018e+02
2.431107508999999936e+03 5.787001530999999659e+02 -2.818668549999999868e+02
3.009782233999999789e+03 1.147373663000000050e+02 -1.033577530000000024e+02
2.378714399999999841e+03 3.064928312999999775e+02 -2.770165066999999794e+02
2.534542179999999917e+03 2.578872003000000177e+02 -1.891239883000000077e+02
2.843261175000000094e+03 1.739795646000000033e+02 -2.461541795999999920e+02
2.423625464000000193e+03 1.625527187000000140e+02 -3.162714512000000013e+02
2.429419794999999795e+03 6.944822632999999996e+02 -3.475559129000000098e+02
2.409087032999999792e+03 2.048755260000000078e+02 -2.330013068000000089e+02
2.889894568000000163e+03 4.194816202000000089e+02 -2.581009809000000210e+00
2.547250219000000016e+03 4.772037700000000200e+02 -3.735101614000000154e+02
2.475388715000000047e+03 2.581799171999999771e+02 -3.384201985999999920e+02
2.450349145000000135e+03 3.846954119999999762e+02 -3.523249202999999738e+02
2.805287640000000010e+03 4.467083731000000171e+02 -4.560862953000000175e+01
2.726826771000000008e+03 2.642157235999999898e+02 -3.343039515000000250e+01
2.846371963000000051e+03 2.231831184000000121e+02 -2.423581581999999912e+02
2.510173824999999852e+03 5.866520487999999887e+02 -2.282433822000000134e+02
2.887973121999999876e+03 2.507549581000000103e+02 -1.355735175000000083e+02
2.672032330999999886e+03 1.844158504000000107e+02 -3.966239183000000139e+02
2.708649463000000196e+03 1.944531502000000103e+02 -3.224746549999999843e+02
2.732747390999999880e+03 1.154729298999999969e+02 -3.465020726000000195e+02
2.428687929000000167e+03 3.459790889000000220e+02 -2.769582075000000145e+02
2.786532975000000079e+03 2.892931516999999886e+01 -7.432006035999999938e+01
2.924916769999999815e+03 1.839012352999999962e+02 -1.882682449000000133e+02
3.030050522999999885e+03 -8.674668590999999651e+01 -3.357462568000000260e+02
2.941900442000000112e+03 1.001140060000000034e+02 -3.430662886000000071e+02
2.513711037999999917e+03 6.546610987000000250e+02 -2.125878532000000121e+02
3.024817920999999842e+03 5.240542956000000174e+01 -1.190614455000000049e+02
2.613602224000000206e+03 -1.612996884000000080e+02 -5.305528076000000510e+02
2.717995900999999776e+03 5.734774308999999448e+02 -6.124268292000000002e+01
2.726271271000000070e+03 2.532291157999999882e+02 -1.918087156999999934e+02
2.725413297999999941e+03 2.226902825000000163e+01 -8.283363226000000168e+01
2.608938302000000022e+03 2.376951621000000046e+02 -1.577565082000000132e+02
2.424876142999999956e+03 2.652935896999999841e+02 -4.634151514000000134e+02
2.895815216999999848e+03 -6.985121150000000512e+01 -3.332796212999999739e+02
2.878891909999999825e+03 2.815600431999999955e+02 -1.244866930999999965e+02
2.261153937999999926e+03 3.803160470999999916e+02 -3.331371760999999765e+02
2.639813185999999860e+03 5.241217112000000498e+02 -1.911772396000000072e+02
2.685576211000000058e+03 4.424043050000000221e+02 -2.341658888999999988e+02
2.457726051000000098e+03 -5.081807582999999795e+01 -4.028530316000000084e+02
3.046181312000000162e+03 -1.898049206999999967e+02 -3.907134485999999924e+02
2.973633976999999959e+03 2.136339426000000117e+02 -1.037152947000000012e+02
2.721846069000000170e+03 8.974578196000000219e+01 -2.958919278000000190e+02
2.518317892999999913e+03 5.272993031000000386e+00 -3.454010013000000185e+02
2.837323472000000038e+03 3.409768394000000171e+02 -1.493555962000000079e+02
2.375606365000000096e+03 2.119204229999999995e+02 -2.591500457000000210e+02
2.584511722000000191e+03 2.819656064999999785e+02 -1.460260936999999899e+02
2.465924015000000054e+03 6.404494998999999780e+02 -2.947723599999999919e+02
2.836760771000000204e+03 2.802303178000000230e+02 -7.542481299000000661e+01
2.420796405999999934e+03 1.885863617999999917e+02 -3.958326303000000053e+02
2.552432929999999942e+03 2.515830042999999989e+02 -4.521336612000000343e+01
2.463127116000000115e+03 4.068292561999999748e+02 -4.078166663999999741e+02
2.529039047000000210e+03 3.339920114999999896e+02 -4.079035681999999952e+02
2.514985983000000033e+03 1.441671719999999937e+02 -2.426888731999999891e+02
2.863533547999999882e+03 4.354764678000000231e+02 -8.732597789999999804e+01
2.974349208999999973e+03 -1.849672348999999940e+02 -4.490538028000000281e+02
2.724347472999999809e+03 -1.484820030999999929e+00 -3.865367830999999796e+02
2.861440635999999813e+03 8.690104313999999874e+01 -2.752738345000000209e+02
2.635955201000000216e+03 3.283527824000000095e+01 -3.915150800999999774e+02
2.448362583000000086e+03 8.708116549000000362e+01 -4.404185633000000166e+02
2.649629507000000103e+03 6.566400427000000661e+01 -1.732739870000000053e+02
2.364091753000000153e+03 6.479639157999999952e+02 -4.249031218999999737e+02
2.499737607999999909e+03 5.667741075999999794e+02 -3.300759054000000106e+02
2.417560399999999845e+03 1.438212393999999961e+02 -2.721701790000000187e+02
2.759761981000000105e+03 4.645052863999999886e+02 -2.274688787000000048e+02
2.469366787999999815e+03 7.007800485000000208e+02 -3.513742429999999786e+02
2.660406109000000015e+03 -8.522303897000000461e+01 -3.374882218999999850e+02
2.701771252000000004e+03 6.263113942999999750e+01 -3.179650940000000219e+02
2.719401128999999855e+03 3.907948326999999722e+01 -8.973325178000000335e+01
2.814118826999999783e+03 3.635573375999999826e+02 -1.420498254000000031e+02
2.390435575999999855e+03 3.763399780999999962e+02 -2.137355469999999968e+02
3.039279833000000053e+03 1.435111416000000020e+02 -2.320340803999999935e+02
2.430062716999999793e+03 5.796021047000000408e+02 -1.458312625000000082e+02
2.777832875999999942e+03 4.050796932999999740e+02 -2.370020669000000169e+01
2.917149307000000135e+03 1.309738429999999880e+02 -1.284426938999999912e+01
2.580258809999999812e+03 7.036534954999999627e+02 -2.699130799999999795e+02
2.628354314000000159e+03 8.585409932999999683e+01 -1.581283769000000063e+02
2.673029139000000214e+03 6.506625860000000330e+02 -8.310922377999999355e+01
2.761761004999999841e+03 4.297027501000000171e+01 -1.279037361999999973e+02
2.977141258000000107e+03 -1.441909395000000060e+01 -1.120164948000000038e+02
2.659484301999999843e+03 1.205601499999999930e+02 -1.287177155999999911e+02
2.720282298000000083e+03 2.523707451999999876e+02 -1.319065860999999984e+02
2.816530932000000121e+03 5.757119281999999885e+02 -1.836906755999999916e+02
2.341638182000000143e+03 4.975672829999999749e+02 -3.121131972000000019e+02
2.538797426999999971e+03 -1.552775120000000015e+02 -5.376456464999999980e+02
2.562719712999999956e+03 1.039813328999999982e+02 -2.888563765000000103e+02
2.460010180000000219e+03 1.176050943999999987e+02 -4.253928323999999748e+02
2.501252379000000019e+03 1.287000203999999997e+02 -4.199175645999999915e+02
2.697976270000000113e+03 3.906356670000000122e+02 1.003290557999999955e+01
2.559694078999999874e+03 -1.438050323999999875e+02 -4.981438195999999721e+02
2.708287827000000107e+03 3.415303539000000228e+02 -1.950039764999999932e+02
2.667435457999999926e+03 5.860847702999999456e+02 -1.530341649000000075e+02
2.875825760000000173e+03 3.619129338999999845e+02 -3.985542410000000046e+01
3.071609938000000056e+03 4.266525300999999786e+02 -7.481751960999999618e+00
2.936702327999999852e+03 4.327836351999999920e+02 -9.763148726000000011e+01
2.591013195999999880e+03 6.323115225999999893e+02 -1.834191510999999863e+01
2.650045868000000155e+03 -1.239977402999999967e+01 -5.252805528000000095e+02
2.619718131000000085e+03 3.728181139000000144e+01 -2.038019645999999909e+02
2.494044061999999940e+03 -1.689089583999999888e+01 -2.783022323999999799e+02
3.092873733999999786e+03 1.093220735999999960e+01 -5.755176106999999774e+01
2.663419645999999830e+03 4.855609765999999894e+01 -3.264705518000000097e+02
3.070496086999999989e+03 -4.838167966000000320e+01 -2.830946356000000037e+02
2.544231938999999784e+03 3.676236718999999766e+02 -2.108906741000000125e+02
2.525195460999999796e+03 4.357727863000000070e+02 -9.156938232999999627e+01
2.588394318999999996e+03 4.918749210999999946e+02 -3.153528632000000016e+02
2.732968155000000024e+03 2.115445109000000059e+02 -2.970959177999999952e+02
2.640943041999999878e+03 7.163103936999999632e+02 -2.725750441999999794e+02
3.006798937000000024e+03 2.539844653000000108e+02 -5.287902626000000339e+01
2.678722891999999774e+03 5.637701716999999917e+02 -2.063805060999999910e+02
2.556574963999999909e+03 8.286704975999999760e+02 -9.237518577000000164e+01
2.601490635999999995e+03 4.949876320999999848e+02 6.816246708000000432e+00
2.952606674000000112e+03 4.707460121999999956e+02 -5.033752118000000308e+01
2.303691169000000173e+03 4.867591300000000274e+02 -2.584701678999999785e+02
2.533605465999999979e+03 5.304060226999999941e+02 -3.571726777000000084e+02
2.416339887999999974e+03 4.146846620000000030e+02 -1.440506364999999960e+02
2.480964808000000176e+03 7.303653640999999652e+02 -3.078424335000000269e+02
2.882936268999999811e+03 2.727946029999999951e+02 -6.314430615999999929e+01
2.559997734999999921e+03 4.120817143000000016e+01 -3.372580997000000025e+02
2.472404677999999876e+03 3.121522618999999850e+02 -2.709250979999999913e+02
2.848626502000000073e+03 -5.233409978000000251e+01 -3.674537285000000111e+02
2.620147065999999995e+03 1.070460433000000045e+01 -3.284049274999999852e+02
2.838607644000000164e+03 -2.165174588000000142e+02 -3.639309941000000208e+02
2.878645431999999801e+03 6.450835665999999691e+00 -3.246216777000000206e+02
2.486262271999999939e+03 5.200696500000000242e+02 -2.006085185000000024e+02
2.708768875000000207e+03 -1.396824799000000041e+02 -4.439220856000000026e+02
2.843381797999999890e+03 5.406860519000000522e+02 -1.541849783000000116e+02
2.675188435999999911e+03 5.119485272000000009e+02 -9.686916879999999708e+01
2.343495870000000195e+03 6.480689975999999888e+02 -3.266379281999999762e+02
2.299654460000000199e+03 4.935919852000000105e+02 -4.799290017999999804e+02
2.915889552999999978e+03 7.131282416999999896e+01 -3.258315112000000227e+02
2.486750783999999840e+03 6.835533142000000453e+02 -1.550084088000000122e+02
2.557157165999999961e+03 9.366096944000000235e+01 -2.053691324000000122e+02
2.637195701000000099e+03 4.150137070000000250e+01 -3.576718753999999763e+02
2.370075101999999788e+03 2.963182901000000129e+02 -3.039123250999999755e+02
2.467249093999999786e+03 1.148928530999999964e+02 -1.423171476999999925e+02
2.960810074999999870e+03 8.521356670999999494e+01 -6.861160725000000582e+01
2.727588252999999895e+03 5.323051616999999851e+02 -1.179475252999999952e+02
2.778413986999999906e+03 1.144373834999999957e+02 -5.678962548000000332e+00
2.650395650999999816e+03 1.594763872000000049e+02 -1.456724360000000047e+02
2.674937107000000196e+03 1.501199813000000063e+02 -2.936961481000000163e+02
2.733122393000000102e+03 7.714551448999999650e+01 -2.745139169000000265e+02
2.631800393999999869e+03 1.019337151000000006e+02 -2.186603288999999961e+02
2.494143849999999929e+03 2.053121452000000033e+02 -3.416563490999999999e+02
2.737625272000000223e+03 1.885015954000000136e+02 -5.766316853000000009e+01
2.761636542000000190e+03 4.940828424000000041e+02 -2.571358857000000171e+02
2.551029198000000179e+03 5.187600956999999902e+00 -2.472686844000000121e+02
2.352515229000000090e+03 1.534314465999999868e+02 -3.655304729000000066e+02
3.042927463999999873e+03 6.388336688999999780e+01 -2.271394243000000017e+02
2.929441334000000097e+03 -7.357811067000000094e+01 -1.870382437000000095e+02
3.024151600000000144e+03 -7.399883882999999685e+01 -3.149551409000000035e+02
2.631416255999999976e+03 2.039490030999999988e+02 -2.993659739999999942e+02
2.801142972999999984e+03 1.640403474000000017e+02 -3.514933596000000193e+02
2.359654352000000017e+03 7.922936535000000049e+02 -3.572512206999999762e+02
2.512147149999999783e+03 1.003022816000000006e+02 -2.300491949000000034e+02
2.557248725999999806e+03 1.132526045000000039e+02 -4.209108709000000204e+02
2.988834585000000061e+03 3.887205410999999913e+02 -8.022537274999999468e+00
2.325600965999999971e+03 1.792258038999999883e+02 -5.068403485000000046e+02
2.663067766000000120e+03 5.969274706999999580e+02 -1.543999197999999922e+02
2.519255549999999857e+03 1.704925790000000063e+02 -1.028152031000000051e+02
2.856544049000000086e+03 3.735238176999999951e+02 -5.964129370999999935e+01
2.468043932000000041e+03 1.932296862999999973e+02 -1.803927961999999923e+02
2.706328955999999835e+03 8.322332127999999329e+01 -2.924155382999999802e+02
2.900379761000000144e+03 4.950547402000000261e+02 -6.437264772000000335e+01
2.747689524999999776e+03 5.430982023000000325e+00 -3.509683445000000006e+02
2.527496921999999813e+03 1.923333076000000119e+02 -2.020510270999999989e+02
2.344613839999999982e+03 5.720490611000000172e+02 -3.294983265999999844e+02
2.669359938000000056e+03 1.627143498000000079e+02 -9.097184574999999995e+01
2.394236202999999932e+03 3.233468513000000257e+02 -3.458083371999999827e+02
2.673146018999999797e+03 9.472844549000000143e+02 -2.772953122000000121e+02
2.540267878000000110e+03 3.226655248999999799e+02 -4.267665250000000015e+02
2.434860409999999774e+03 9.450048653000000343e+01 -3.456552181999999789e+02
2.649439756000000216e+03 4.945926181000000099e+01 -3.846453506999999945e+02
2.499025578000000223e+03 1.570551810999999987e+02 -2.328332282000000077e+02
2.605360842000000048e+03 4.519355147000000272e+01 -1.832723430000000064e+02
2.319839265000000069e+03 2.912252917999999795e+02 -3.667077085999999895e+02
2.664830907000000025e+03 2.808694856000000186e+02 -1.951507344999999987e+02
2.543474350999999842e+03 2.682731827999999723e+02 -1.731791466999999898e+02
2.800889025999999831e+03 3.924789026000000263e+02 -1.012562470000000019e+02
2.751173123999999916e+03 5.586382480999999700e+01 -2.082276760999999965e+02
2.462215452999999798e+03 7.480618717999999490e+01 -3.858477305000000115e+02
2.802810649999999896e+03 4.522948791000000028e+02 -1.338706583999999964e+02
2.357859954999999900e+03 2.518868688000000020e+02 -3.232977799000000232e+02
2.753070697999999993e+03 2.493524102000000084e+02 -4.713982780999999989e+01
2.473406970999999885e+03 3.577069192999999814e+02 -3.491479757000000177e+02
3.127408543000000009e+03 -2.594339048000000147e+01 -2.451160801000000049e+02
2.858433759999999893e+03 1.027394720000000063e+02 -2.048847130999999990e+02
2.857478978999999981e+03 -1.063227495999999945e+02 -2.877035589000000186e+02
2.610602182000000084e+03 1.975535897999999975e+02 -3.892584546999999873e+01
2.926580926999999974e+03 7.142944316000000526e+02 -1.624110488000000032e+02
2.581771169000000100e+03 8.481384450000000186e+01 -3.755509587999999894e+02
2.506826555999999982e+03 2.161121598000000006e+02 -1.391524402000000009e+02
2.663511403999999857e+03 4.607486260000000016e+02 -3.391943370000000186e+02
2.683722236000000066e+03 6.349641933999999992e+02 -1.995678232999999864e+02
2.951008413999999902e+03 6.021956452999999954e+01 -8.399957609000000502e+01
2.485755646000000070e+03 -9.383535612999999387e+00 -3.695787596999999778e+02
2.448214779999999791e+03 3.135194946999999956e+02 -2.145306918999999937e+02
2.624155001999999968e+03 7.265660470000000259e+01 -3.697972952000000078e+02
2.572090142000000014e+03 6.073053916000000072e+02 -2.188490145000000098e+02
3.165465573999999833e+03 -8.874580801999999835e+01 -3.091912148000000116e+02
2.388531840000000102e+03 5.224835703999999623e+02 -2.179391722999999956e+02
2.685779435999999805e+03 5.457737769000000299e+02 -3.899153718000000168e+01
2.815827494000000115e+03 -2.453458485999999894e+01 -3.244560389000000100e+02
2.552001840999999786e+03 1.594344092000000046e+02 -2.040158572999999933e+02
2.441282721999999922e+03 4.375663235999999756e+02 -3.032514183999999773e+02
2.687176700999999866e+03 5.860807770000000119e+02 -8.006820928000000492e+01
2.481761962999999923e+03 3.744346787999999719e+02 -3.203621081000000004e+02
2.619843793000000005e+03 2.394983587000000114e+02 -3.058483090999999945e+02
2.732035191999999824e+03 1.661078405000000089e+02 -1.354728557999999907e+02
2.692250696999999946e+03 3.578978228999999942e+02 9.639128869000000321e+00
2.524846351000000141e+03 6.005196254999999610e+02 -2.072159177000000057e+02
2.522705723999999918e+03 -1.940981682999999975e+02 -5.084510023000000274e+02
2.411129510000000209e+03 2.877596050000000218e+02 -4.720574614000000224e+02
2.530871564999999919e+03 6.514934866999999485e+02 -1.231976336000000032e+02
2.645773710999999821e+03 6.843496748000000025e+02 -1.307555307000000111e-01
2.783382924999999886e+03 -4.634379109000000341e+01 -4.066283086999999909e+02
2.726351628999999775e+03 9.756362873000000491e+01 -3.313248229999999808e+02
2.943143677000000025e+03 1.656080518999999995e+01 -2.319431396999999890e+02
2.726062710000000152e+03 8.199980160999999157e+00 -2.347064918000000091e+02
2.652762346999999863e+03 -8.460286548999999923e+01 -4.407409946999999875e+02
2.412340815999999904e+03 1.350246735000000058e+02 -3.732144538000000011e+02
2.575958727000000181e+03 7.330287254999999504e+02 -8.051744413000000122e+01
2.716559510000000046e+03 1.853278229000000010e+02 -8.868405610000000650e+01
2.435804955000000064e+03 5.076219884000000206e+02 -2.676154483999999911e+02
2.393079714999999851e+03 4.309224627999999768e+01 -4.124228886000000216e+02
2.602967075000000023e+03 3.088686731000000236e+02 -8.693472334000000501e+01
2.995595670000000155e+03 1.619968925000000013e+02 -1.805113796999999920e+02
2.814567027000000053e+03 2.330797868999999878e+02 2.531442167000000154e+01
2.482702115000000049e+03 2.322008631999999864e+02 -4.300451310999999919e+02
2.508166486000000077e+03 1.905326229000000069e+02 -3.798693807000000220e+02
2.541252937000000202e+03 4.239825488000000178e+02 -2.998974087999999938e+02
2.527459662000000208e+03 5.993665264999999636e+02 -2.026356732000000136e+02
2.500078958999999941e+03 4.950868944000000056e+02 -3.343774508999999853e+02
2.534253931000000193e+03 2.254212125999999898e+02 -1.702371848999999884e+02
2.546621610000000146e+03 8.980737894000000097e+02 -3.752248013000000242e+02
2.605247511000000031e+03 9.050891930999999886e+02 -3.893711519999999950e+02
2.840347710000000006e+03 5.582076342999999952e+02 -1.238526387000000000e+02
3.023906869999999799e+03 4.990434645999999930e+02 -7.995549047000000087e+01
2.960608999000000040e+03 1.266130378000000007e+02 -1.591819567000000006e+02
2.890790559999999914e+03 2.662576544999999939e+01 -5.218788307999999887e+01
2.526834883999999875e+03 7.281916157999999939e+01 -2.352330063999999936e+02
2.419238058999999794e+03 1.869961979999999926e+02 -2.889396833000000129e+02
2.957623395999999957e+03 2.375493169000000080e+02 -2.117279629999999884e+02
2.351591198999999961e+03 4.719019807000000242e+02 -4.900112258999999995e+02
3.088770875000000160e+03 3.444804915000000278e+01 -3.192778445000000147e+02
2.497269400000000132e+03 6.942811337000000549e+02 -1.644352925999999968e+02
2.882182592999999997e+03 1.395995018000000130e+02 -6.095537551999999692e+01
2.560420579999999973e+03 1.934133759999999924e+01 -1.598205230000000086e+02
2.593922289000000092e+03 2.123475340999999901e+02 -7.673640704000000312e+01
2.818396553999999924e+03 9.207730479999999318e+01 -2.442768885000000125e+02
2.314769276999999875e+03 2.028622609999999895e+02 -4.729201952999999889e+02
2.373845331999999871e+03 2.846727480000000128e+02 -2.378255543999999873e+02
2.389276988999999958e+03 5.899067821999999524e+02 -1.874675300000000107e+02
2.505825866000000133e+03 5.021560456999999928e+02 -4.353973712000000091e+02
2.684874459999999999e+03 8.515147924999999987e+02 -2.602953142000000071e+02
3.000542343000000074e+03 1.415247913999999980e+02 -2.204409305000000074e+02
2.718059560000000147e+03 5.917515392999999904e+02 -2.482122407999999893e+02
2.326752696999999898e+03 4.983905300000000125e+02 -3.685065842999999859e+02
2.857342406000000210e+03 1.075418573000000038e+02 -5.350839951999999755e+01
2.436580489999999827e+03 3.587220338999999854e+02 -4.733219071999999983e+02
2.888135838000000149e+03 3.164556564000000094e+02 -1.199344624000000010e+02
2.741022390000000087e+03 2.399781772000000046e+02 -9.400770570999999620e+01
2.724204983000000084e+03 -4.597058069999999930e+01 -1.982258683999999960e+02
2.521465604999999869e+03 9.128479975999999851e+02 -3.477482216000000221e+02
2.514736770999999862e+03 -1.854656834000000032e+01 -4.889669779000000176e+02
2.629998199000000113e+03 4.422539687999999956e+02 -2.582079337999999780e+02
2.780597435000000132e+03 -1.802205645999999888e+02 -4.428385806000000002e+02
2.771333928000000014e+03 1.989309233000000177e+01 -1.914576696000000027e+02
2.362870240000000194e+03 4.688070614999999748e+02 -3.861012608999999998e+02
2.762531249000000116e+03 3.990684946999999738e+02 -1.818194686000000004e+01
2.508930396000000201e+03 1.215872044000000045e+02 -1.995038710999999978e+02
2.423439868999999817e+03 4.635632497999999941e+02 -4.854311283000000117e+02
2.700025588999999854e+03 3.045643129000000044e+02 -2.603686602000000150e+01
2.782082682000000204e+03 1.432807722000000012e+02 -1.553402178999999990e+02
2.935442356000000018e+03 -5.346369184000000274e+01 -1.483804796999999951e+02
2.431135995000000094e+03 1.515518251999999961e+02 -3.980030709000000115e+02
2.924508439000000180e+03 1.951948659999999904e+02 -2.968401478999999767e+02
2.750597577999999885e+03 3.563200654999999983e+02 -2.218761613000000068e+02
2.779652555000000120e+03 1.376059367000000009e+02 -1.111409572000000026e+02
2.519111856999999873e+03 4.978034759000000236e+02 -2.572974800999999729e+02
2.442582824000000073e+03 5.324079471999999669e+02 -3.613524780000000192e+02
2.484479788999999982e+03 6.961041639000000032e+02 -3.147768034000000057e+02
2.877848875000000135e+03 3.937755860999999982e+02 -1.928733512000000019e+02
2.499696057999999994e+03 4.308154443000000242e+02 -2.836287240999999995e+02
2.693761387999999897e+03 1.559086393000000044e+02 -4.674850476999999671e+01
2.560530474000000140e+03 1.419809938999999872e+02 -2.229067689000000030e+02
2.660469916999999896e+03 5.976110605000000078e+02 -2.699222422999999935e+02
2.636188289000000168e+03 3.184575889999999845e+02 -9.117720804999999373e+00
2.863539357999999993e+03 8.374704096000000675e+01 -1.570172401000000093e+02
2.633064061000000038e+03 -7.749908877000000196e+00 -3.452218328999999812e+02
2.596266250000000127e+03 6.642508924999999635e+02 -1.614047677000000078e+02
2.291104701000000205e+03 4.578742217999999866e+02 -4.353111554000000183e+02
2.742325659000000087e+03 2.758762467000000242e+02 -3.146673511000000190e+02
2.567408276000000114e+03 -5.221580125999999922e+01 -4.612726243999999838e+02
2.606096708000000035e+03 1.680405606999999861e+02 -3.778983293000000003e+02
2.287542269999999917e+03 3.618739259999999831e+02 -3.001763579999999934e+02
2.651922453000000132e+03 4.185615890999999920e+02 -2.997815676000000167e+02
2.339681077000000187e+03 4.977385436000000141e+02 -3.978995247999999947e+02
2.624810739000000012e+03 5.049209705999999755e+02 -1.259993869999999987e+02
3.088791537000000062e+03 3.390446594000000147e+00 -1.862755980000000022e+02
2.830203562000000147e+03 4.006108459999999809e+02 -1.443031726000000070e+01
2.486117198999999800e+03 1.775066215999999883e+02 -3.599529893000000129e+02
2.503461995999999999e+03 3.499709153000000015e+02 -2.074781973999999991e+02
2.568126748000000134e+03 7.178172336000000087e+02 -1.852775862999999958e+02
2.372794648000000052e+03 5.805742271000000301e+02 -4.735949449999999956e+02
2.629590604999999869e+03 6.333820914000000357e+02 -2.976083032000000230e+02
2.812692284000000200e+03 2.715469992000000161e+02 -8.255587922000000134e+00
2.564095362999999907e+03 2.313507732999999860e+02 -3.036900840999999787e+02
2.504885029999999915e+03 6.446992053000000169e+02 -2.007359104999999886e+02
2.406231425999999828e+03 2.802866359000000216e+02 -5.081487172000000214e+02
2.415816281999999774e+03 6.177151314999999840e+02 -3.810074073000000112e+02
2.960036313000000064e+03 1.379991250999999863e+02 -1.114569209000000001e+02
2.584550385999999889e+03 -3.138800983999999872e+01 -4.196883550000000014e+02
2.557667964000000211e+03 2.233419365000000028e+02 -6.945051508999999612e+01
2.923625931000000037e+03 1.972294483999999954e+02 4.206036504000000065e+01
2.781177223000000140e+03 -4.615757886000000099e+01 -4.348625624000000016e+02
2.834468058999999812e+03 4.921439785000000029e+02 -3.437661062000000101e+01
2.430764050000000225e+03 4.500164507000000071e+02 -3.564195035999999845e+02
2.815010279000000082e+03 4.255760298000000148e+02 -3.329707307000000327e+01
2.435753728000000137e+03 1.209555737000000022e+02 -2.564316499000000249e+02
2.695571613999999954e+03 1.660363371999999913e+02 -3.311060990999999945e+02
3.122174067999999806e+03 1.112513017999999931e+02 -1.551381695999999977e+02
2.674510228999999981e+03 4.392513796999999727e+02 -8.334507214999999292e+01
2.495048048000000108e+03 1.971618103000000133e+02 -2.075310039000000017e+02
2.586782009000000016e+03 8.647108360999999377e+01 -3.046478435999999874e+02
2.594230255999999827e+03 3.096965268000000151e+02 -1.133403126000000043e+02
2.619684299000000010e+03 7.080611549000000196e+02 -2.897561501000000135e+02
3.036378392000000076e+03 5.028232161999999903e+02 -6.438978745000000004e+01
2.620415589000000182e+03 7.367732737000000043e+02 -2.552001327000000117e+02
2.850918936999999914e+03 2.027346006999999872e+02 -1.332860740000000135e+02
2.574425545999999940e+03 3.008797946000000252e+02 -1.805835326000000123e+02
2.697506761000000097e+03 2.348853252000000111e+02 -2.196530539000000033e+02
2.470290824000000157e+03 4.313120657000000051e+02 -2.250585464000000115e+02
2.742309071000000131e+03 2.593180995999999894e+01 -1.776361679000000038e+02
2.848161810999999943e+03 3.965932311000000254e+02 -1.044671828999999974e+02
2.620274479000000156e+03 2.030985604999999907e+02 -1.216763734000000028e+02
2.737019157000000178e+03 2.549549533999999937e+02 -2.900552308000000039e+02
2.676404828000000180e+03 7.211757208000000219e+01 -1.440012893999999903e+02
2.990817087999999785e+03 7.157380503000000260e+01 -2.615400970000000029e+02
2.416693648999999823e+03 2.775809664999999882e+02 -2.596012380999999891e+02
2.397355864999999994e+03 1.617562216000000035e+02 -4.472725543999999900e+02
2.810322615000000042e+03 7.010057901000000413e+01 -2.075657519000000093e+02
2.350858129000000190e+03 1.455541790000000049e+02 -3.477847669000000224e+02
2.596546299000000090e+03 5.579848412999999709e+02 -2.135041440999999907e+01
2.466789925000000039e+03 1.338027605000000051e+02 -2.724568093999999974e+02
2.993973483000000215e+03 4.141713305000000105e+02 -7.206353394999999296e+01
2.543473924999999781e+03 5.559098728999999821e+02 -2.856999321999999779e+02
2.882770777000000180e+03 -5.499711990000000128e+01 -2.857502656999999999e+02
2.771532365000000027e+03 1.463228555999999969e+02 -3.242722714000000224e+02
2.460283777999999984e+03 1.723977351000000056e+02 -3.840790471000000252e+02
2.572112755000000107e+03 3.169941789000000085e+02 -1.579408618999999874e+02
2.501707829999999831e+03 1.579679889999999887e+02 -1.102328614000000044e+02
2.661184804999999869e+03 4.254677260000000274e+02 -2.775806367999999935e+01
2.765589613000000099e+03 -1.572954084000000137e+02 -3.751952001000000223e+02
2.774614708000000064e+03 6.930958327000000452e+01 -3.800560332999999957e+01
2.598113162999999986e+03 5.335705233999999564e+02 -2.314222306000000060e+02
2.366590740999999980e+03 4.392183474000000274e+02 -5.332088883999999780e+02
2.937321014000000105e+03 1.407276152999999965e+02 -1.413991451999999924e+02
2.626934573000000000e+03 1.173566753000000062e+02 -3.142144868999999971e+02
2.504784462000000076e+03 5.806559631999999738e+02 -1.705311374999999998e+02
3.178440480000000207e+03 -9.493166422000000049e-01 -2.919874583000000143e+02
2.341979427000000214e+03 1.906627058999999917e+02 -3.731565653000000111e+02
2.297185566000000108e+03 3.201894285999999852e+02 -3.216363579000000072e+02
2.781306137000000035e+03 4.280369776000000002e+02 -8.087697647999999617e+01
2.593006598999999824e+03 3.413666557999999895e+02 -1.450733931999999982e+02
2.478332465999999840e+03 4.313370348000000263e+02 -1.003543882000000025e+02
2.950514148000000205e+03 4.222459569999999758e+02 -6.412882955999999979e+01
2.324677670999999918e+03 4.460906059999999798e+02 -5.081372716999999852e+02
2.832833023000000139e+03 5.089099651999999878e+02 -1.473617340000000127e+02
2.600017602999999781e+03 -1.399912035000000117e+02 -3.799768073000000186e+02
2.787177302999999938e+03 -1.668016449000000136e+02 -3.241713045000000193e+02
2.841862798999999995e+03 6.582421279000000141e+02 -1.855008741000000043e+02
2.691649883999999929e+03 3.993552945999999793e+02 -2.697979563999999755e+02
2.654303331000000071e+03 5.724365480000000161e+02 -2.176560024999999996e+02
2.917770614999999907e+03 7.199332696000000453e+01 -1.027865785000000045e+02
2.717998987999999827e+03 8.796623409000000038e+01 -3.515216652999999951e+02
2.777459551999999803e+03 4.251516267000000084e+02 3.929381785000000349e+01
2.289280413999999837e+03 3.404791280000000029e+02 -3.513138999999999896e+02
2.634760561999999936e+03 5.871132099999999632e+00 -1.696683275000000037e+02
3.064052177000000029e+03 4.548306730000000186e+01 -2.356275717000000043e+02
2.791238358000000062e+03 2.993588230999999951e+02 -6.187604078999999757e+01
2.690365287999999964e+03 4.050832596999999851e+02 -2.885883838999999966e+02
2.610907377999999881e+03 -1.534596970000000056e+02 -4.681633011000000124e+02
2.501004210000000057e+03 7.366393331000000444e+02 -1.353795486999999866e+02
3.002525082999999995e+03 -1.456866583999999989e+02 -3.301905227999999966e+02
2.849968624999999975e+03 3.795302186999999776e+02 -1.034283678000000037e+02
2.616064382000000023e+03 6.202525312999999869e+02 -3.500492260999999985e+02
2.628376369000000068e+03 1.633504232999999886e+02 -1.289147505999999908e+02
2.328887380000000121e+03 3.021613603999999782e+02 -4.888510545999999977e+02
2.809537846000000172e+03 3.412096349000000259e+02 -2.300465949999999964e+02
2.560248122999999850e+03 5.112171784000000230e+02 -1.695120770999999849e+01
2.402147058999999899e+03 5.343372329000000036e+02 -3.833622895999999969e+02
2.906385451000000103e+03 1.939767999999999972e+02 -1.085703526000000068e+02
2.692425421999999799e+03 9.230200607999999818e+01 -7.018707408000000214e+01
2.570642062999999780e+03 8.073599038999999777e+01 -2.290296755999999903e+02
2.670999239000000216e+03 4.414064893999999981e+02 -8.719030032999999946e+01
2.632414604999999938e+03 8.662414212999999563e+02 -2.832936487000000056e+02
2.801336980999999923e+03 5.001933561000000168e+02 -1.318087012999999956e+02
2.683797692999999981e+03 -1.536012177000000065e+02 -4.877801590999999917e+02
2.606660625999999866e+03 6.883551548000000366e+02 -1.415134248999999897e+02
2.984286074999999983e+03 4.840673648000000071e+02 -7.230083277999999325e+01
2.729486962999999832e+03 1.520502347999999984e+02 -3.035433797000000027e+02
2.725375493999999890e+03 1.073774995999999931e+02 -1.062926614999999941e+02
2.452394582999999784e+03 5.302809128999999757e+02 -1.304773806999999977e+02
2.758765522000000146e+03 4.623523907000000008e+02 -1.505103100999999981e+02
2.893979893000000175e+03 1.205495494000000036e+02 -2.226685187999999869e+02
2.417766085000000203e+03 3.583735679999999775e+02 -1.471066356000000042e+02
2.330824490999999853e+03 1.763739739000000100e+02 -4.082090516999999750e+02
2.583328442999999879e+03 3.220826837000000182e+02 -1.425236069999999984e+02
2.423950471000000107e+03 2.832470468000000210e+02 -1.990279721999999936e+02
2.599829129000000194e+03 4.191559247999999798e+02 -1.533843894000000034e+02
2.814111485999999786e+03 2.944310568999999873e+02 3.045550984999999855e+01
2.935373290999999881e+03 1.147191212999999976e+02 -3.080989936999999941e+02
2.685458261000000221e+03 2.495387385000000080e+01 -1.683338872999999865e+02
2.604455062999999882e+03 1.698035185999999896e+02 -1.092388784000000044e+02
2.460019185000000107e+03 5.967566033000000516e+02 -3.047002335999999900e+02
2.453415712999999869e+03 3.405307346000000166e+02 -1.737276598999999919e+02
2.516402990000000045e+03 1.387951228000000015e+02 -4.391829831000000013e+02
2.328479691999999886e+03 2.859011719000000085e+02 -2.730393647000000215e+02
2.590414639000000079e+03 6.847318553999999722e+02 -2.224492921000000081e+02
2.876537076000000070e+03 -1.789880923000000053e+02 -4.701366348000000244e+02
2.887512169000000085e+03 -1.018098252000000059e+02 -2.896325845999999729e+02
2.400407811999999922e+03 8.284094165999999859e+02 -2.723582589999999755e+02
3.116928218000000015e+03 1.623317855999999892e+02 -2.152537561000000039e+02
2.472444176999999854e+03 2.162069913999999926e+02 -1.658271933999999987e+02
2.598041431000000102e+03 7.215676988000000165e+02 -3.365124281000000224e+02
2.748116457000000082e+03 5.150144715999999789e+02 -1.408248230000000092e+02
2.882444286999999804e+03 4.033318039999999769e+02 -9.315579511999999340e+01
2.459183795999999802e+03 5.148405858999999509e+02 -1.830860116999999931e+01
2.668976161999999931e+03 2.304823249000000089e+02 -1.179762427000000002e+02
2.759202693000000181e+03 1.730386708999999996e+02 -1.982330404999999871e+02
2.374713671999999860e+03 3.691124355000000037e+02 -2.333076912999999877e+02
2.625803631000000223e+03 4.505872948999999750e+01 -1.793440559000000007e+02
2.601284990000000107e+03 7.374726345000000265e+02 -2.588478157999999780e+02
2.560168353999999908e+03 5.787155987999999525e+02 -1.421661450000000002e+02
2.800186393999999837e+03 5.167800395999999807e+01 -1.506160041999999919e+02
2.912117726999999832e+03 3.570205540000000042e+02 -1.251075356999999997e+02
2.665513515000000098e+03 1.618583562999999970e+02 -1.391619694000000038e+02
2.523368762999999944e+03 4.784011960999999928e+02 -3.635135324999999966e+02
2.841825565000000097e+03 -5.732751174999999932e+01 -3.035437186999999994e+02
2.692126024000000143e+03 3.920774680999999759e+02 -1.721299249999999859e+01
2.503842422000000170e+03 1.654905427999999858e+02 -3.949010172999999781e+02
2.627726502999999866e+03 3.196060959000000068e+01 -1.782225579999999923e+02
2.765803371999999854e+03 4.094827377999999953e+02 -8.005482641000000399e+01
2.806209011999999802e+03 1.909750980999999967e+02 -2.218164341000000093e+02
2.814064954999999827e+03 2.320934309000000084e+01 -1.300684004000000016e+02
2.888253223000000162e+03 6.216181708999999778e+00 -1.124808945999999992e+02
2.469240441999999803e+03 1.416503285999999946e+02 -3.133375278999999978e+02
2.714683965000000171e+03 5.951253315999999813e+02 -2.233939388999999949e+02
2.586887129000000186e+03 2.325617667999999867e+02 -2.350312857000000122e+02
2.659341749000000164e+03 5.777035120000000461e+02 1.987454354000000034e+00
2.436431263999999828e+03 2.920119927999999732e+02 -1.284068986000000052e+02
2.703091367999999875e+03 3.530166985000000182e+02 -2.200861621999999898e+02
2.336895285000000058e+03 3.454247043999999960e+02 -4.058556747999999743e+02
2.599236606999999822e+03 4.726057187000000113e+02 -2.885112072000000012e+02
2.826202013999999963e+03 2.865595035000000053e+02 -1.760716525999999931e+02
2.718299571999999898e+03 3.912047597000000110e+02 -2.117521627000000137e+02
2.563740647999999965e+03 2.872288005999999996e+02 -1.011537419000000000e+02
2.534048154000000068e+03 7.951603765999999496e+02 -2.222921819999999968e+02
2.754209311999999954e+03 4.282143025999999963e+02 -1.512937460000000023e+01
2.730939754999999877e+03 3.938209598000000256e+02 -2.436442802999999913e+02
2.895270919000000049e+03 5.458056333999999765e+01 -1.135973998000000051e+02
2.563433390000000145e+03 2.735115606000000099e+01 -3.750888678000000027e+02
2.821780710999999883e+03 3.277013514000000214e+02 -4.548725756999999703e+01
2.934606706999999915e+03 2.124695748999999978e+02 -1.174517711000000020e+02
2.910054806999999983e+03 4.307003551999999900e+02 2.754511469999999917e+01
2.945455548999999792e+03 4.509951682999999889e+02 -3.219901904999999687e+01
2.922058043999999882e+03 1.949276730999999927e+02 -2.980387200000000121e+02
2.353922210000000177e+03 4.183377820000000042e+02 -4.799580723000000262e+02
2.316973679000000175e+03 2.735254370000000108e+02 -3.808130352000000016e+02
2.599788570000000163e+03 1.750517474000000107e+02 -2.876102935999999772e+02
2.800243969999999990e+03 4.006377423999999792e+02 -7.738332885000000161e+00
2.540844103999999788e+03 4.747787968000000092e+02 -2.780939586000000077e+02
2.487188696000000164e+03 4.426247124000000213e+02 -1.212220585999999969e+02
2.589621869999999944e+03 6.249958812999999509e+02 -2.329842658000000029e+02
2.962601059999999961e+03 1.693743497000000104e+02 -1.275240636999999992e+02
2.478544995000000199e+03 2.570334500999999818e+02 -1.061230728999999968e+02
2.325222922999999810e+03 1.706622585000000072e+02 -3.262326974000000064e+02
2.401137639999999919e+03 2.286758471999999927e+02 -1.699369686000000002e+02
2.663795157000000017e+03 3.426407275999999769e+01 -2.116901929999999936e+02
2.836149820000000091e+03 4.217170274000000063e+02 -1.056258870999999999e+02
2.637889733999999862e+03 8.002801345000000310e+02 -2.646864886000000183e+02
2.324992211000000225e+03 1.672885123000000078e+02 -4.270504846000000043e+02
2.821495171000000028e+03 2.930170218000000091e+02 -2.325104359000000045e+02
2.998992295999999897e+03 8.399864616000000694e+01 -2.614310451000000057e+02
2.418242013000000043e+03 1.272007428000000004e+02 -3.639813527000000022e+02
2.826481804000000011e+03 2.102337956000000077e+02 -1.578173502999999869e+02
2.363319773000000168e+03 2.877756431999999904e+02 -5.119869376999999986e+02
2.765316674000000148e+03 5.707228089999999838e+02 -7.453329078000000152e+01
2.616225402999999915e+03 1.616990529999999922e+02 -3.361159094999999866e+02
2.344190664000000197e+03 2.514486689000000013e+02 -3.415205336000000216e+02
2.323839018000000124e+03 5.812106204000000389e+02 -3.243462001999999984e+02
2.608936932999999954e+03 3.550999276000000009e+02 -1.352478951999999879e+02
3.103642084999999952e+03 -1.487459407999999996e+02 -3.124001943000000097e+02
2.495212399999999889e+03 5.702694188000000395e+02 -2.321485509000000036e+02
2.619642651000000114e+03 4.026858415000000235e+01 -1.163183482000000026e+02
2.622470949999999903e+03 5.389396614999999713e+01 -4.237991761000000110e+02
2.744463738999999805e+03 3.678973609999999894e+02 3.153491968999999884e+01
2.575703341999999793e+03 5.432033930999999711e+02 -8.286834729000000266e+01
2.733514897000000019e+03 1.273078139999999934e+02 -3.327758517999999981e+02
2.750895259999999780e+03 8.232669898000000330e+02 -1.627040192999999988e+02
2.367819179999999960e+03 4.900647647000000120e+02 -3.957926461000000131e+02
2.562323978999999781e+03 7.382766481999999542e+02 -3.872064412999999945e+02
2.598948663000000124e+03 -9.936120701000000111e+01 -5.101603455000000054e+02
2.487215352000000166e+03 4.194797992000000022e+02 -3.654590451999999914e+02
2.422303750999999920e+03 4.429060397999999736e+02 -3.577311710999999832e+02
2.941983400999999958e+03 4.199688871999999833e+02 -1.683539396000000110e+01
2.537948448000000099e+03 -1.847943147999999880e+01 -4.094490453999999886e+02
2.508272343000000092e+03 1.298571332000000078e+00 -4.482801916999999889e+02
2.499233623999999963e+03 2.949221923999999717e+02 -2.349960063000000048e+02
2.818172446000000036e+03 3.595636051000000180e+02 -1.336559886000000006e+02
2.867273529999999937e+03 2.402064574000000050e+02 1.683980383000000103e+01
2.952468056000000161e+03 2.479519526999999925e+02 -1.243608559999999983e+02
2.756267169000000195e+03 -1.473738817999999995e+01 -3.046812727999999879e+02
2.438803327999999965e+03 1.905207876000000056e+02 -1.919213613999999950e+02
2.711881328999999823e+03 4.719144183000000226e+02 -1.080895890000000037e+02
3.067453367999999955e+03 8.468663100999999926e+01 -4.128529345999999833e+01
2.747108881000000110e+03 7.785276459000000671e+01 -1.004095977000000062e+02
2.422816178999999920e+03 4.898408703000000060e+02 -1.613037702999999965e+02
2.683059721999999965e+03 4.321336618999999928e+02 -1.125990728999999959e+02
2.423033562000000074e+03 4.050333875000000035e+02 -3.031943081000000006e+02
3.074979636000000028e+03 -1.362523913999999934e+02 -2.692973071000000118e+02
2.487300392999999985e+03 6.112046901999999591e+02 -2.241434886000000120e+02
2.307505735000000186e+03 2.826641088000000082e+02 -3.626515618000000245e+02
2.810245058999999856e+03 3.497717535000000311e+01 -3.920325265999999829e+02
2.394161329999999907e+03 7.144488205000000107e+02 -2.347408739999999909e+02
2.878589813000000049e+03 4.085620354000000134e+02 -1.625330194999999947e+02
