-1.763910776877442022e-02 1.090070941881286528e-07 -3.383147853888152762e-04
7.905144411042253072e-02 1.509689760481551985e-07 -2.460401988594180774e-04
1.947369662620990205e-03 1.546959143949213329e-07 -3.085982004664201452e-04
1.048212720086020289e-01 1.964811491592993775e-07 -2.177203599746260038e-04
-7.939271381006185457e-02 8.382840957482496269e-08 -1.447203898619539282e-04
1.313265470933000501e-02 1.749720912644021808e-07 -3.725015427352409351e-04
3.706332552444935313e-02 -3.531650458452040136e-09 -2.110678176507509564e-04
6.767390032430475877e-02 1.285236935924013616e-07 -3.650433274852945870e-04
8.057664488991811425e-03 7.980095538287070751e-08 -1.860741907174584759e-04
7.009404921532247368e-02 1.574357185495577461e-07 -3.359283065655454506e-04
-4.168997952956177144e-02 6.422394354243607282e-08 -3.528544739551592378e-04
2.504115749920177159e-02 7.235863117794520214e-08 -3.801685567645800333e-04
5.408608063221098661e-02 1.425634590637749121e-07 -3.803834218122258614e-04
-3.737965919168384499e-02 3.689772087669035073e-08 -2.607545989831334694e-04
-1.339043087940494647e-02 2.020492644303208908e-07 -7.586209027510043730e-05
-1.690199909467371420e-02 1.357662823600978630e-07 -2.610431326849126728e-04
-5.963894085049814553e-02 1.556035901132601800e-07 -2.739703872742751565e-04
2.916978723487195779e-02 1.517368379242245901e-07 -3.728683433526553304e-04
-4.394933048131188791e-02 1.705208889190673549e-08 -2.024373085679938289e-04
9.929045640096445524e-03 1.034624133740699521e-07 -3.818253753982942889e-04
-4.523668144954939851e-02 1.231001845170771286e-07 -1.774720830554486653e-04
6.297571729009598940e-02 7.873129715159133995e-08 -3.535895278375535784e-04
-1.879112025357332350e-02 1.425764956464201433e-07 -2.141560099629628692e-04
-6.024776529736375341e-02 1.109669749428019485e-07 -6.184216574949322719e-05
2.661532132812327589e-02 5.472389748076182336e-08 -3.417569470045085829e-04
8.027628593303526294e-03 1.223710370467068323e-07 -2.913832312591481009e-04
2.247783976113737481e-02 2.141331406569824517e-07 -1.056160197819665377e-04
8.072135166499538883e-02 1.696767485675515447e-07 -2.207671968997433317e-04
-9.293379405794510717e-02 1.272302096958919340e-07 -2.610385549702059159e-04
-4.200213484394987873e-02 5.491725372231704621e-08 -2.923466980718913305e-04
2.320297608192589678e-02 7.590220156594380792e-08 -3.686603217436410992e-04
3.941263576724940432e-02 2.093334017202115394e-08 -2.415776836569932481e-04
-9.929349436444090404e-02 4.312635522661376784e-08 -9.525199568365100679e-05
2.890130585113670492e-04 6.411800816831368671e-08 -3.895820864846124654e-04
6.763199264137098599e-02 3.746242529055417954e-08 -2.763888532875957704e-04
5.365253204574638168e-02 2.054391168018664123e-07 -2.045569675153108941e-04
-2.320030814254414597e-02 1.346229514958642921e-07 -2.577976081162566629e-04
5.832985750883090681e-03 1.526316443243196433e-07 -2.669847916531463070e-04
2.083718496529107789e-02 1.773067393465976436e-07 -2.424479120964884702e-04
-4.047245589467929339e-02 9.496127979177645388e-08 -1.557781227203508068e-04
1.133472007796920700e-02 1.127777182158039592e-07 -4.163060259904892424e-04
-4.093174621091932863e-02 6.815853281060733242e-08 -2.327858904751544441e-04
-2.617878144755947378e-02 1.087119282176819530e-07 -2.801906380880808396e-04
2.792477794993242224e-02 1.776262496224099030e-07 -2.713353749836963191e-04
1.331833430980100541e-02 1.003660951297381447e-07 -2.571641046101997815e-04
2.217370175178867697e-02 1.011474351806354823e-07 -4.320505135122199546e-04
-1.842464617224925938e-03 2.066267168839873967e-08 -3.279187280910966502e-04
-9.224701788736666686e-02 5.565264027868785523e-08 -2.285306204606198761e-04
6.209374019002678047e-03 1.999126131596817749e-07 -2.172514702906782919e-04
-9.863479268521269105e-03 5.366677349463700328e-08 -2.643592318740682124e-04
1.504157386660209816e-03 2.230427844539946478e-09 -2.572896153873025947e-04
1.100069478540408596e-01 1.783267878619285784e-07 -3.951107867842526609e-04
6.056082730424106053e-02 1.518578904165218148e-07 -4.481100173473308106e-04
-2.089792122979217126e-02 1.051418045262692528e-07 -1.112213621329776825e-04
-3.183925453328595445e-02 8.408610838966020677e-08 -2.456385372771090962e-04
5.467896852882070391e-03 8.511852630735169899e-08 -3.403419861221681077e-04
6.951254597573541805e-02 5.053846602997077386e-08 -3.481672437142946516e-04
-9.775901344158066664e-03 1.972500943011285172e-07 -1.420552819720485014e-04
4.955461405154470977e-02 1.905814828130129600e-07 -2.348999585088674936e-04
3.840240573280995218e-02 7.667625391430234094e-08 -3.287094407669276762e-04
-8.092376728841221833e-03 1.664079987095720297e-07 -1.189912250300374232e-04
1.182591965109591747e-01 1.096081885751330864e-07 -4.673972385969006843e-04
2.905113302183870427e-02 7.849041610245879638e-08 -2.036394271402441067e-04
-1.959466376700047530e-02 1.191420360716676899e-07 -2.831837267318715692e-04
3.327296935736523409e-02 1.788229594247165037e-07 -2.491641700084151843e-04
-1.021670653702888565e-02 1.773191025523984399e-07 -8.128674097366002751e-05
8.688611157119274786e-02 1.156005492504144341e-07 -4.270048105245856872e-04
6.859946956329165957e-02 8.636880264992437729e-08 -2.531448499417069276e-04
1.112578250181405215e-01 2.069756477959642488e-07 -3.450140303623074360e-04
-4.046663421240304093e-02 5.503364838423068381e-08 -9.571415375503734661e-05
-9.797812207169698251e-02 1.188443184196269289e-07 -1.842401537393702855e-04
-7.251350097901620995e-02 7.583473620723138735e-08 -3.362666737103696055e-04
2.499492163601235717e-02 4.682759646481060310e-09 -2.633608807767924553e-04
-8.771032515450605249e-02 1.097660146256404943e-07 -1.576934425730569338e-04
-2.865513871498248655e-02 8.694126631097407412e-08 -3.741680239293412283e-04
6.344051417921336977e-02 1.982281077241473505e-07 -3.366017511552705913e-04
-2.687776464430047252e-02 8.783072559792993685e-08 -2.830010489971629449e-04
1.619046974198867783e-02 1.322875272926759506e-08 -2.904384791993058464e-04
-5.611364509177951820e-02 6.569011259935190805e-08 -2.661153195039582661e-04
-6.902262953736781892e-02 1.203761860322671958e-07 -2.456496558396047028e-04
5.176455084120523686e-02 8.219128869450361872e-08 -4.522105713022472450e-04
-4.269444413790401960e-03 6.531249087499713135e-08 -2.100814058077672285e-04
-9.963099739652958586e-02 1.206074909523453940e-07 -1.119956012426197246e-04
6.534670738188341765e-02 -1.169200541290007171e-08 -3.528477064328746997e-04
6.613507483640346241e-02 1.253608179657875798e-07 -2.847290133186534218e-04
7.316568426085501287e-02 1.569673326409469115e-07 -2.965336775212067013e-04
-2.014151399317110069e-02 1.813225247852071478e-07 -6.874701844498753251e-05
-5.621205067880097328e-02 1.298772588146940516e-07 -1.414631065610975490e-04
6.669757698459233275e-02 1.511643072354792272e-07 -2.707186533950367850e-04
-1.275628853533916640e-02 5.211545681003432336e-08 -1.951470162703822654e-04
8.932110069523679918e-02 1.974870544469660886e-07 -2.057510417290001677e-04
3.271753876520233639e-02 5.350726632660473029e-08 -2.126037291352749273e-04
-9.809467059729881644e-02 7.438303055121285926e-08 -9.041489055831484177e-05
3.507991865044657320e-02 -3.811791221896621191e-08 -1.525921342714376696e-04
8.255454826665120649e-03 9.959415573242593991e-08 -3.602107432023923372e-04
-5.948368202477727351e-02 7.417063624665062022e-08 -1.878110529522779195e-04
-2.902071525123017803e-02 9.765575697753686133e-08 -2.328193578593990096e-04
-5.745175153575987625e-02 1.083608991950108644e-07 -2.631982712290769277e-04
6.033545926649497293e-02 1.200402521501259449e-07 -3.415800109411930123e-04
2.104458806734266219e-03 1.434282165216388034e-07 -3.879367177200420021e-04
-1.779840248116426604e-02 7.271751379880933332e-08 -3.787206505378648753e-04
-3.364799139044738485e-02 9.785661479684120603e-08 -4.093659812778180839e-04
-9.917307696935440120e-03 6.256321822737593531e-08 -1.648365514700422037e-04
-4.731030610660003077e-02 9.537176054300375028e-08 -1.368838956217223446e-04
-4.870082625821392508e-02 1.484929746284417916e-07 -1.251008170022380574e-04
-9.908130357545508193e-02 1.111791004774143294e-07 -2.483973167007550039e-04
-8.037303751590618717e-03 1.981641191754254551e-07 -6.463716851511650463e-05
-7.368440855231628284e-02 1.164434200315286383e-07 -2.152071901947958136e-04
-6.533578469026368740e-02 5.860405403661396253e-08 -2.245741240372179780e-04
1.025084134811016234e-02 7.084257809700886923e-08 -3.649954653904577363e-04
-4.385573786567265042e-02 1.382244052014785069e-07 -2.895978619191426112e-04
-3.907714397442219045e-02 7.435461728076264284e-08 -2.947771625844957527e-04
8.377722479675964173e-02 9.421512323782912652e-08 -3.160358489699315650e-04
2.542808338371749244e-02 1.096068718505881483e-07 -2.962321498242282249e-04
1.887116598650528942e-02 -6.759364065424065232e-09 -2.902849173220999816e-04
1.659460220513220285e-03 7.409322596999279876e-08 -1.750253353327085534e-04
-7.683418566195154842e-02 9.937136821599552748e-08 -9.294392849971944669e-05
7.650897892197294770e-02 7.411757030121127303e-08 -3.379637397830048641e-04
-6.496731036129277381e-02 1.648110242085156494e-07 -6.504847434995959842e-05
2.504343258351027224e-02 1.627358226958209150e-07 -3.375737515048595101e-04
1.311564685904453853e-02 1.988209632121984579e-07 -1.870017968157429791e-04
3.856787647117287943e-02 1.210757029412330126e-07 -2.580228938889662688e-04
-5.587292763186890721e-02 5.771276950520667150e-08 -3.308567401024594930e-04
-2.593158346746138321e-02 1.166877847145550650e-08 -2.631368113132425768e-04
7.078164671322340062e-02 1.024778334991760795e-07 -2.730029916454490232e-04
1.968506818259785351e-02 1.746243562748354140e-07 -2.168369845237565555e-04
-1.499676247258829864e-02 7.146463988488744434e-08 -2.485099950298525146e-04
9.864304687915659287e-03 1.101055225410559600e-07 -2.011894731657141847e-04
1.079318238050164247e-02 5.550649648102897857e-08 -3.973790428434336125e-04
-4.958248009317900440e-02 1.348791565448958811e-07 -2.746684194524228752e-04
7.916959425637970504e-02 1.677853815459053716e-07 -2.359274766149044777e-04
-6.010499524653878378e-02 1.092664775189191084e-07 -1.824392943485922457e-04
-4.982551606153517998e-02 9.196558501509077323e-08 -2.641715341280693585e-04
-1.274945892310141993e-03 1.029865807239915842e-07 -2.558690893836136691e-04
2.936733985833972493e-02 1.685217390204559628e-07 -2.701493318484425154e-04
1.325737105061889354e-01 1.975742355438108471e-07 -2.832749768062303285e-04
1.312621556856028437e-01 1.290068875621235939e-07 -4.525963264392667733e-04
5.597188014265042089e-02 -1.375460245620995546e-08 -2.409349833573737408e-04
4.363747851604060646e-02 3.257202827050311939e-08 -3.230262254535584037e-04
1.356978710186307335e-02 8.951907782215791611e-08 -2.764058272560755117e-04
-1.563680387545207662e-02 2.464929611335560654e-08 -2.763531120158188364e-04
-5.208015410547717217e-02 1.802175568447206634e-07 -1.511206040023004352e-04
1.958525922847320633e-02 1.137667770305090156e-07 -2.628893420764530841e-04
-2.751935656291493171e-02 1.268678698514922013e-07 -2.111442033794579110e-04
1.821298415829786244e-03 1.830007943143539702e-07 -2.563125791777858312e-04
1.323696415124142600e-02 1.805514796271171251e-07 -2.188095281642285376e-04
1.017055137814781851e-02 1.162482007339005342e-07 -2.612689366546144852e-04
5.467697170799568074e-02 1.898556631256551122e-07 -3.352035822302161430e-04
8.977579634911514450e-02 1.727027103441801268e-07 -2.659586298788149086e-04
2.827462587406959216e-03 1.115232750141651607e-07 -3.575004676461629666e-04
1.346988408954450378e-01 1.570858719693016931e-07 -3.109424685916470713e-04
3.906854323432185083e-03 5.580277164348853775e-08 -3.712402443399663403e-04
-5.252096080332679939e-02 6.438429009160271803e-08 -2.759309770275356673e-04
1.109024082049236970e-02 8.094761110735305802e-08 -2.407091137070154581e-04
7.798719810300847044e-02 1.494540095476149157e-07 -3.393490604981728434e-04
5.466669769544518775e-02 9.848994996485368581e-08 -2.339426856619174655e-04
2.730889867075170230e-02 1.882823284776859149e-07 -1.032071229211589723e-04
1.657768543723181498e-02 8.666758853342973858e-08 -2.741255720866592497e-04
4.307784402144032576e-02 -2.944722017172660895e-08 -2.244612297234192333e-04
-4.208920333303434180e-02 3.252124792327334373e-08 -2.413962799597150826e-04
1.089193922135600623e-01 1.121226948162291442e-07 -4.624402425722519958e-04
-7.892786120707684372e-02 3.563104826449028483e-08 -6.109508117130751969e-05
5.743317893580623945e-03 4.874922748043796602e-08 -3.800110463142422406e-04
1.081078683677592078e-01 9.611132389664607561e-08 -4.872624180702809474e-04
-1.953844135650395497e-02 4.261865998511435894e-08 -2.545119555314015783e-04
-2.313540848514217263e-02 -2.049524609921529338e-08 -1.391543649023605552e-04
8.868345617978334872e-03 2.032414061018127815e-07 -1.417245240289055012e-04
-3.221627669221605039e-02 1.697809343774135313e-07 -3.371819131282548492e-04
-4.260693506569535050e-02 3.201873235776972760e-08 -2.518480081192443092e-04
-5.430253699973075499e-02 2.631697166105578346e-08 -2.253549324337976922e-04
1.052310039861015234e-01 1.126420304865858455e-07 -3.728623785621577587e-04
-5.424640190535978679e-02 7.523806582659983846e-08 -2.157268027830371634e-04
5.532212513057332970e-02 1.757587907552991318e-07 -4.185555274031480433e-04
1.387545451117030426e-01 -1.250245319172498665e-08 -3.071178892951143078e-04
3.023153766075747928e-02 9.150475513499374098e-08 -2.036567360017917420e-04
7.109436662231605197e-02 1.759040518615684936e-07 -3.832725837665458849e-04
-1.937015494959115625e-02 8.955758127943750842e-08 -1.595733136690726884e-04
2.753965269390890036e-02 1.221356044351832362e-07 -3.330423487753210432e-04
3.335867692937688478e-02 1.632144449874417782e-07 -1.451840936251205122e-04
-1.081598311930194178e-01 1.227451088873396714e-07 -1.515943850956664139e-04
1.066059777951030574e-01 1.960200718585843827e-07 -2.459050405614866082e-04
1.258076705467270351e-01 8.517030580031255105e-08 -4.293169709174363548e-04
-3.305251988933688434e-02 3.555978679519846171e-08 -3.324314600463487289e-04
-1.319564577527709837e-02 9.942089089966053565e-09 -1.751275039005572589e-04
1.691395101454840066e-02 1.241469095061221912e-07 -3.569477994138610995e-04
-6.831155723143911285e-02 8.405529725569309395e-08 -2.555724801157575605e-04
-8.533512820903477181e-02 5.600182318538947313e-08 -2.656614680526717511e-04
9.831852516925421170e-02 1.513019412843224756e-07 -4.369704129066001455e-04
2.150067775305120055e-02 7.169688019917197392e-08 -2.436718001201664029e-04
-3.083637825353990891e-02 1.498428669091063447e-07 -2.648080237842971802e-04
8.552094733072856947e-02 1.073635348236729281e-07 -4.335522390829410250e-04
1.055695930816568096e-01 1.755876970239570660e-07 -3.250269370639572060e-04
6.298011636619627041e-02 1.852210537926904848e-07 -2.946220132930030635e-04
7.818183559449787268e-02 1.476596471293642219e-07 -3.291632812877131665e-04
1.054770279648952203e-01 2.106644522979009166e-07 -2.283948915221593011e-04
4.629695029843849952e-02 4.304263186081215021e-08 -3.641686120072396460e-04
-1.141899748079666654e-02 3.025546183310082359e-08 -2.099570020061164465e-04
-1.006958991802076042e-02 1.843959882787653606e-07 -9.446848138061354327e-05
1.343526913435111325e-02 1.477236396151661157e-07 -3.525259478059520127e-04
5.346479597928921468e-02 1.858755044382194207e-07 -1.807198921426027424e-04
7.984034084217839222e-02 1.493076813336921602e-07 -4.664974388066837679e-04
9.747466121400805150e-02 6.727279853173606788e-08 -4.128930799509326530e-04
-1.043409540680758640e-01 1.344295277920705127e-07 -1.283962496370603403e-04
9.723387277362416370e-02 1.202826865672711120e-07 -5.095555128003866497e-04
1.564281860525578161e-01 1.504762490477324839e-07 -3.067519409282657133e-04
-3.426568547758923611e-02 8.947378305618809400e-08 -3.897801054457139536e-04
8.108382137189396044e-02 1.284071255228348683e-07 -3.183123982522113307e-04
4.552966095092259025e-02 1.140370948703051386e-07 -3.462345498385057860e-04
1.510790749556911727e-02 9.544000924925792645e-08 -2.598545385259987063e-04
2.777607182870078795e-02 6.867383007192020646e-08 -3.364156158313892035e-04
9.091108702357542093e-02 1.410278320767472565e-07 -2.785390555823894507e-04
-3.473535571105446085e-02 1.967840961697459597e-07 -8.519417147351675290e-05
3.504354767557860129e-02 2.168306464770938792e-07 -3.282018580822976782e-04
-5.257431824210068161e-02 2.813725318684168437e-08 -1.405026564803592813e-04
1.205249649117901001e-02 1.052725841812691060e-07 -4.234006303423145778e-04
3.918533872134122298e-02 1.282988431004498912e-07 -1.831958346305016577e-04
-9.263835516501406353e-02 7.744851521809896179e-08 -1.687487673390880268e-04
-6.596072364602612037e-02 1.598475226772459899e-07 -2.001807752309161885e-04
8.793959457665756485e-02 1.298451158432097872e-07 -3.354023329686402883e-04
7.751185014785466620e-02 9.385914522852704416e-08 -4.087753277170696293e-04
9.731841449446887449e-02 1.664465752630277663e-07 -2.566185051320838545e-04
-7.540843921213236101e-03 1.384428916011584924e-07 -3.321572867783781423e-04
1.354738793134535602e-02 1.646129444667625101e-07 -1.306788375285983521e-04
-4.835518474665079225e-02 1.318036647968895024e-07 -2.704437698264911677e-04
1.224579607446734109e-01 7.852165299034744267e-08 -4.658697015091024297e-04
4.309753133642579837e-02 1.165025355742198891e-07 -2.911788544012200853e-04
-1.283212318730508894e-02 4.057154186113180755e-08 -2.472787804553701709e-04
1.698089236750788267e-02 2.796675517545112530e-08 -2.747163372982476450e-04
-7.091688666481910097e-02 1.132038462540917752e-07 -1.607681933335325765e-04
8.464627375735434001e-02 1.761118403806963750e-07 -2.011026988823541833e-04
1.386092378920991131e-01 7.863224215972729580e-08 -4.146196689918362887e-04
-3.007584524499051781e-02 1.655057838275694339e-07 -2.597288028471689313e-04
-1.310347963717284347e-02 3.016385043629870684e-08 -2.103939176886435983e-04
-8.024299588252570281e-03 1.993043593832722983e-07 -6.794391190803085456e-05
2.627783478222456282e-03 7.628397470610121826e-08 -3.071957371323738735e-04
4.888287099521049228e-02 2.028762690601277118e-07 -1.831663896117776151e-04
-8.009382519842234149e-02 6.245865218351692607e-08 -5.729160894510040326e-05
-8.234729661988160476e-02 1.071855485895742183e-07 -2.852696563239453826e-04
-3.167304709029816756e-02 1.409527421459500919e-09 -1.470366294531615158e-04
-1.094263194941624828e-02 1.221217922857202404e-08 -3.097013037715145699e-04
3.176137608079787622e-02 1.413708686757685764e-07 -1.761427685551815274e-04
-2.341711806091117953e-02 6.777226245632655006e-08 -2.551496371617093862e-04
-4.737258637923125182e-02 7.192253603579127053e-08 -2.445910427705131002e-04
1.212901943649431491e-01 1.748498629056863886e-07 -3.963730252863227805e-04
6.247390179841660895e-03 4.510363579760898262e-08 -4.142504694742254589e-04
8.147414665822838575e-02 1.247746154023636889e-07 -3.343042388002722028e-04
2.190283910492696329e-02 1.993032015869768480e-07 -1.023743394130256995e-04
-5.522462909264191921e-02 1.293832309037139057e-07 -1.195238825346347687e-04
1.597434588347890205e-02 1.090788897029286625e-07 -3.556460772063230300e-04
1.379348711110273129e-02 1.925259008210522969e-07 -8.490620714672489312e-05
-1.116853758332707613e-01 8.983436400938051186e-08 -7.889452571144771591e-05
6.725474096985473160e-02 9.021710310494171386e-08 -3.144547839622807619e-04
-1.991131420014058406e-02 1.208582007395521626e-07 -3.637340752076028924e-04
-2.271954478890669815e-02 1.026170282198477661e-07 -3.295602263347826308e-04
-7.940569285190823834e-04 2.023535903251134616e-07 -1.778705368437558131e-04
7.235796864864640909e-03 5.209291824427457004e-08 -3.987208950630226454e-04
-4.320114891768012111e-02 9.893272744238828055e-08 -6.129796901664587468e-05
9.447011062766896838e-02 1.543416108644335530e-07 -3.444455801058877780e-04
4.302163669743885865e-02 -9.640529475103133127e-09 -2.300534760071206298e-04
6.652899433155168296e-02 1.151503129146181716e-07 -4.290911394601149400e-04
-3.374197054538241591e-02 1.104210921768099977e-07 -3.040289620080792324e-04
-3.815233718204835700e-02 5.532653295730007956e-08 -3.568592862574378449e-04
-1.071733089106241543e-01 8.091868706251414269e-08 -1.287264589672947122e-04
-5.971392540748388100e-02 1.289535675228299440e-07 -1.744010829379672031e-04
1.567637268693578001e-02 9.423646978887192445e-08 -4.290835539931038035e-04
6.654436640162120220e-02 1.252474875944585514e-07 -3.849824929516424180e-04
3.096981837552936767e-02 8.511608475268010061e-08 -1.924805324713489414e-04
-3.497402401866256394e-02 6.652854362883946656e-08 -1.329478212817492456e-04
1.475057992164268139e-01 2.158700256481889964e-07 -2.277399497735768663e-04
-6.018405284816863432e-02 5.477997617704612896e-08 -1.760566702793611043e-04
2.807185024935887618e-02 2.168320637012577127e-07 -1.718240199889291590e-04
-3.859626034966490149e-02 1.117258692056799601e-07 -3.606482078425056101e-04
6.473236775460433634e-02 1.639946812992283262e-07 -2.284948045282885918e-04
1.476323312752703121e-02 6.255752262786557750e-08 -3.432465250019100687e-04
-5.852939742552043523e-02 1.253930129057670130e-07 -1.548130271128085632e-04
-6.054586706200404400e-03 7.095372286712808792e-08 -1.830234565714645132e-04
3.834475438115847457e-02 2.256584905372108991e-07 -2.719126440499824754e-04
2.470036974326283996e-02 1.706076560888985010e-08 -2.441262703745546950e-04
9.101954746751417247e-02 4.263562484946484966e-08 -2.937323463149472589e-04
7.337584981031364251e-02 1.435680169123856790e-07 -3.958377594690164420e-04
3.094557368324613034e-02 3.849792956197081049e-08 -2.774105940698418375e-04
2.640735817299089128e-02 1.158681114506408985e-07 -2.677676865204183941e-04
-2.496683389729192903e-02 1.406893364869294079e-07 -2.856615325407007612e-04
7.552622681737308774e-02 2.186470893215399976e-07 -1.459118511220370044e-04
4.570673563907379222e-02 1.679637734756910081e-07 -2.081282724060285578e-04
1.941856589626289598e-02 1.274545593819147288e-07 -2.853341821483341653e-04
8.239851014647947558e-02 8.445306038092513036e-08 -4.499128967213574448e-04
-2.478900925530880262e-02 7.246061521485673214e-08 -3.433197765741180778e-04
1.070725037548332370e-01 1.953959493875023649e-07 -2.751204654791745280e-04
-5.108013290221591340e-03 1.755347474487259462e-07 -2.598197016565222724e-04
1.444769091648768766e-01 -1.797508791758001700e-08 -3.188359641184882300e-04
-4.133481956477946806e-02 3.347623657390920885e-08 -1.951767981799032512e-04
7.155118363219914457e-03 1.567723955446901477e-07 -3.437923847493203392e-04
3.947962566799523287e-03 1.275652927555062908e-07 -3.879774489724636065e-04
-1.563361183816391886e-02 1.209257250614834370e-07 -1.331459676274876708e-04
-9.470756496684129555e-02 5.458042914724005235e-08 -1.155000383704841873e-04
-5.809986321445903545e-02 1.032358827962324581e-07 -3.048643768619491590e-04
3.659419031161514901e-02 1.319413675787127731e-07 -3.743582091842209258e-04
1.792546009075246527e-02 1.601976427416909152e-07 -2.901860899068509016e-04
-9.873450278914064349e-02 7.876602828418897805e-08 -7.038628240513942103e-05
-3.507738365663959357e-02 -2.273404022746541293e-09 -2.475065414723930579e-04
4.379861927933004218e-02 7.030799585885930568e-08 -2.384043289392737445e-04
-3.001499621659797779e-02 1.144435517406635967e-07 -1.904143161753984678e-04
6.512116033380688229e-02 1.434401411894321172e-07 -2.764779903229348389e-04
-2.937307294780500122e-02 1.598900793624673744e-07 -2.375855613332429725e-04
-3.790216666742352025e-02 1.528293717224366977e-07 -1.244193730267606198e-04
7.176193335977121279e-02 1.122609175842016332e-07 -4.294249177766183484e-04
-8.024226110272658641e-02 6.767894044234839912e-08 -1.119180424840892393e-04
5.152770814706719715e-02 5.117595070539763503e-08 -3.192964637600416542e-04
3.656360019418469776e-02 2.172313168572608465e-07 -2.016652173199436581e-04
-1.061741287789332855e-01 1.413269571343775502e-07 -1.240631177320612093e-04
5.919886413132147140e-02 5.948910686985194030e-08 -4.492095972313972594e-04
2.945842497232664670e-02 4.616710275660746041e-08 -2.594125914890285352e-04
-5.682272665847742932e-02 8.879393076769886707e-08 -2.060189654100800355e-04
-2.000072469010194531e-02 1.263383829918392503e-07 -3.184405998855073376e-04
3.041386698327841476e-02 9.132091195355032719e-08 -2.416926881085002497e-04
8.818695758148198394e-03 6.048485414908375616e-08 -4.520017290952708629e-04
1.353734426337444008e-01 1.771918488563945611e-07 -3.661662345350873865e-04
1.542429211100626585e-02 7.623998605490831716e-08 -2.911604586123770757e-04
7.278910033900798382e-03 1.202596334639384857e-07 -3.079906129145986425e-04
2.815105752216873203e-02 1.343811789880367233e-07 -2.604736941917731819e-04
-6.297664291736781994e-02 1.646570195198953824e-07 -1.310091821546065488e-04
1.062098442125257725e-01 -1.171729076055181617e-08 -2.899735218429741706e-04
-7.598759876269933766e-02 1.156899852440831159e-07 -3.098070703058555353e-04
4.581088535408250895e-02 1.097332550237082463e-07 -2.265733010694406325e-04
-3.847463459547395548e-02 4.177549123497166727e-08 -1.395234053624025655e-04
-2.904390161241809931e-02 1.066998793664309333e-07 -2.000801181652875002e-04
5.254178215630267434e-02 1.566646483351623351e-07 -1.990509449895716608e-04
-3.092154047394946037e-02 1.418173900036124273e-07 -1.105534755120794700e-04
5.935396730292530343e-02 1.215323544561511373e-07 -2.909875600542067165e-04
-6.489246730936992780e-02 6.567565646385144949e-08 -1.602908062383780056e-04
7.140437997791970748e-02 1.465768252987989752e-07 -2.190694610434944375e-04
-4.151543828041548423e-02 1.385655156871295768e-07 -2.821228248957086994e-04
-2.986128194850412587e-02 9.097517446582049018e-08 -3.857881101287999326e-04
8.126108222121597446e-02 1.851080868589210413e-07 -2.044454506342631526e-04
-3.281905376890548176e-02 1.109436068053099745e-07 -3.699094590566205957e-04
5.422341328755964085e-03 2.042136186713181548e-07 -9.260671141965646212e-05
-2.000126747910169200e-03 6.926580820316631642e-08 -3.861695927358333520e-04
1.482847290336596346e-01 1.962347662104365558e-07 -2.822638724029116752e-04
7.721492432432586206e-02 9.485424909846094962e-08 -4.162393059126685119e-04
7.366344412232828098e-03 1.207276891800348984e-07 -2.702901089716079033e-04
-5.129776490870519012e-02 8.267866290261097456e-08 -3.030888035962099971e-04
-6.646490572094132521e-02 9.553396143472836204e-08 -3.631926094744672342e-04
-6.672393233661699785e-02 3.038739995219787546e-08 -2.468233791941978157e-04
-4.440787539737434120e-02 1.524906907828288549e-07 -2.153623336397229480e-04
-2.256522552936757187e-02 1.750194105368687441e-07 -2.383288516511479862e-04
3.440108441173639342e-02 5.406426749462855164e-08 -3.288253441705599818e-04
1.638230489374248311e-02 1.442125954857597722e-07 -2.276558397683433525e-04
-3.600421713188450834e-02 1.567623951395895090e-07 -2.077364774111785199e-04
6.503949696477495657e-03 1.879690852932472577e-08 -2.645245760968327042e-04
2.287792257061305179e-02 1.257029239375183364e-07 -1.745144055222442464e-04
-2.102521338111174032e-02 1.160791890450389263e-07 -6.968347989869832539e-05
-9.916722713299142011e-02 6.163926577601750182e-08 -9.989283736997831421e-05
4.428463067569277101e-03 1.414786571505673085e-08 -2.718024845883979163e-04
-4.088956923011954903e-02 9.726432423865997742e-08 -1.828688709909629859e-04
-5.885129414304290929e-02 6.411157739094771215e-08 -2.371464475144454591e-04
-3.251006534189859742e-02 4.543261190906795187e-08 -1.202974453860948436e-04
-8.919767968146308235e-04 8.216797878600242139e-08 -3.319391761653623621e-04
-5.126531206879336722e-02 1.159851470430547309e-07 -1.269505315137668872e-04
-4.240362929853369600e-02 1.384163124876004258e-07 -2.683492003493013057e-04
-2.300130237023845226e-02 1.826077658540501231e-07 -1.104798152040798560e-04
-7.825866827390592917e-02 2.469761610631760740e-08 -1.959994523530637033e-04
-5.416053340923887571e-02 1.179206617397702423e-07 -1.213212926506079565e-04
-2.863979765646795794e-02 -2.130933797203605690e-09 -1.581068838915170060e-04
-3.433024453030286693e-02 6.186013012868988223e-08 -1.665051964485883865e-04
6.797256460842593384e-02 7.235127743441689706e-08 -2.996989093050983835e-04
2.292565060675610944e-02 -1.237848805724841261e-08 -2.556557426550300064e-04
6.375274108511019833e-03 1.379308262095714593e-07 -3.728489512969297443e-04
-6.801362914909303559e-02 7.721987341560193193e-08 -1.364768103164777755e-04
7.286861144136080881e-02 6.837908973676860524e-08 -4.314107053867900126e-04
-3.635056596440777721e-02 7.699660895927985287e-08 -8.319014173881650624e-05
-1.593454925306980741e-02 1.035922984261919077e-07 -3.838686137764420431e-04
-9.251799005571703649e-02 3.296192274110250650e-08 -9.087278925720918281e-05
-6.261244058449866312e-02 1.501562802338263250e-07 -1.424077703984316472e-04
-5.673059936902924427e-03 1.443772530652772435e-07 -3.647898695382744663e-04
5.028900928173229978e-02 2.247165391047060920e-07 -1.414803455824919110e-04
7.771727164384012454e-02 8.805124162351441187e-08 -4.219223635690109195e-04
2.603924050354355924e-02 9.208377018167437148e-08 -3.172730818670810088e-04
3.100934813097078191e-02 3.242242564490809281e-08 -3.297789267079912954e-04
-2.992439372063870895e-02 1.363247592972297349e-07 -1.306738434121981144e-04
-4.617618829924063917e-02 1.111485917309632518e-07 -3.445596610591736340e-04
-2.076081164002652191e-02 3.442221365658150711e-08 -3.824653700856345739e-04
3.097760398347926269e-02 7.654682621981391182e-08 -2.889235297747725110e-04
6.645167789380623802e-02 7.559077829108699541e-08 -2.418402927703342095e-04
-1.856461763331174186e-02 5.240707593065528049e-09 -2.891220296906555883e-04
1.524459277155822967e-01 1.733096005018055184e-07 -4.401953621540923554e-04
-6.996176635700979141e-02 7.490733377893332532e-08 -1.784574275417731191e-04
8.507598235471092174e-02 1.418591828450319097e-07 -3.527829055374301945e-04
-8.177166380712752591e-03 8.095229494849610269e-08 -1.831216267376006845e-04
5.400476687721811331e-03 9.436931565919971918e-08 -4.216070423247266267e-04
-3.735262637334069158e-02 1.836835990760046834e-07 -4.811473737602567054e-05
-1.028983791153693650e-01 1.172037773160554222e-07 -6.613881262099255984e-05
-1.796908276879194410e-02 5.086104799689250416e-08 -2.653177898321973068e-04
-1.912913846724184630e-02 9.549230537064457150e-08 -4.373050366259225927e-04
-2.114898449785884704e-02 7.164733907805815430e-08 -3.518584536275654474e-04
8.459706455848581275e-02 -8.267855633254177952e-09 -2.840445518415530375e-04
6.601052094922299496e-02 1.416543533665294890e-07 -4.442250263039535592e-04
-7.981783653041785165e-02 3.812433108225966498e-08 -9.196867505254708902e-05
6.197467018330882205e-02 2.037979623726688516e-07 -3.368684965057030210e-04
7.293151319690172052e-02 1.647799249213799004e-07 -3.600658044570064506e-04
2.610114600957547104e-02 1.333639892074202622e-08 -2.238377149778447023e-04
4.680457343399524461e-02 1.778185248741613871e-08 -2.882346375434917461e-04
-5.306760654648001729e-02 5.429082753068684149e-08 -1.555482150348781235e-04
-4.214539937812555870e-02 1.233382199786298547e-07 -2.112576503618373961e-04
-9.327579503475691425e-02 6.973879727923852422e-08 -2.106620983313857009e-04
2.772589994190610696e-03 1.632266804708416473e-07 -1.398124664915239125e-04
-8.217556326890662621e-02 9.643318268039792813e-08 -2.172475676906912242e-04
4.520412086052116862e-02 1.426002430841373719e-07 -4.618540843252323842e-04
-3.206380592341351310e-02 2.051882362699807999e-07 -2.198964470153655295e-04
1.015643459273556370e-01 1.694721992342293767e-08 -3.292294449792963046e-04
9.308986599241031445e-02 1.911813363212302020e-07 -3.387433101068538436e-04
1.389673392359913606e-02 1.859642329859012242e-07 -3.915072107769172185e-04
1.190492048491798016e-01 1.980502396158981403e-07 -2.431664542876552462e-04
-5.372153773387811082e-02 1.277571063745046967e-07 -6.991942777060126870e-05
-7.375000446239199370e-02 9.437246907024007502e-08 -1.921141934695795876e-04
-5.042666266631223859e-02 1.863658250650695109e-07 -5.693028056352609145e-05
4.422558223515271614e-02 6.274315461784626395e-08 -3.939290393514353070e-04
-6.335961671599232847e-02 1.308988197172532506e-07 -1.171309698066848673e-04
2.041611269004972584e-02 1.716709007353359668e-07 -3.236096099237151420e-04
-5.130717516696869929e-02 1.841437188041383721e-07 -4.965994379725304419e-05
5.826469456556659932e-02 1.456613035196156806e-07 -1.947156715224937344e-04
8.728549068096347341e-02 2.024862217656596154e-07 -2.530763637874449117e-04
-1.471325702146686343e-02 1.532941078506739056e-07 -2.137070018555552522e-04
-3.223174100361680949e-02 7.957150132655003029e-08 -3.225011708472179861e-04
-2.234422439549410555e-02 8.730734581405538341e-08 -2.223751692648381190e-04
3.148141679531679671e-02 1.452559556065665497e-07 -3.156583525369489255e-04
7.644050889803133408e-03 1.409677004124319812e-07 -2.189111592320191091e-04
-5.254933778248338516e-02 1.525530479434104882e-07 -3.168512113733112077e-04
-3.014396986601064476e-02 1.097031892846290078e-07 -8.798742086536047555e-05
7.715614957232053150e-03 7.241290004739814644e-08 -2.511023097637466719e-04
5.996629089896654552e-02 7.204932341408447644e-08 -2.506887443114571906e-04
-9.158324605154899434e-02 1.291549600359714325e-07 -2.403077791898501083e-04
-3.475065728233706075e-02 1.884525037669239035e-07 -2.189871251869614601e-04
4.948488522497052067e-02 1.053052780663810770e-07 -2.959975431626322138e-04
-2.646099446915961551e-03 1.632681499768457106e-07 -1.136239281428461686e-04
1.612357745877179838e-02 4.768220730771117419e-08 -2.474659425849914398e-04
3.230459664234830441e-02 8.383529445710619086e-08 -2.581898528656971503e-04
-9.243635827772866964e-02 6.561580436369352809e-08 -9.090938015067167688e-05
-2.401546440212287692e-02 1.337131629837542091e-07 -2.698107014956903599e-04
-6.717146015935671066e-02 1.128074979224404940e-07 -2.695810130569685579e-04
-6.895739185348648270e-02 1.580294669634615581e-07 -1.833513157603176868e-04
7.094199050578464671e-02 1.224329962885936879e-07 -2.912662950704034267e-04
-5.898824029961735604e-02 2.989261028511818855e-08 -2.727157211934156766e-04
5.222516574956159729e-02 1.146344714046511645e-07 -2.872109481381651306e-04
4.169942091274259077e-02 1.064207019954763294e-07 -3.431858232687202601e-04
1.492492546304080570e-02 8.031940279947400126e-08 -2.611635700081558218e-04
-2.389170082370484227e-02 1.492224569753609509e-07 -1.685061688879298616e-04
6.359533890706914327e-02 2.059767601708394466e-07 -2.233881590294513201e-04
-1.113075491603220391e-01 9.742418786813463185e-08 -4.168669271198784847e-05
-3.564403205268207309e-02 1.326465759932295932e-07 -5.908769383606362084e-05
-3.072048749579858740e-02 9.117335049361721576e-08 -2.403051823432592906e-04
-5.424545545738579388e-02 4.759732238332185130e-08 -2.907143608119405146e-04
-4.004852379720813538e-03 2.002106384462853304e-07 -8.642511355445929274e-05
1.295874352110831795e-01 2.005592260576992908e-07 -2.388998031975460886e-04
4.634386507980259307e-02 1.468610303458162722e-07 -2.468989582980609201e-04
5.986865396955787233e-02 9.292225558056776579e-08 -3.877127254451323687e-04
1.023796295002801227e-01 1.476762354132601062e-07 -3.014707796054878850e-04
-4.197911488342853659e-02 2.944168363875722162e-08 -1.957158122068663846e-04
1.058700047252875143e-01 1.718389868666617280e-07 -3.607233704905816497e-04
-8.814422828035450852e-02 9.261382507606854671e-08 -1.463478417745781696e-04
-4.627111888261259409e-02 9.087624050608647254e-08 -3.059259769222895061e-04
6.355051018756996406e-02 1.442407358901954889e-07 -2.670376710017040951e-04
-8.342342057891671825e-02 1.129403624135077011e-07 -1.967839729106629111e-04
-2.378734787271530315e-02 2.137132151663464662e-09 -1.439555516680780540e-04
-9.379380630821809728e-02 1.126289632232027045e-07 -2.237915087722979856e-04
8.339183707962272152e-02 9.625245867763219536e-08 -4.183968835473547698e-04
-3.372257299225744909e-03 4.567259831959405326e-08 -1.961047041759698723e-04
-5.374402434699354636e-02 1.057047704825783129e-07 -1.545234431196770440e-04
-4.936653455946060642e-02 6.798696011009469458e-08 -1.773943428492968748e-04
5.632240931253118532e-02 7.799442436740468963e-08 -4.128745419277644684e-04
1.150385923738772576e-02 1.240832708764711407e-07 -3.625808197956742582e-04
6.927820635490733459e-02 1.338924335783494124e-07 -2.687967530078282032e-04
-1.763941946896052659e-02 3.239900108849427816e-08 -2.420638645962043805e-04
7.856687776681525737e-02 1.348651506309421354e-07 -3.189657262773146489e-04
1.672090610718968140e-02 1.256551846378176638e-07 -1.684825834626766826e-04
2.451061064983195426e-02 1.201152614247697195e-07 -2.328179655355819516e-04
2.782708409135659089e-02 1.443227899626865515e-07 -2.065904150153278617e-04
-6.819419015125138817e-02 8.040808938067839743e-08 -2.064852671364930876e-04
1.331310074633007545e-02 1.646431838697080749e-07 -3.871470255178009919e-04
9.087248180252116558e-02 1.528641975135459494e-07 -2.759337673353726129e-04
1.167369655505993142e-01 2.105658244290934753e-07 -2.324576593199881324e-04
1.025265724437490755e-01 1.612697723937197944e-07 -2.299413640494192719e-04
-1.325753341928082030e-02 1.192994948571308244e-08 -2.815405846807144796e-04
1.069096146107427758e-01 1.877690534398976929e-07 -3.451710883600320385e-04
-1.759044680049404175e-02 1.881515013138314172e-07 -7.955286829646810560e-05
4.360478828607627921e-02 5.106752575053860504e-08 -3.519690923529124717e-04
2.545871698702339980e-02 1.255506662229043068e-07 -2.496356487290317069e-04
-8.573710574257153993e-03 1.615245116824244405e-07 -3.755014236686285900e-04
-2.062631280449422899e-02 1.233555952562520797e-07 -2.388936117591400950e-04
-5.930912394946707966e-02 9.488158983343501802e-08 -9.260460032372430780e-05
6.805835703863283292e-02 2.016502398915580837e-07 -2.103525186275276640e-04
7.634730551945478894e-02 1.253549647610371613e-07 -3.402437532035427776e-04
-1.186195216040546452e-01 6.777209887924622346e-08 -1.059113041900378060e-04
1.679736439950807458e-02 4.568110865415327348e-08 -3.155149304689691550e-04
3.455327108119721213e-02 7.814254802844900626e-08 -2.187508602529774455e-04
-8.166321526948261411e-02 1.640782157597377128e-07 -1.335449887294787503e-04
1.253257978690470731e-01 2.175979124405676827e-07 -2.207707969592995407e-04
1.022742314693471100e-01 1.464637107557802489e-07 -3.629748261693641065e-04
1.710735024161447182e-02 1.464677870469082677e-07 -2.428829476811063964e-04
-6.113416217581002510e-02 1.583733956068487760e-07 -1.729467765206663110e-04
6.850289903644279921e-02 1.066184484477649948e-07 -3.338275795414707764e-04
-1.027649262488817827e-01 1.082483461366315912e-07 -2.059253856452623107e-04
-3.094768655309021455e-02 1.000488418886190790e-07 -3.208897889667072702e-04
-2.268885163176981301e-02 1.516610090283523667e-08 -2.062417240341498476e-04
5.815751216935560741e-02 1.267341525462277487e-07 -3.416113292548769091e-04
-7.494872530955964951e-02 1.124851086421915806e-07 -1.325399696470890617e-04
-5.546664781839105718e-02 1.092833030000959270e-07 -3.698178165888550608e-04
-3.699239162310641316e-02 5.268254633069091730e-08 -1.673333956643114056e-04
-2.002313248775489107e-02 7.975043495120896908e-08 -1.595433861644098028e-04
-5.891944486300115802e-02 1.385909873350436499e-07 -1.874580873789362194e-04
8.482999935827872928e-02 9.145007244479858482e-08 -3.465428896625346992e-04
1.012467964675528576e-01 2.215088984395189136e-07 -1.653760372061910465e-04
1.825307535797182634e-02 1.695187482271322387e-07 -1.763026327099016495e-04
6.469826904361741793e-02 1.689996206759630920e-07 -2.269481233300056958e-04
-1.192362754236453437e-02 1.696323578118929032e-07 -7.861661926610534869e-05
-6.933822666204281226e-02 1.334184524851163185e-07 -1.123923742310934380e-04
-2.504500381327534608e-02 1.571472316428858723e-07 -2.897466639960040273e-04
-4.712783791372565645e-02 3.708583395791702789e-09 -1.246120875119706439e-04
-1.661680214168959058e-02 2.343335128828391962e-08 -2.208115273632159598e-04
-9.269810298620051459e-02 1.311880998092645009e-07 -1.744266118103529085e-04
5.818746100023952650e-02 6.212031705022182904e-08 -3.126701020256849109e-04
-1.099567089100061956e-02 -2.200345521897550314e-09 -1.881003811551257092e-04
-1.984248277893474466e-02 1.938605830362909553e-07 -1.704109799230241163e-04
7.569311279535639869e-03 1.651309471736015113e-07 -1.794631913045911862e-04
-9.767816836384835000e-03 1.710760433009592367e-07 -3.388842214905358357e-04
6.028900608084786228e-02 9.097231631628719504e-08 -3.636570486876683495e-04
-8.469585574604210354e-02 7.314424706601936822e-08 -2.376520218749495861e-04
1.313122248179870999e-01 1.638581840760028267e-07 -2.927884598399583095e-04
-5.505831735697530593e-02 3.039249238417728217e-08 -2.855103124382580952e-04
3.936354593626889553e-02 8.338587964652019862e-08 -4.287460028785934456e-04
6.498801875267656847e-02 1.639936634471093333e-07 -4.061482617768048245e-04
2.478141829728286449e-02 9.335357266782790969e-09 -2.160378556352453598e-04
-3.074883751506540808e-02 1.384593424637483738e-07 -3.235153071200447500e-04
3.283956843060042985e-02 2.558942229877727716e-08 -3.728601338158473778e-04
9.810024167320019473e-03 1.675929520829180357e-07 -3.353205758875879507e-04
8.190643873461755931e-02 1.959321826312431336e-07 -3.606223806520742641e-04
-2.017196779741647905e-02 1.384972038833527881e-07 -3.385253504739502649e-04
1.508243080891569221e-02 1.036861908176181868e-07 -3.634516361468053585e-04
8.860200217087033092e-02 5.248307302832887229e-08 -3.090589747607310834e-04
-8.263939628871697085e-02 3.007278268152993298e-08 -2.098681470647966374e-04
-4.800253805703524890e-02 1.923566205163543331e-07 -5.219078308010051967e-05
-3.818658076601377793e-02 1.229217914815491923e-07 -2.418789199906410184e-04
-6.504954541098750820e-02 1.339956902922178614e-07 -1.038327256888028503e-04
-4.756582182628799060e-02 1.236552094562788825e-07 -1.408954823552355186e-04
8.168978427310458201e-03 9.118717872321016878e-08 -4.086709533732384029e-04
-3.967356613341932459e-02 1.825729692423683893e-07 -9.283461553943295435e-05
2.689711263762828430e-02 1.023078160770624218e-07 -2.680880156233248304e-04
3.464001921510195814e-02 4.398210097164404227e-08 -2.887283743888272632e-04
7.290973357177588099e-02 9.936469851837344981e-08 -4.268701692696831064e-04
1.467468079097811184e-01 8.189793150979340772e-08 -4.976123901162867466e-04
1.078808894785436845e-01 8.746137087115926159e-08 -3.977072314581507335e-04
6.805787020061071502e-04 3.082119975349584906e-08 -3.590073540018093659e-04
6.895995497181894862e-03 1.576439370361501371e-07 -9.451905106510827205e-05
-3.442482679736658113e-02 1.533377159011665233e-07 -2.847284905772684126e-04
-7.812825748084240018e-02 1.599697599198768758e-07 -2.163571389415524658e-04
1.236233733328033768e-01 1.838380686756940540e-07 -4.383380025697329770e-04
-6.692898883784326181e-03 1.683249929162795228e-07 -1.462158086384376184e-04
1.299316211482131056e-01 2.047086033689641102e-07 -2.717916381582044082e-04
-3.091911984548967318e-02 7.843562511653197843e-08 -2.772716791689803823e-04
-4.406213936006775356e-02 5.753812493896541865e-08 -3.650670104787604440e-04
7.987406682439912586e-03 5.337475367354388119e-08 -2.160858814256013186e-04
3.205209268554209956e-02 1.322339688671761132e-07 -2.052416324355782950e-04
4.551618331605800094e-02 5.481626099223893468e-09 -2.563893397259253302e-04
1.126069343493756314e-01 1.193556710613390005e-07 -4.491645352274107293e-04
4.190860566424792211e-02 4.934287745371994570e-08 -2.454375529449359748e-04
1.583930162943669728e-02 -1.916868689582085416e-08 -3.117197922068255453e-04
-1.237514442640563761e-02 6.428476680590164386e-08 -3.713421069088336567e-04
1.151328244210763074e-01 8.607732906434476463e-08 -4.062419011694012568e-04
-9.727201550054431767e-02 4.568219105853637874e-08 -1.493577017291319961e-04
-5.293857379480737535e-03 3.029928129758768742e-08 -2.120961685938768388e-04
-7.721578565766684665e-02 6.890785794941627608e-08 -2.722723217775320807e-04
-5.637985421426794375e-03 -3.542644662724201637e-09 -1.883941646526293527e-04
7.244473357641023625e-02 1.305344199502206522e-07 -3.628974326958223063e-04
-4.431017421571414872e-02 1.643508755013693731e-07 -1.194614036299589241e-04
-5.658866452783628542e-02 8.354534414700965045e-08 -2.354942655765181799e-04
6.154380714958396226e-02 1.752597013475126272e-07 -2.187459383454848437e-04
-2.650353227506474507e-02 1.721602843898836000e-07 -1.625397544113870222e-04
3.889491944733869389e-02 2.251658556246157499e-07 -1.937676233344606163e-04
6.761631693637359941e-02 1.881084151752377257e-07 -1.941190574971857262e-04
-3.642731224915574106e-02 4.571155558012705519e-08 -2.618657584631373081e-04
3.364601192586302858e-03 2.067765240805121424e-07 -1.121404105594056935e-04
9.062512071348871601e-02 5.945035160878083906e-08 -3.460691939425609683e-04
2.289487692780556305e-02 6.120607077264038749e-08 -3.386285031798571534e-04
-6.137040691614925603e-02 8.757667498144524328e-09 -1.409267747974611465e-04
-8.074846508869693018e-02 3.479025797764584632e-08 -7.740296278006532317e-05
8.783326247649103635e-02 1.727993946865826832e-07 -2.142907519883920303e-04
-2.328328005703905745e-02 8.791994757441372437e-09 -2.933844092412122564e-04
-5.285358212072610584e-02 1.514048970505991494e-07 -2.316574233997257832e-04
-1.227506908579167888e-02 1.531300976991307805e-07 -1.895330116540089782e-04
-9.100985258693505831e-02 9.341862299553608992e-08 -1.472269002980897167e-04
-8.886618991766426223e-02 1.224737795784479659e-07 -3.153240030827303788e-04
8.172862590865270782e-02 1.637412292649046247e-07 -4.123967004337332444e-04
4.506106914618424053e-02 5.751271268002704876e-08 -3.434679291695312163e-04
1.081201784066032623e-02 1.462209494301553291e-07 -4.318763146994515937e-04
-1.480190425473582039e-02 1.443534192135327247e-07 -2.507267195410366688e-04
4.899047987513616143e-03 1.454213638352948264e-07 -1.764517542835398925e-04
1.650357567936588943e-02 1.620473473845605382e-07 -2.226123905160132060e-04
-2.185341872709600786e-02 1.347263982876029691e-07 -2.871464022573653888e-04
-5.150801565301177387e-02 1.214452147507090705e-07 -1.313730458675373928e-04
1.001039009604798302e-02 1.420443011770146704e-07 -3.453358500074670814e-04
6.610966760529246589e-02 6.483459318444696026e-08 -2.676846359428874554e-04
-5.999100133488544095e-02 1.667985570556590293e-07 -2.214025309807669155e-04
-1.056753394150230507e-01 1.138405592968626498e-07 -1.499357015737095753e-04
1.246094301779724356e-01 1.829567376665460160e-07 -2.906676362549729027e-04
6.709783402044333656e-02 2.006405519816650645e-07 -3.196686878500916125e-04
1.127355740249649241e-01 2.127634557437462197e-07 -2.270183984418332657e-04
-6.001404960456646620e-03 1.245981917991713172e-07 -2.099041671120167310e-04
5.877333219490454841e-02 1.311724330893856008e-07 -2.260710028536877698e-04
-3.778225752978492391e-02 -2.518900127391158393e-08 -1.306483247411017123e-04
-6.486116384394224887e-02 1.493250884776385143e-07 -1.818717389579702613e-04
-3.065002443339115423e-02 1.459956878729074566e-07 -7.591017408650481109e-05
1.147569331628435219e-01 1.042195903077309851e-07 -4.490430397534246089e-04
-1.002639783077671209e-01 1.116506772519752201e-07 -3.747551562225623920e-05
2.901374268032264059e-02 3.216316004471220867e-08 -3.408216950759083920e-04
-6.856732247374208722e-02 1.322904081299668294e-07 -2.973353652301554979e-04
7.080218801227133874e-02 1.024946370689532455e-07 -3.878665693977152869e-04
-7.839900828340007344e-02 1.203668612695458226e-07 -2.586131235180980244e-04
1.039376204104702772e-02 1.473120757406852574e-07 -2.423882421143336925e-04
9.705714436920165333e-02 7.001816669077603346e-08 -4.211486410836171143e-04
2.245022331648593994e-02 1.762804939586438343e-07 -1.828916827213215282e-04
-5.465044821718323398e-02 1.233119139208983642e-07 -2.539547682429512711e-04
-6.851145086486443159e-02 2.690354920622810336e-08 -1.337145651834300327e-04
-1.634999207671028465e-02 1.276896079728374083e-07 -3.690800585861534356e-04
-7.643130665999353646e-02 7.616038534862370841e-08 -1.789469711131479082e-04
8.415345826098186155e-02 -4.354981098393570137e-08 -2.331619908417380705e-04
-1.402224455449896379e-02 7.212193142824534283e-08 -1.652606484373028760e-04
-8.455719754999191373e-02 1.411015980033167554e-07 -1.386329589711905123e-04
-5.449959071314514070e-03 1.663309079386619696e-07 -8.079919623984511707e-05
-6.481386869565308739e-02 1.183969486562544671e-07 -2.591425145221582437e-04
-4.140005383330280786e-02 1.671665893934109593e-07 -2.365761286097906296e-04
-1.046199638304065038e-01 8.732842040253578623e-08 -1.281245877568210729e-04
3.689822519712615545e-03 1.100673544047682224e-07 -2.819619907068457226e-04
-4.457998579235833425e-02 9.708932876736968589e-08 -3.057872359695637315e-04
5.811464284041922834e-02 9.745282073654021382e-08 -3.340231910836836222e-04
1.470082379602177802e-02 1.692458868429109828e-07 -2.626196870615786516e-04
-7.267531406420246753e-02 1.478515242504067486e-07 -1.093483507263104588e-04
6.421254652834273990e-02 7.370261557487423487e-08 -3.634157553009322202e-04
-9.786559537842332013e-02 1.035666899892221053e-07 -1.198861947064482948e-04
1.880936499905128123e-02 1.244356238747403204e-07 -3.818615448524240240e-04
-4.350542280993496824e-02 8.189069614679918505e-08 -1.545101579440169245e-04
1.489576022320527882e-01 2.050701888944828227e-07 -2.978642636429010282e-04
5.892495625678806359e-02 1.546397018923597591e-07 -3.121387708079185769e-04
4.713583191221071278e-02 2.045361463825731769e-07 -2.430808810964898330e-04
-3.835417585164202503e-02 1.316441651670667937e-07 -3.514880306100017903e-04
1.439069104772090490e-01 2.796041327710344340e-08 -3.109403782731110237e-04
-2.826633060452510282e-02 1.548476326684990217e-07 -9.749401441983723045e-05
-6.596321016430262141e-02 1.170623726008292346e-07 -2.930219157584728761e-04
3.437271545014319862e-02 6.263967358952192344e-08 -2.154599957210942389e-04
4.759434333085332813e-02 3.076702976524282991e-08 -2.867229339789751025e-04
7.710683428412701268e-02 1.809989657685589682e-07 -3.649144256268952564e-04
-7.342573692092713156e-02 1.657403073423359649e-07 -1.342847251053402770e-04
-7.009614972923861043e-02 9.145640587600889409e-08 -2.386975398741046856e-04
-9.809089061015741073e-03 1.322560512264534011e-07 -1.979901668495947077e-04
5.156756619203339831e-03 2.929413063054021238e-08 -2.686470993760230403e-04
1.649757338812269936e-01 2.144441276374787913e-07 -2.762622520743876682e-04
-7.123892643727924856e-02 3.513883935097044376e-08 -2.575763343075673892e-04
2.311006260071857277e-02 5.200662537472305467e-08 -3.934363037736747721e-04
4.157647262074959382e-02 1.913508224220922342e-07 -1.878049264235387601e-04
-4.660614100415494399e-02 1.379188570497137300e-07 -2.102967975781794795e-04
-4.992505479426290194e-02 6.445777642598521926e-08 -1.581900058420988061e-04
3.152146978879732941e-02 4.196024832723948565e-08 -3.710798923436096648e-04
-4.153566588523016634e-02 7.785540322740765765e-08 -1.798655417776749417e-04
-5.990472596002938133e-03 1.098974665161017186e-07 -2.242867835273217188e-04
1.114773147836811695e-02 1.349038366193051372e-07 -3.400058224907425005e-04
1.606434555485591886e-03 9.595748464623382024e-08 -4.175815172995859105e-04
-1.448012619200422790e-02 2.685327417166191424e-08 -2.770794382040937874e-04
-5.667721345754539453e-02 1.930351827301983373e-07 -7.772783868978996305e-05
-6.125992846474970221e-02 8.874443501674055416e-08 -8.683610168930535277e-05
-9.437731553646022675e-03 2.135159184857659221e-08 -2.803389218977279007e-04
2.545743851624027165e-02 2.170574327784389964e-08 -3.728854594593224679e-04
3.627779344815873497e-02 1.884957163563595703e-07 -1.540136297018203815e-04
2.242451844863013743e-02 1.476696475150633328e-07 -2.156020015726172942e-04
8.411577015018745218e-02 1.837796993092025104e-07 -2.892238360121126379e-04
3.715282954663834403e-03 1.741172786246257321e-07 -2.579598339930990695e-04
-1.386413494523697221e-02 1.960786677564176552e-07 -8.233830801265159508e-05
-8.287378318784577313e-02 1.110330012794162270e-07 -1.687461155073965893e-04
8.574600712929481006e-03 4.221329614065863261e-09 -3.436710106976189347e-04
2.744164346475841398e-03 1.343875881043462665e-07 -3.564611739451261805e-04
-4.940088196394132325e-02 4.589004360007906190e-08 -2.072345700915313163e-04
-9.539755531078553119e-02 1.368202223788290683e-07 -1.282333961766350401e-04
-2.195243885050590649e-02 1.072647739874666276e-07 -2.918068365078424096e-04
1.123491937456447820e-01 1.491166762675121560e-07 -3.473835263540458432e-04
3.176327157921599031e-02 1.174523598956248357e-07 -4.680610245695010865e-04
-4.519662366344245896e-02 1.119155092662175320e-07 -9.067162215450544479e-05
-4.436419086980369908e-02 1.254786896463581282e-07 -1.035082455797683662e-04
-1.791987066576972154e-02 4.625976882673248991e-08 -2.534311290626938885e-04
-1.651637782914994190e-02 1.839592838636016733e-08 -3.063436885221972549e-04
-2.213300967436393485e-02 4.658721305589830213e-08 -1.965296472331134873e-04
-5.229167688903546551e-02 1.112518840466918561e-07 -2.933465601632742658e-04
4.198309027532309834e-02 -4.026338678724679947e-08 -1.507502163650693665e-04
6.462840770430589021e-02 -3.914546326638899274e-08 -1.595109064089638589e-04
8.528445382438842870e-02 3.961723757921760952e-08 -4.024697155459683144e-04
1.437229853304524685e-01 7.363804584436640000e-08 -4.326714989623150196e-04
9.431326551456531426e-02 1.532513116846350163e-07 -3.587226948468706460e-04
4.881424847832915859e-02 1.752255219234510088e-07 -4.070714803873714898e-04
-6.312451952127895449e-02 1.458506715145651548e-07 -2.423742835094598938e-04
-8.637900724362534977e-02 1.177638673403618485e-07 -1.848907930178885796e-04
1.083699197528449343e-01 1.354903874313330841e-07 -3.092863873017117856e-04
-6.313177978396045109e-02 4.224906601108438352e-08 -7.793722987225299662e-05
1.521005701151281198e-01 1.686182776247065521e-07 -2.845011936426015660e-04
-1.774383470890994463e-02 6.385157190220470513e-09 -2.917701922496882894e-04
5.653531998930683145e-02 1.507902011053182008e-07 -4.022287723160625824e-04
-6.337107364507610363e-02 1.609771863461064097e-07 -2.900105723128093365e-04
-4.089863880221933368e-02 1.101172685496316049e-07 -3.744535517558557000e-04
4.634980892611717529e-02 1.639396007924593845e-07 -2.517089228203632121e-04
-1.050818718706461041e-01 1.055739247019161841e-07 -6.018799312005828858e-05
-9.813860247130568037e-02 9.256637453254142272e-08 -2.187020425218599016e-04
-6.273179527017036516e-02 2.719132726316578153e-08 -2.281133628590171418e-04
-9.996445910537832269e-03 2.328014934632902320e-08 -1.711210788739413310e-04
7.573198426985050524e-02 -2.079082237422101579e-08 -2.568234061534862677e-04
1.161895595678333892e-01 1.643822274779079255e-07 -2.837934316456667042e-04
5.781141377390786040e-02 3.547397227901780274e-08 -2.885506077385394997e-04
-7.837473647592962944e-02 4.210343111046695818e-08 -7.703892146696688812e-05
4.402958618378094435e-02 1.638044013361793309e-07 -3.804403780365873413e-04
-4.506675681511251863e-02 7.659922380084869897e-08 -8.044343803620678272e-05
8.225099663241652870e-02 1.160477142537295294e-07 -3.550298123008462483e-04
1.814260129301614732e-02 1.261617204433018713e-07 -3.474020027126303238e-04
-6.116417080599068079e-03 1.906804403544291499e-07 -2.637066651075269412e-04
3.300541738498952160e-02 -4.524137493058464910e-08 -1.487078755620776854e-04
-4.767055715758738987e-02 1.545270433029160434e-07 -9.636051149360054567e-05
1.167034377158759906e-02 5.568203596159502338e-08 -2.827243711746450414e-04
2.748389609953350021e-02 2.158240802557810668e-07 -1.327715570775780030e-04
1.757847107803511832e-02 1.717072821715756630e-07 -2.986626758038072238e-04
-6.855850687731845916e-02 5.021693534736607563e-08 -1.156313074260563098e-04
3.384520670133639442e-02 8.909020589362261960e-08 -4.148100818863973967e-04
-6.803524340484956578e-02 1.429325341414885197e-07 -2.257267545343374492e-04
-3.824323608715374245e-02 4.171405139927219886e-08 -1.079443187643619202e-04
2.131731482901466634e-03 1.064247765156084994e-07 -4.002936108242732935e-04
2.953061450880878347e-02 1.425423248869692711e-07 -3.332856052867652673e-04
6.630893626072531521e-02 2.034492155428068995e-07 -3.264272179072475952e-04
-7.362474404802998862e-02 1.163275621924674391e-07 -1.438471452205881387e-04
1.021919407503966148e-01 1.266458337352963158e-07 -2.838482062798308465e-04
4.840100982876216484e-02 1.023621335876684608e-07 -2.306783400171124232e-04
2.517913166831364791e-02 1.558245056761023454e-07 -3.124447039196303678e-04
-2.283553293411233476e-02 4.616610905141156101e-08 -2.527489357544858472e-04
-3.817456801606367023e-02 1.484882534377281153e-08 -2.100112604508976575e-04
-8.024054045798978407e-03 3.439618830955997571e-09 -1.946767378483384896e-04
9.211523118658704323e-02 9.364618483229450384e-08 -3.240629298960275451e-04
-3.434899772783117644e-02 5.101577021821749615e-08 -2.496321852450778607e-04
-1.047744781476200870e-02 1.473974216789775323e-07 -3.442959626485266435e-04
-4.539755785754429063e-02 1.382890895056330161e-07 -2.346783056969952157e-04
3.978227832752567750e-02 3.172259010314003942e-08 -2.646590188349748005e-04
-1.802161602238061544e-02 1.069134716878212203e-07 -3.666051046006624323e-04
5.635375875305526083e-02 1.739120025991976811e-07 -2.691688758930526086e-04
-2.011687517965921046e-02 1.671263540466364669e-07 -1.882961283530324543e-04
1.098819449538823712e-02 9.428778906926147304e-09 -3.404202804428323919e-04
-9.086782448866659312e-02 4.956224397878322333e-08 -5.298182070490796381e-05
4.332413160866466217e-02 1.169109743999626501e-07 -2.026445371071528413e-04
-3.950356733456028557e-02 1.813550748632748061e-07 -7.502974143976901293e-05
-1.106301930648379006e-02 1.362651731065536231e-07 -1.154534442273501976e-04
-1.149844371456743009e-01 7.238983260159223461e-08 -1.535866517944853987e-04
2.325619500362763326e-02 7.832040382898702475e-08 -2.102804451525239183e-04
-7.413924078810496532e-02 3.330535047025428773e-08 -1.461165800419867539e-04
6.050117211908068171e-03 5.895541559309627216e-08 -3.189100817903526967e-04
1.322074419581017457e-01 1.944326849014344025e-07 -3.381341007126105859e-04
6.488350749389426575e-02 9.926122006280636333e-08 -3.688646839690443223e-04
-5.466253492548567294e-02 1.112690961670851694e-07 -1.805932555164562164e-04
-4.786531141272687417e-02 8.015192745477946896e-08 -2.736997561369194855e-04
1.109157995972309685e-02 2.397186637918003350e-09 -3.009343713500297625e-04
-4.725574831362266970e-02 5.854444764101867069e-09 -1.264662787310209487e-04
3.552540213198152053e-02 2.406101262191228598e-08 -2.345610889182041183e-04
4.439985223550624305e-02 1.289169012468468947e-07 -3.651042040089203726e-04
-2.751303720770370553e-02 1.124662769064550925e-07 -2.074046233791485754e-04
-1.423233399100387597e-02 2.030164596365263343e-08 -2.421911405807997673e-04
-5.988686679404586766e-02 8.731119927461694955e-08 -7.107164257563541258e-05
-3.660374529623700024e-02 9.515835895823316548e-09 -1.735415490703392009e-04
9.014805940469461376e-02 1.587769589425633077e-07 -3.703304724676569439e-04
-3.370447568716061770e-02 1.729695544410548101e-07 -1.243648061747490451e-04
-5.404988169592306324e-02 1.088715727460818860e-07 -3.699275888463044912e-04
6.718145907111017223e-02 1.323877742889144496e-07 -4.895182867044621305e-04
3.724445822377497883e-02 1.916045693765381726e-07 -1.217730829502277560e-04
7.058067266574874488e-02 6.982659217056752370e-08 -4.240550348269252570e-04
-4.997438301923051718e-02 4.743966075394091361e-08 -1.869257231932794892e-04
5.910970483280442167e-02 8.975358084928495243e-08 -3.937047992024808704e-04
-8.926043411672157646e-02 1.391451511665179272e-07 -1.720937194506988932e-04
1.692697810465526587e-02 1.352041278944717504e-07 -2.013925265886803203e-04
1.516140253041938779e-01 1.775040846525336547e-07 -3.467106521399798951e-04
9.815670977335599900e-03 5.045859337105582026e-08 -4.057407991813607659e-04
-6.543103026907515218e-02 1.211746552500674631e-07 -2.429483656223548668e-04
-3.192702004153424866e-02 1.397727781895433476e-07 -2.199567039522189649e-04
-2.781321859077212633e-02 9.695153539236625553e-08 -3.374287982290865304e-04
3.627286216466141244e-02 -2.369316475621522788e-09 -2.692151307972111187e-04
1.468647700879766038e-01 7.193889033217503911e-08 -4.478407712369930193e-04
4.245928355594119630e-02 4.173797485127173296e-09 -2.195819841036945278e-04
5.926572773344485068e-02 1.430105279903888935e-07 -3.211998615122924798e-04
-2.892736140846796644e-02 8.075419290208890233e-08 -3.211571119161061856e-04
1.765972877037658151e-02 1.276257583942751788e-07 -2.008804340561049840e-04
-5.072479087609205184e-02 5.609399107454386212e-08 -2.710153483886469173e-04
5.666971567227174766e-03 1.748604502567214819e-07 -2.844807267765227937e-04
7.301147683882436290e-02 9.216861869716124076e-08 -3.762158390648873965e-04
-2.362663539171050431e-02 1.327079903841102672e-07 -2.657360158622322954e-04
3.685758369610048213e-02 1.211299270280430109e-07 -2.202896345525991368e-04
-1.537114547249696095e-02 1.660817633354246551e-07 -2.614417771488927169e-04
1.094590542777051922e-01 1.789928993104958858e-07 -2.571975170836056129e-04
-8.015688491931116655e-02 1.005244891486526223e-07 -1.850211940734190676e-04
-8.024936346000011156e-02 1.130324334864424305e-07 -1.063379279879354323e-04
3.771245250821575468e-02 1.678128317680457660e-07 -2.778531222358212346e-04
-1.072818104967467878e-01 1.069882339174100724e-07 -1.756128992475557713e-04
-8.717278180766396822e-03 4.615855901792839033e-08 -3.843040976995044369e-04
-7.331988093648211802e-02 1.144144300466538264e-07 -2.387998035840954128e-04
1.236214161465198913e-01 8.115464174303986266e-08 -4.458894369069269100e-04
-5.999912373417570777e-03 3.065686303497490409e-08 -2.493505104144312775e-04
6.042224535067663993e-02 1.963126321011071011e-07 -2.444227745308100923e-04
4.225236463220660710e-02 1.429875433340342119e-07 -2.177126098453677054e-04
-6.276521648675847942e-02 1.271989772033550833e-07 -7.418361732792732037e-05
-3.049660950821486693e-02 9.540548908055153629e-08 -3.012962109631825750e-04
-7.668085590010653707e-02 1.231323441954999928e-07 -3.285053872561833244e-04
6.696036814484829236e-03 8.374450833258101667e-08 -3.411855469219108976e-04
1.626339445458013788e-02 2.138088831036445973e-07 -1.644125286481763521e-04
1.007874518790985441e-02 1.482713304300108049e-07 -4.183930514558402165e-04
7.105465491040963144e-03 4.390195560380193126e-08 -2.764866271721921594e-04
-5.623070729660706313e-02 4.050490007212290227e-08 -7.577088287540723706e-05
8.946540703191907529e-02 1.646268009351635737e-07 -2.770288187628857420e-04
-1.386708618187459940e-02 1.375593256068906451e-07 -2.152312778954202711e-04
-2.410801016844665856e-02 3.563869461283678196e-08 -2.630203728245906298e-04
1.746275028779300520e-01 2.008010987710111685e-07 -2.791271654917415663e-04
-1.054016898758883825e-01 1.164970704300373204e-07 -7.001682946771725104e-05
-1.135890136942373507e-01 8.323075379384543568e-08 -1.316589230252318142e-04
4.887216915840109088e-02 7.961605939962317499e-08 -3.897569071916094858e-04
-1.811228457117131097e-02 9.805380983836995195e-08 -2.653293720883547770e-04
-5.496076049836950972e-02 7.082814940145499944e-08 -2.888387746975135248e-04
1.077005842783502754e-01 8.308055355925008326e-08 -4.375466742277179014e-04
-7.363057255687721625e-02 4.626767872178027063e-08 -6.292897770617092478e-05
8.102011329876201984e-02 5.658384176331492845e-08 -3.745392496480222117e-04
-3.842692651262102910e-02 1.892406151127618434e-07 -1.662978987630774270e-04
2.188512050417923405e-02 2.073751493539239558e-07 -2.213820647456076407e-04
1.086598933201199380e-01 3.624471977372127065e-08 -2.895667385367809376e-04
3.155757298599892735e-02 7.457509449879793097e-08 -2.708294698651128466e-04
2.895616070882622850e-02 3.309535561093235688e-08 -3.080503140815260663e-04
6.846334170848134004e-02 1.785317462679875184e-07 -3.354817623157338620e-04
2.013225885450176111e-02 1.511163662985432132e-07 -1.968469971865544456e-04
3.714048793724122888e-02 8.637700819083115863e-08 -4.464704256635300037e-04
-1.116286177191951889e-01 7.763382232447794868e-08 -1.130817257747357039e-04
-3.467024917174565957e-02 1.595352200833117878e-07 -3.092729929923260907e-04
1.320557890536510071e-01 1.807380599551939616e-07 -3.119261974795903194e-04
4.354493247878477025e-02 1.203491233049868494e-07 -3.343918625757180641e-04
3.560089167082514106e-02 8.550479725398034288e-08 -2.072900932497411290e-04
-3.113175247486366093e-02 2.033138057391442141e-07 -8.727295877857335366e-05
-1.104749651824943335e-02 -7.539669574391445032e-10 -2.808268559729628364e-04
9.983011124245833035e-02 2.261311039566174690e-07 -2.185411655720618596e-04
7.475468394418949281e-02 1.029850632670633959e-07 -3.406266823327301543e-04
3.199856832944580898e-02 1.106569949101238631e-08 -2.369121480301668032e-04
-2.478264049610579001e-02 1.422658106774453414e-07 -2.679108782929188635e-04
-8.845812358442839418e-02 8.280985401429162774e-08 -5.812126932816139794e-05
6.565542896866594091e-02 9.496259458696861768e-08 -3.073047478323572891e-04
-2.666859797589726799e-02 5.573925903928382658e-08 -3.761716492827254176e-04
-4.624642447544635715e-02 3.805105567765478839e-08 -8.723204323450088030e-05
7.655899175829372627e-02 1.486059876380330533e-07 -3.421582339373907392e-04
-1.687344241990118565e-02 1.536842753931763953e-07 -3.629404639819097146e-04
-4.694166768948992985e-02 1.551651313044527304e-07 -2.158821453886543263e-04
1.429954371265373947e-02 7.877087152725650923e-08 -3.304505160542457048e-04
6.117788378682709194e-02 -2.681202227664771620e-08 -2.265456417066961155e-04
6.983118191595905078e-02 6.849864764802303286e-08 -3.448896651803759743e-04
3.778593043527456175e-04 2.001114348359662471e-07 -1.023475554850137280e-04
1.611620627353083091e-02 7.995355177609457149e-09 -3.464887949882743687e-04
1.285629416252080937e-01 8.123636547600566361e-08 -4.128026797095349495e-04
2.537785500838962705e-02 1.401381300027201428e-07 -2.237871623554063040e-04
6.278642951460522426e-04 1.567466378008625055e-07 -3.269893387736265249e-04
-5.002303639916183542e-02 4.575377688937050146e-08 -2.594722217446944501e-04
5.388699469799962394e-02 7.759771835394601859e-08 -3.060515991389217445e-04
7.636323558991753302e-02 1.657621017564242395e-07 -2.435052810734194021e-04
-7.905836835660473572e-02 8.434530132660612244e-08 -2.313131909662904961e-04
-1.073630504576843503e-01 1.080313213909774609e-07 -1.190113772700233843e-04
-2.695118341438695886e-02 9.713324888616969426e-08 -3.043088242688152451e-04
-8.420970209023348474e-02 9.153853144035751623e-08 -2.645195201589173014e-04
-1.001741628702579323e-02 7.570357049623573714e-08 -3.029490777164711734e-04
3.929544671542117840e-02 1.206441356778995970e-07 -4.292280812485636809e-04
9.762163914553734223e-02 1.625578647241778610e-07 -2.364611257841583286e-04
-1.553356433226560362e-02 1.639415011972115474e-07 -3.071684872666832983e-04
-3.398984712570518596e-02 1.398459756171525818e-07 -2.701186034145282148e-04
-2.891982700476314339e-02 2.344636467120832352e-08 -2.053045171338790248e-04
-6.594411403086986034e-02 9.019894673915790346e-08 -2.208625827913120903e-04
-4.149711363303665301e-02 1.369343369386481120e-07 -7.072714355853688658e-05
-1.110061025285550285e-01 9.043303397194710668e-08 -1.861396777195397365e-04
2.126576262507506865e-02 1.403361795443560874e-08 -2.589872679870799206e-04
6.591613309813770805e-02 2.196473709251473052e-07 -1.303016902738914973e-04
5.815655127047236750e-02 2.079588595243835997e-07 -2.383253673781427244e-04
-2.558638649405087229e-02 -3.057362197459675229e-08 -1.778720484121310008e-04
1.604248427659437093e-01 1.541146884906267952e-07 -3.438836958102468909e-04
-7.608147251546792944e-02 1.140636423331315001e-07 -2.750180705514843342e-04
3.526077547659811628e-02 -3.469123027374797739e-09 -2.282625118193857465e-04
5.032977419852713297e-02 5.187739611295470466e-08 -3.657232254606318077e-04
8.413638646311238922e-02 8.614105610944792782e-08 -4.047868026314188172e-04
-5.839142749623738027e-02 5.138784281963740620e-08 -3.271140071790183787e-04
-7.020124699291030446e-03 1.237460431860062372e-07 -3.243059395594419052e-04
2.858610547452689055e-02 1.435492479334846568e-07 -2.706519620780600214e-04
-8.917519039693655447e-02 7.514500330510866576e-08 -2.153582387935225198e-04
-3.482897117700123335e-02 1.672635066831683516e-07 -2.512682133839681223e-04
3.179659235678566898e-02 -1.986924525510909962e-09 -2.632873428151338803e-04
-1.008462879173976923e-02 3.472260895479224728e-08 -3.209766476068248264e-04
2.835182005916736525e-02 1.775315328738806632e-07 -2.746498290176730512e-04
9.437660833671301930e-02 1.039602533944849260e-07 -3.715131635294876590e-04
-1.211321167556789202e-02 1.213692895471581071e-07 -3.466151754298483698e-04
-1.264164205649198625e-02 4.938260190774214919e-08 -1.868844190966565571e-04
4.709758994358392847e-02 1.938786296515373090e-07 -2.295816654105515523e-04
7.118796177429498329e-03 8.630226702238071801e-08 -4.079466432968149197e-04
-4.703067910970937238e-02 1.231509482133825933e-07 -1.401343360227213228e-04
-3.560985677933981020e-02 1.670521550589900337e-07 -2.701833502890897383e-04
4.765148175792144336e-02 9.261929460440816625e-08 -3.208082607346715467e-04
5.242941029177849988e-02 1.444994530160949540e-07 -2.208377517234467687e-04
2.714159828243589700e-02 1.790090509973327840e-07 -3.269527091333371575e-04
5.290119919377533897e-02 1.743851597329984407e-07 -3.763339068595730752e-04
-6.890620529107671643e-02 1.200731022652382745e-07 -2.036133335267165567e-04
5.653988615940064300e-02 4.084063355118755314e-08 -2.783993615884142962e-04
-2.570773036911344622e-02 1.170880130640433573e-07 -2.422090892736411441e-04
1.756286897696934801e-02 4.779484175575674082e-08 -3.815694285012975469e-04
-8.050882089838817812e-02 1.013063088858785528e-07 -2.383968122576880972e-04
2.646501203812079428e-02 8.613450023534963580e-08 -3.012065240951576693e-04
-8.867173013108708979e-02 7.903387575497488004e-08 -7.481590032686887904e-05
7.607373474005307834e-03 6.000839126161796368e-08 -2.283069278571481079e-04
6.189819875137159144e-02 1.196680878293567804e-07 -3.067063430854175118e-04
3.548122216289761877e-02 8.568120477292052592e-08 -2.901750217666402946e-04
-4.248075455140509771e-02 9.923622526414657438e-08 -3.436706176048275985e-04
1.492619374627490725e-02 -1.427761468901945212e-08 -2.262491769530593645e-04
3.394890669881767131e-02 8.336404185974584744e-08 -4.113105632838298079e-04
4.330179608645234879e-02 8.446392947819295497e-08 -2.753483959587496414e-04
5.894929790026370853e-02 1.686266131598843419e-07 -3.707741310610621608e-04
-4.147103622485526220e-02 1.652463067939376608e-07 -1.223088713569916151e-04
5.413689047311409652e-02 1.145962568314868666e-07 -3.679081359218491494e-04
8.837072900836928646e-02 1.385790413626658148e-07 -3.719548058372209773e-04
9.008057955206139056e-02 9.603061069658305726e-08 -4.328300141881894023e-04
1.050589281172500389e-01 7.281187554593958839e-08 -4.637718859084642925e-04
9.975241426258796285e-02 1.381922928373353974e-07 -2.620487604009197704e-04
-6.847185146256806743e-02 5.148925461306833247e-08 -9.268691884138546464e-05
-1.058475452840128561e-01 9.473321733845234123e-08 -9.204320519675182870e-05
-1.985157370427625967e-02 1.139811455100103860e-07 -2.466485497100003661e-04
5.028105957247563929e-02 9.671292393098087301e-08 -3.932326894819608695e-04
-1.271031012901924218e-02 6.083590348751790770e-08 -1.993480568083583269e-04
-5.029885291565527883e-02 6.698020726690106574e-08 -2.939327500183074472e-04
1.777583414078121038e-02 2.940185613846023205e-08 -2.257963163270061246e-04
9.593239696804789496e-02 1.546497174218485905e-07 -3.503682756597998270e-04
-7.066400783871562563e-02 1.122499414739528258e-07 -2.555751891378069433e-04
-1.180992981546775678e-01 1.089663591673060831e-07 -1.713611838348891802e-04
-1.008199583660129850e-01 1.016513630566740163e-07 -2.805630393902746288e-04
-1.913220351939948216e-02 1.686632182362895315e-07 -2.516296963810189975e-04
7.108898963785037495e-02 8.524741918580081306e-08 -3.767012122675721282e-04
5.476237712420439774e-02 -1.056294891383259921e-08 -2.358265077263974529e-04
-1.096744616409613959e-01 1.173828045405428798e-07 -7.592683271436068636e-05
6.569037702310986937e-02 1.144733309187726026e-07 -2.832250523453646012e-04
1.135581533220677564e-01 1.733649427301089086e-07 -2.734691969036337315e-04
-8.543982177697917457e-02 1.302501660136422448e-07 -1.368655554328300852e-04
5.283826907672328765e-02 1.209631409316745418e-07 -3.560292741265091467e-04
-7.238454991765452817e-02 6.909879906440890246e-08 -8.842859225245602232e-05
5.364037076587235831e-02 2.994038445484399255e-08 -4.275855203413407276e-04
-1.107305242391432021e-02 1.392208973716150029e-07 -1.308057432385855367e-04
-1.021026911107988377e-01 9.341212095439175428e-08 -1.627152442936998693e-04
-7.621133153761017187e-02 2.319172199111049596e-08 -1.453948834885511682e-04
-1.620821676437367298e-02 8.412221698444525586e-08 -3.359536983771890871e-04
1.368722496610174089e-01 2.260616290792277632e-07 -2.605287961160258556e-04
-2.584052016324789314e-02 3.227833337718996851e-08 -2.548065184266408629e-04
-4.299905991148400553e-02 1.529262602399020108e-07 -3.398531794940603894e-04
-8.435618971945002542e-03 1.433542939260088750e-07 -1.560543332184765003e-04
1.795860578344332659e-02 8.963560349886262045e-08 -4.591120703550563261e-04
-1.572671005719061821e-02 3.868984145628287444e-08 -3.763754492906024171e-04
2.703137279686940175e-02 1.513785245081805556e-07 -1.793872296925029823e-04
9.032763535721066717e-02 -7.845632371476668289e-09 -3.029690034175754054e-04
-6.331237397106015408e-02 4.648626860573015778e-08 -9.715140470285788758e-05
2.714105761531160343e-02 -1.848083316191850541e-08 -2.121117523872834056e-04
-2.747219545565005028e-02 1.925881336027475433e-07 -5.078860860352658619e-05
-3.080864306356423388e-02 6.728567279797780087e-08 -1.534143249024872574e-04
-5.376388661385711476e-02 4.537386037247432272e-08 -1.910032047175721863e-04
1.049564731371246395e-01 9.998573825746640639e-08 -4.059473095796177272e-04
-5.239189427840107438e-02 1.758163780921210391e-07 -7.668578903376131717e-05
-5.627233164702571955e-02 1.626992813032668128e-07 -9.236388170721896470e-05
-5.170817631133317605e-02 9.625785560616907434e-08 -2.405131033991183209e-04
6.090165056877006045e-02 8.259559687741984147e-08 -3.832658369025160219e-04
5.389020148914935859e-02 1.339562092905301857e-07 -4.344881824541692501e-04
1.005632115226207102e-01 1.388085430734785388e-07 -3.377626803851576883e-04
1.881917791640952409e-02 1.879623410685265457e-07 -1.774440056069927522e-04
-8.845946365764811858e-02 1.141143351956948091e-07 -2.650092470926469312e-04
3.343759451187366949e-02 7.276922455053724315e-08 -3.320434715522117938e-04
1.179428752858595608e-01 1.721693239835175813e-07 -4.387730584406953119e-04
5.609677390769784999e-03 1.668162088430198009e-07 -3.213329997116840604e-04
-6.363967440319329150e-02 5.305296272476628221e-08 -2.469991471999847567e-04
1.840574908960901368e-02 7.908035278646304768e-08 -3.328261369908737648e-04
-6.182258261453998927e-02 6.625527242549064343e-08 -1.914611620325745072e-04
1.240932502952148964e-01 2.191124593855181597e-07 -2.899157593938941945e-04
-2.342784869921477053e-02 2.587846120633314950e-08 -2.387532206213272739e-04
-1.101105265636811437e-01 9.165072428850930428e-08 -1.096516161341816768e-04
5.385097685905393394e-02 1.648285336365079108e-07 -1.878501664086584583e-04
-4.299948118496743632e-02 -2.996332298700494337e-09 -1.957209575307025445e-04
8.997995637261668733e-02 8.074020164151844994e-08 -3.675477539215171990e-04
