-8.423059188109149886e-03 1.133034965366292846e-07 -2.444762136596297921e-04
8.606220362704652960e-02 1.487480520061871849e-07 -1.511988866179371472e-04
1.410289334681191775e-02 1.452711597018038003e-07 -2.182609896521327188e-04
1.016069405874606701e-01 2.138069262095868675e-07 -1.333796980916628571e-04
-7.397739358141086630e-02 7.651572970416158859e-08 -5.132828179547763896e-05
2.134888740182505629e-02 1.813025334721615682e-07 -2.791881513000136258e-04
4.190801014122147450e-02 1.396291819468848577e-08 -1.271704920721416772e-04
7.151741271855327486e-02 1.457184570388130597e-07 -2.805925446665951100e-04
1.373973254652749443e-02 7.581025152498227161e-08 -9.137880146951101595e-05
8.400264885490082989e-02 1.401575241881962921e-07 -2.545473898745056595e-04
-3.345271303520502837e-02 7.737330600892773950e-08 -2.644632676622678301e-04
3.733419522938297153e-02 6.445159280347960101e-08 -2.889093692645291729e-04
6.331815114340355599e-02 1.469726272229595846e-07 -2.865848350064368710e-04
-2.957627191758449570e-02 3.732057068407118240e-08 -1.659167886527633225e-04
-1.831881704175497561e-02 2.134725261203498256e-07 1.479000802638260389e-05
-8.682341248066882677e-03 1.342384670021050496e-07 -1.663790084733081018e-04
-5.470737991311247495e-02 1.639221720868800823e-07 -1.810801564917391036e-04
4.032207054810377223e-02 1.509133064729194000e-07 -2.789623103023997725e-04
-4.046250554911368091e-02 3.838688130275827191e-08 -1.245585011740079023e-04
1.962912497886448726e-02 1.103116807355269552e-07 -2.891481194668962590e-04
-4.517124456688148548e-02 1.371020559159667319e-07 -8.891135792063974402e-05
7.455843412494933542e-02 6.463205704088168881e-08 -2.672291937992847923e-04
-1.640791433560895296e-02 1.522334999576808555e-07 -1.218574206832548151e-04
-5.862085524676385884e-02 1.082635735326987910e-07 3.358193752910380511e-05
3.586822889058705055e-02 5.964454181183144083e-08 -2.481404697074212793e-04
2.022324808156628073e-02 1.051547024291193139e-07 -2.091577304845708256e-04
2.515067644088031518e-02 2.126191910207053342e-07 -1.007769547468049566e-05
8.303081683157709225e-02 1.776272114773446803e-07 -1.273779615819989732e-04
-8.648094557782326497e-02 1.327023868230416820e-07 -1.669854439076944312e-04
-3.306870512990967015e-02 5.582934654838192252e-08 -1.978073416380921772e-04
3.178680324449023598e-02 8.601490677574672995e-08 -2.777097740098737793e-04
4.585353776108491708e-02 3.570385953880099593e-09 -1.577912065854157738e-04
-9.613127432991175336e-02 3.281314580301975276e-08 -3.500586587692024795e-06
1.176795004853370408e-02 6.592923981938998835e-08 -2.958834332090108047e-04
7.501788916483453917e-02 3.803591424006273905e-08 -1.814650457787073882e-04
5.717157511336223852e-02 2.086740993902286295e-07 -1.093870673218625637e-04
-2.085484033944307036e-02 1.485823396029891618e-07 -1.692769986900384332e-04
1.945743621447748595e-02 1.311990027891410674e-07 -1.923887698015172782e-04
2.515598045128886184e-02 1.825686078366878450e-07 -1.479787492703048702e-04
-3.825645007694133959e-02 1.025490353099298800e-07 -6.217569668170546933e-05
2.214087591927826892e-02 1.190091977403468351e-07 -3.236685671439787988e-04
-3.545308760436316486e-02 7.538807860688263410e-08 -1.393598268215175346e-04
-1.642642337763899896e-02 1.038274552642498645e-07 -1.866963746412694802e-04
3.321644891155484114e-02 1.827254242463565610e-07 -1.769421669931438420e-04
2.328078274937817049e-02 8.717674483470800723e-08 -1.693005414744786668e-04
3.592876954458856797e-02 9.748295068890889365e-08 -3.395512091325094350e-04
5.774946481363674167e-03 3.770002462950764142e-08 -2.439611186512730557e-04
-8.680104776865149585e-02 6.548575368363493051e-08 -1.367088858814928705e-04
1.153282175819347888e-02 2.008895809381551431e-07 -1.219725108784464030e-04
-1.660044859742582091e-03 4.955962062611271873e-08 -1.702082367834950268e-04
8.825092568901071743e-03 6.442127071338760741e-09 -1.629726658196048786e-04
1.184557580181976322e-01 1.833088328773976390e-07 -3.013059127277348389e-04
6.492656206929980911e-02 1.706465249904424013e-07 -3.660436778599669748e-04
-1.485969948977772237e-02 9.002367120701380377e-08 -2.447875588665343214e-05
-2.241993173497747183e-02 7.197097583223623957e-08 -1.565774379234341712e-04
1.366601707728909432e-02 9.372425050159051096e-08 -2.482586394095638235e-04
7.976289919449186527e-02 3.265303350138942890e-08 -2.661795331482637241e-04
-7.968417481435063898e-03 2.003870812122622568e-07 -4.672896695102023417e-05
6.148700877337254234e-02 1.755392283229739549e-07 -1.497428537699551146e-04
4.964008704725864085e-02 5.576819693473271013e-08 -2.520617221027578896e-04
-7.002173533156241803e-03 1.699167468855634211e-07 -2.372287161383644562e-05
1.252249447836171203e-01 1.275335753151913384e-07 -3.845351762627002672e-04
3.230951448096208711e-02 8.875732535486456541e-08 -1.118602511066622948e-04
-1.278048821420518788e-02 1.248052805301545284e-07 -1.892737551287517665e-04
4.214138521358268274e-02 1.735103826748642422e-07 -1.555859174494609069e-04
-1.398184394809398601e-02 1.882590789287497728e-07 9.909456262407524176e-06
9.468425368330202208e-02 1.289785495758274350e-07 -3.387396020294755443e-04
7.352170318657957893e-02 9.485744618991340620e-08 -1.603507032713477544e-04
1.145007775075166379e-01 2.185723226351844585e-07 -2.543128516012457666e-04
-3.626496184605609852e-02 3.627547027058894641e-08 -1.358248622063980672e-05
-9.379323353993318513e-02 1.230864383236412788e-07 -8.941284320177519777e-05
-6.656228285091436714e-02 9.245806231921350458e-08 -2.513861220505364882e-04
3.145461901896395851e-02 -1.322292770816834615e-08 -1.803499233480519931e-04
-8.422844084224023753e-02 1.128387249474786936e-07 -6.247944794888303358e-05
-1.507690958377960744e-02 7.425675521105128108e-08 -2.871308977371164945e-04
6.833530360332129572e-02 2.071922176133125620e-07 -2.441088117106649793e-04
-2.617488412229851402e-02 1.122206595599149468e-07 -2.111871115353908636e-04
2.333492541054826841e-02 2.751611397060780417e-08 -2.029865456040751007e-04
-4.614138336398476703e-02 4.965538774100320709e-08 -1.814994138882370018e-04
-5.655323297329106769e-02 9.918938918836241646e-08 -1.700377132770962397e-04
5.400361138187026455e-02 1.109782194899935019e-07 -3.924542684683369510e-04
-1.657923997723020904e-03 8.112492081170835915e-08 -1.237052789812857680e-04
-9.610663528133023270e-02 1.184572679638831298e-07 -1.661692244609396093e-05
7.283500460557712497e-02 -3.185053787000996642e-08 -2.736450262954373850e-04
7.694323930819924051e-02 1.120271262549037873e-07 -1.972841293556300388e-04
8.438658329076864639e-02 1.461780267070550506e-07 -2.068943985542370323e-04
-1.233390539459933155e-02 1.652653469033192683e-07 1.646972358790196574e-05
-4.949525154670775251e-02 1.202510023470746253e-07 -4.972435362745171667e-05
6.535959962093196296e-02 1.715796961662973309e-07 -1.910151484705297344e-04
-1.129786189792214568e-02 7.311347157614004711e-08 -1.164712010549637646e-04
9.535430735603156460e-02 1.949007846377362841e-07 -1.107913198025690330e-04
3.971475424124082387e-02 3.511510746056774430e-08 -1.304303518137540560e-04
-9.864727235220527302e-02 8.580623532677584777e-08 5.960366135079127499e-07
3.621000162217524743e-02 -5.711345205604888657e-08 -7.054664621146595517e-05
1.391455784217610070e-02 1.161676648549642697e-07 -2.752097664996355731e-04
-5.287319769915610479e-02 6.712039941844332824e-08 -9.448910192599169070e-05
-2.692716426519348172e-02 1.136261097126962080e-07 -1.465998463949450947e-04
-4.646142039548961655e-02 9.617552917054705230e-08 -1.746934718411835184e-04
6.914064126057772874e-02 1.227811741980895754e-07 -2.472440398952894169e-04
6.981705725105591398e-03 1.596382188934057113e-07 -3.023269294865264887e-04
-5.618519765336560390e-03 7.010096023940479731e-08 -2.853919112714031368e-04
-2.621631778427835346e-02 1.142459651645577442e-07 -3.244932951674060588e-04
-7.589604397728377805e-03 7.388112870450183911e-08 -7.381426728873157535e-05
-5.062315834869013376e-02 1.185648819066999019e-07 -6.263325774651595183e-05
-4.158654646812742772e-02 1.370289349252179011e-07 -3.488072580031876310e-05
-9.279735866873406458e-02 1.166745324516328726e-07 -1.543199569087083970e-04
-5.825901698576330112e-03 1.948603985018023030e-07 3.062692910384812563e-05
-7.357651094277872783e-02 1.340138029150302587e-07 -1.310374991814824443e-04
-5.695607727334139891e-02 4.366309406691598215e-08 -1.381546455460169569e-04
1.907452764667116885e-02 8.052825046203215871e-08 -2.737926676965174032e-04
-3.280814331910708592e-02 1.316636844642047324e-07 -1.971892917965651943e-04
-2.907702905825260142e-02 6.922101080462811363e-08 -2.014430453550131639e-04
9.039665337847668791e-02 1.026226779529445951e-07 -2.234857442417636142e-04
3.723534050308585641e-02 9.044831554551925610e-08 -2.167892620209614879e-04
2.642154168415233872e-02 -1.926177676202159600e-08 -2.010951342555051353e-04
4.557450969967957732e-03 8.290823955743940741e-08 -8.220335666767156517e-05
-7.036484000298393049e-02 8.012540297631199958e-08 -1.197853832892500220e-05
8.433475095497600105e-02 8.159949899717446871e-08 -2.451330345128009550e-04
-7.043468202965863512e-02 1.790228710332253798e-07 2.282039528793443958e-05
3.722738934557268120e-02 1.556997186841956879e-07 -2.457940879196469030e-04
1.538809500183868639e-02 2.038550518919251849e-07 -9.225202364770534579e-05
3.718819949488350041e-02 1.443049910311587567e-07 -1.836922731212676022e-04
-4.761847680303632480e-02 6.894419491283799803e-08 -2.407098915918020720e-04
-1.808090326458233754e-02 3.510721453438231325e-09 -1.706914326984943539e-04
7.809289191913770800e-02 1.030871139094871629e-07 -1.780643698658238082e-04
2.839666194567458390e-02 1.671404698248199917e-07 -1.242151710286200611e-04
-8.962675292214172806e-03 7.767605482343565245e-08 -1.546858460277942356e-04
1.523453234832483627e-02 1.108757208478113538e-07 -1.059040291914283352e-04
2.218848745924228982e-02 5.945573563750877114e-08 -3.040940422235188225e-04
-3.975000054298438723e-02 1.307660495530430977e-07 -1.809502786885061989e-04
8.705721200493554690e-02 1.624256392329704188e-07 -1.421229939374053948e-04
-6.458352500102648719e-02 1.357655484169729334e-07 -1.162390601816644441e-04
-4.447298185837900153e-02 1.020292917079160608e-07 -1.725088737190691630e-04
9.543024279959011480e-03 8.313120993662907041e-08 -1.771972717939308448e-04
2.930340663883657104e-02 1.851193465810080782e-07 -1.846599064358171879e-04
1.431208461809522214e-01 1.882255182399680133e-07 -1.923333204417001553e-04
1.360465163630760754e-01 1.488639215904619891e-07 -3.723132394436404094e-04
6.044379922939724370e-02 -3.406236581675843273e-08 -1.613607478283772534e-04
5.182040935202092413e-02 4.124241022027650105e-08 -2.309805768055384328e-04
2.198361347306887481e-02 8.726066887048285889e-08 -1.818851237218915482e-04
-7.322217178558632078e-03 2.219916274451172006e-08 -1.818412393192581729e-04
-4.944958198249105319e-02 1.828546659955565558e-07 -5.574209715091151115e-05
2.749487792234828198e-02 1.124257741793807774e-07 -1.681333631145646187e-04
-2.134839680436317888e-02 1.265466694284616292e-07 -1.159724804098739034e-04
1.327226237196921232e-02 1.725092992931815279e-07 -1.665141272782999721e-04
1.613541488051695172e-02 1.870844881432987639e-07 -1.247240434378695602e-04
1.035542833805591645e-02 1.367261576807809632e-07 -1.816481612183409703e-04
6.320951603329016955e-02 1.915866680917368118e-07 -2.406403004388188427e-04
9.278619325253234518e-02 1.819414085087708680e-07 -1.734249088350591969e-04
1.114453133698756204e-02 1.199117654527349180e-07 -2.653079685354664541e-04
1.389970353604541575e-01 1.666164059857773158e-07 -2.187456813683178673e-04
1.372044086394741402e-02 6.357979609574397749e-08 -2.790904709454285551e-04
-4.234982669579445691e-02 4.902499270165133035e-08 -1.905377797454533813e-04
2.043489544212651055e-02 6.197919557274916814e-08 -1.600675800475487136e-04
8.182698657523557184e-02 1.632675291777914103e-07 -2.508218510245655724e-04
6.153715373446400072e-02 9.617929576712548880e-08 -1.390881393694446625e-04
3.249634762209674399e-02 1.806230235343387104e-07 -9.966331649546508742e-06
1.564496049624475305e-02 1.139799321483309642e-07 -2.097892363202678455e-04
4.806738584617942234e-02 -3.978006205019933758e-08 -1.329398424301966148e-04
-3.513752894918631409e-02 3.574017410173955950e-08 -1.467389155487233048e-04
1.167884253776128034e-01 1.272658936871972264e-07 -3.761302216212567386e-04
-7.907166531299192336e-02 4.477909990736061431e-08 3.162868394346757825e-05
1.382584670494935164e-02 6.562451949064851575e-08 -2.959451165262157461e-04
1.132360581978364422e-01 1.200275819098833312e-07 -4.148610653826475224e-04
-1.339080281937277128e-02 5.247149051766647982e-08 -1.628341904400303563e-04
-2.189305005994712783e-02 -4.307730058544397941e-08 -6.348400567169091777e-05
3.248803178472425834e-03 2.201851313841201057e-07 -5.719053239904085513e-05
-2.713878172309869274e-02 1.810554274033365649e-07 -2.464283389409395843e-04
-3.457794157384863620e-02 1.719301103020816352e-08 -1.652074530700367073e-04
-4.870344274397431228e-02 3.732814233578626108e-08 -1.344680653573493889e-04
1.167906915801075751e-01 1.062645937706214416e-07 -2.805374608019391689e-04
-4.515687206457830172e-02 5.379925685028408444e-08 -1.392753929479448641e-04
5.823199922661348449e-02 1.940786436075863704e-07 -3.356054709230453471e-04
1.453719491730881552e-01 -2.674476553456442544e-08 -2.194991450509311800e-04
3.719245097177836801e-02 8.427767230278713059e-08 -1.104948164119137571e-04
8.201617369352565134e-02 1.750629902974515285e-07 -2.892960218314427710e-04
-1.275049785406701108e-02 7.737288965956545319e-08 -6.988600507792789348e-05
3.269311613237424474e-02 1.356009491707817190e-07 -2.443368343267919530e-04
2.983100409943117981e-02 1.797228987595561768e-07 -5.977441505272153548e-05
-1.063857475086371629e-01 1.297861675088965661e-07 -5.767542224352386997e-05
1.102475338159438767e-01 2.013087389620698637e-07 -1.513626684583119155e-04
1.360405490396542350e-01 9.209160140931745873e-08 -3.368295840931143938e-04
-2.236465082525085357e-02 2.497297828424531230e-08 -2.424522785456199891e-04
-8.618662797563292344e-03 -3.784202025045545026e-09 -8.659583063683353290e-05
2.504901735935260998e-02 1.318469885294982010e-07 -2.643067009210490798e-04
-6.495179240772175344e-02 1.005621008614308823e-07 -1.701456858902197203e-04
-7.729508127000550566e-02 5.916924666050054040e-08 -1.712270285602977143e-04
1.058215999867385682e-01 1.627145279068410069e-07 -3.467883436560482264e-04
2.434194579464754593e-02 8.924624967457450523e-08 -1.596060554197050287e-04
-1.812661191109832259e-02 1.344207751036504300e-07 -1.804222529400635491e-04
9.332884841844524271e-02 1.218653089613548056e-07 -3.464810123303717956e-04
1.102129099929045619e-01 1.847733268366591769e-07 -2.326460134625465699e-04
6.730548792058299590e-02 1.932375561707206853e-07 -2.014631834752546346e-04
8.345267347553575465e-02 1.575211805819408997e-07 -2.373444089539750233e-04
1.065247804248958818e-01 2.198156248490275514e-07 -1.356802061946814483e-04
5.657276536483335505e-02 4.411253777854758788e-08 -2.700111457869071373e-04
-5.123877831048950782e-03 1.350060527260179735e-08 -1.253086195791931539e-04
-1.991908700886690919e-02 2.077195629722345110e-07 -2.209839710982437104e-05
1.762481544702165781e-02 1.626489173204588281e-07 -2.652661438423152334e-04
5.592000391206253251e-02 1.900448023239122565e-07 -8.569611372374630895e-05
8.660492821374354833e-02 1.645252407956383989e-07 -3.800149574132272818e-04
1.090241224562289446e-01 6.644815038198083862e-08 -3.191236538668820667e-04
-1.012141126746801678e-01 1.352612615415715879e-07 -3.283992058112733493e-05
1.003692284627557552e-01 1.459779474236351955e-07 -4.410584620633194414e-04
1.612904697860815251e-01 1.579829707267826076e-07 -2.133824183987465006e-04
-2.533012678652746263e-02 1.011499715257472655e-07 -3.001906748929213716e-04
9.343781050175692382e-02 1.101115508624751081e-07 -2.377345415903886906e-04
5.434319911096152644e-02 1.182105818752134167e-07 -2.522560661793038636e-04
2.303228108119903528e-02 9.357015474226712087e-08 -1.651621591043462092e-04
3.820363139546334441e-02 6.385791933546625969e-08 -2.430939589726737024e-04
9.913086122877112771e-02 1.375787783841505175e-07 -1.842094996636950877e-04
-3.641135293096975367e-02 2.029107526883708218e-07 9.156799137346484634e-06
3.124351263862346073e-02 2.383516162921508477e-07 -2.506934282544652764e-04
-4.829664222262453066e-02 1.105924167958332224e-08 -5.594346799379511410e-05
1.952513311872250412e-02 1.214059223468031119e-07 -3.382073362139582950e-04
3.979878924445201527e-02 1.404194392328918802e-07 -9.279380882955539245e-05
-9.207902214847962785e-02 9.455650023958057289e-08 -8.394384200276962401e-05
-6.446201218071556660e-02 1.695079382016662081e-07 -1.078357072956529275e-04
9.974590866604471362e-02 1.177781726178267973e-07 -2.470739167368491362e-04
9.084514313534874930e-02 7.928229815817086004e-08 -3.236459255601058346e-04
1.083704507133471662e-01 1.520433255005524473e-07 -1.704046633487264837e-04
4.594950568618694220e-03 1.313487651956903014e-07 -2.403897208000506196e-04
2.267451421628641217e-02 1.474219583991979870e-07 -4.732944817462618860e-05
-4.106788411847861475e-02 1.349058543746428614e-07 -1.758319864690154597e-04
1.298498411333852687e-01 9.811225976061026682e-08 -3.856835833039082132e-04
5.190812143300860271e-02 1.142833661186516433e-07 -1.967480926381777624e-04
-5.100407796161388063e-03 3.309383539223511882e-08 -1.544196523679308480e-04
2.511699905024700197e-02 2.154570574604753698e-08 -1.814220034217231764e-04
-6.264622177724565866e-02 9.835436223056638971e-08 -7.420588652326271656e-05
8.818018541363759066e-02 1.793636169277491261e-07 -1.059340710386848282e-04
1.498015106023523613e-01 7.824949142897988488e-08 -3.207105621617638465e-04
-1.957178613384680244e-02 1.581685323724971528e-07 -1.675370347983806403e-04
-9.067789358435884850e-03 4.585368333381164428e-08 -1.240160684549808736e-04
-3.925874492689218620e-03 1.922554163862194659e-07 2.577045937316699330e-05
6.192309079529167981e-03 9.679996062491636477e-08 -2.278631841129419300e-04
4.994906482556782379e-02 2.096652688147000166e-07 -8.909449069887775529e-05
-7.782655032937557671e-02 5.173299714503446688e-08 3.421803650480604447e-05
-7.452270713770092758e-02 1.118850765567861991e-07 -1.912169759375202715e-04
-2.814429621550584848e-02 -1.075809624858687395e-08 -5.685930616225378514e-05
-2.301386539967587019e-03 2.126499026772561351e-08 -2.180157215501910754e-04
3.433203454681665878e-02 1.465723264950728527e-07 -8.147424672838414223e-05
-1.574636821170305456e-02 6.700242392001475442e-08 -1.602958424884806134e-04
-3.869963159981226752e-02 6.398318506845931443e-08 -1.522193192730767137e-04
1.228962161291803357e-01 1.938346651473243783e-07 -3.143376690930731925e-04
1.504384786010837249e-02 6.328773010980572884e-08 -3.322415648303092529e-04
8.454333762203347646e-02 1.418624660640955387e-07 -2.496214984067444791e-04
3.127105590286138881e-02 1.826078904727690980e-07 -1.842807341347611110e-05
-4.802813499371438866e-02 1.152905693163737357e-07 -3.186031158829898211e-05
2.728887377566058259e-02 1.062233514286907071e-07 -2.620617598342179621e-04
1.761255701294550668e-02 1.868847311881539689e-07 9.477026796346694256e-06
-1.061648401151732424e-01 7.228785613959233891e-08 4.815024419874299171e-06
7.326265481134430768e-02 1.009756060530981302e-07 -2.234383467822581939e-04
-2.042382035397594109e-02 1.472077766140993220e-07 -2.967337312142453824e-04
-9.910510250531912035e-03 8.821727530225399950e-08 -2.440053190910901587e-04
-5.040735569780685488e-03 2.188379187963692440e-07 -9.251665884107911184e-05
1.995964769345714984e-02 3.812430141648926110e-08 -3.126568451807906117e-04
-4.778886023499551161e-02 1.186077219000579040e-07 1.932220330902960749e-05
1.075075371027754967e-01 1.399287618394378296e-07 -2.590068480583445710e-04
4.918843754969159932e-02 -3.947590256046372734e-09 -1.360307513574498194e-04
7.847808849686266353e-02 1.157874022444434306e-07 -3.354468628116273610e-04
-2.090626530337202915e-02 9.267082743765398712e-08 -2.228374997273875982e-04
-2.606200948809334061e-02 4.620226402658629677e-08 -2.662916554238766191e-04
-1.044893848365675559e-01 8.436946592188609448e-08 -3.353009655791941478e-05
-5.106413825115119209e-02 1.162138053217683266e-07 -8.570913816415909802e-05
2.992548026462860111e-02 8.690432776485753320e-08 -3.382726339880404815e-04
7.463455137838959086e-02 1.335745927052669543e-07 -2.927004098675626458e-04
3.335271286385577127e-02 9.674485117491194550e-08 -1.017235690229663478e-04
-2.933449224016104750e-02 4.973846407009939530e-08 -4.822073677441905811e-05
1.509803792814016221e-01 2.195782032422259898e-07 -1.326799659040037746e-04
-5.767325165151926392e-02 6.863616974147338286e-08 -8.743631856058921097e-05
2.454990195019723931e-02 2.306976490110077651e-07 -8.330577984700060458e-05
-3.171950496993192203e-02 1.249926560803763684e-07 -2.720611480929238115e-04
7.009946947592449185e-02 1.651595721318533710e-07 -1.332344991304063638e-04
2.264459067802304659e-02 7.384179514456669106e-08 -2.530553686271349700e-04
-5.334933455465762364e-02 1.220492538803220049e-07 -5.986986377984630705e-05
1.294978470231855638e-03 5.200794234913813295e-08 -1.017781332132912690e-04
3.148655546190415322e-02 2.486447356780743379e-07 -1.979046002744927046e-04
3.034485637883532760e-02 3.038025503368041552e-08 -1.553509912102267801e-04
9.933630963088713184e-02 3.294810233574542844e-08 -2.024017910000335961e-04
8.102692927273869028e-02 1.527449288906139694e-07 -3.039957158152880581e-04
3.919655993474768785e-02 2.108108786783661567e-08 -1.941348403450841495e-04
3.555116230752575213e-02 1.092898676252922173e-07 -1.748046888691551887e-04
-2.629172925182921006e-02 1.628764035220587662e-07 -2.092154679057091685e-04
7.758297224708243789e-02 2.205171205632722517e-07 -5.037460074291700294e-05
5.390041904515674442e-02 1.600513172452997027e-07 -1.156210317973234783e-04
2.964241797371591769e-02 1.200391333108200500e-07 -1.931020335371885516e-04
9.507141789946049748e-02 8.464763234412596129e-08 -3.565108276136488234e-04
-1.873902760684509339e-02 8.974107165272532507e-08 -2.593394731899538864e-04
1.122263442108758502e-01 1.993648694481546901e-07 -1.803377234456677160e-04
2.981037619469661948e-03 1.739727291869676621e-07 -1.651265421808226761e-04
1.500045775032343709e-01 -3.942324869443276998e-08 -2.414865928263908537e-04
-3.521902103469631840e-02 2.422188479517105171e-08 -1.030652404099944870e-04
1.907157724528252274e-02 1.517443172256375042e-07 -2.510307127631652350e-04
1.542393580762146943e-02 1.285106737239330238e-07 -2.941897523180438383e-04
-1.512799530682251703e-02 1.297702448388984813e-07 -4.021869927392973578e-05
-9.195375847733167074e-02 5.548094109914900160e-08 -1.991816118823572712e-05
-4.556036869279056489e-02 8.859047785442922343e-08 -2.194836460945133385e-04
5.125947175464640182e-02 1.117420048606013267e-07 -2.980058125316759521e-04
3.141444443886953763e-02 1.432290002005192659e-07 -2.081574452630774864e-04
-9.581574689758254326e-02 6.994879425417692590e-08 2.243334119064331784e-05
-2.785669664939949275e-02 -7.893183133810144363e-09 -1.536583931568039725e-04
4.403103588436840798e-02 9.532843061546345993e-08 -1.680514744594913156e-04
-2.772564391841836340e-02 1.241853976448903153e-07 -9.816876606323759742e-05
6.475085011544334801e-02 1.631566071006368979e-07 -1.955694623411125628e-04
-2.643546390079887232e-02 1.690370834535425378e-07 -1.449817193418882744e-04
-3.975054080465023620e-02 1.646797707425703350e-07 -3.382114289030339026e-05
7.887513608893725880e-02 1.276237915055909633e-07 -3.431972448886425682e-04
-7.816516397748174416e-02 7.094916802646162313e-08 -1.663827357116038014e-05
6.117675640282793648e-02 4.279164703896804879e-08 -2.274536526052970786e-04
3.834932311319261267e-02 2.234265597624186914e-07 -1.073502053947482002e-04
-1.024942588089636786e-01 1.402401024172164443e-07 -2.857544316467339153e-05
6.240048035706191598e-02 8.909595293603550705e-08 -3.923246030963193514e-04
3.683638189062765633e-02 4.489013168887917631e-08 -1.645309047803062579e-04
-4.765959309745926298e-02 7.149654508326472718e-08 -1.228345126903122116e-04
-1.575118770620009823e-02 1.410822298127067013e-07 -2.309811144482072079e-04
3.340011849212720652e-02 1.057351553009926350e-07 -1.537169838281694345e-04
1.607714471021592928e-02 8.299507584022303111e-08 -3.771114300855945949e-04
1.451631812593210391e-01 1.759370824376291563e-07 -2.718809100763771658e-04
1.637682468740209174e-02 1.017928205953856518e-07 -2.221317953497285735e-04
1.519157332965059837e-02 1.243383083838740780e-07 -2.137607992744327851e-04
3.328476961019943836e-02 1.406128325561422878e-07 -1.665134131201364035e-04
-5.439042590760689855e-02 1.513958244753428575e-07 -4.281741808639282420e-05
1.125618132030252738e-01 -2.701193039707122304e-08 -2.035016742058567540e-04
-6.682736495567964674e-02 1.185429347524422008e-07 -2.155819011488377152e-04
4.986504170561001370e-02 1.174594432668213461e-07 -1.332137378423091151e-04
-3.615468700345680908e-02 5.171650459982685129e-08 -4.742371512312309545e-05
-2.078083968685706662e-02 9.602335978682251439e-08 -1.094746770115862802e-04
4.883182994528156851e-02 1.773018576021362330e-07 -1.199376202561228848e-04
-2.865277222610906893e-02 1.421043664160986792e-07 -1.491073454294673589e-05
6.649784276420933615e-02 1.245275883168200241e-07 -1.963181675479133009e-04
-5.785292866977898019e-02 4.412415722097172421e-08 -8.346326992370777182e-05
7.550373381392194716e-02 1.507816493813572918e-07 -1.242178345422807197e-04
-2.933600032598837615e-02 1.267330366485739207e-07 -1.937225610343320690e-04
-2.033289364747270511e-02 1.006955982935678699e-07 -2.948004575666335727e-04
8.405178620432429692e-02 1.899903212048061302e-07 -1.096832498052031208e-04
-2.260318911993686175e-02 1.158327781926621348e-07 -2.765520771067948034e-04
2.688748998481371721e-03 2.125274607992003967e-07 5.408116661186936069e-07
8.909214018630873255e-03 7.350225922178454448e-08 -2.928102092416307056e-04
1.553412119984570738e-01 1.955534266564491190e-07 -1.872741215276507861e-04
8.718848629946496231e-02 1.022844283946895026e-07 -3.239454195669594794e-04
1.914962043390056046e-02 1.027272995295408350e-07 -1.890325364817468869e-04
-3.949288131626849108e-02 6.600675454331146759e-08 -2.199518550264401343e-04
-6.608101370701435773e-02 1.230451047863918281e-07 -2.994177849229611647e-04
-5.869731403496158961e-02 1.903820045520779350e-08 -1.567141979590027507e-04
-3.340459031840470328e-02 1.386284107641285063e-07 -1.285316049116447343e-04
-1.119654385482005132e-02 1.625481300602538235e-07 -1.502171779925403456e-04
4.406217306628701369e-02 5.213064380289060021e-08 -2.345843233075032219e-04
2.386111929388601283e-02 1.403236185690017115e-07 -1.332762253570635386e-04
-2.613166885706252884e-02 1.457537271042996518e-07 -1.178446365564365277e-04
1.365104111165593714e-02 2.556374365883378766e-08 -1.711742526719269312e-04
2.309494205245121723e-02 1.388307687953186077e-07 -8.505756591029928941e-05
-1.825552040780820118e-02 1.100560303058426523e-07 2.463932914995573724e-05
-9.583610238177719953e-02 5.496344294949413139e-08 -5.912568904913528215e-06
1.228860291987321496e-02 4.944299444159541366e-09 -1.800270442321232566e-04
-3.895129009393694108e-02 1.087235676289162117e-07 -9.193920633604533814e-05
-5.191254205600148719e-02 6.589751166129385379e-08 -1.422286418982365169e-04
-3.142922810992820892e-02 5.850948696662387547e-08 -3.081108507528904474e-05
6.348268382455501957e-03 9.315694350290628767e-08 -2.413545278754752042e-04
-4.872931850377082430e-02 1.182175164595628323e-07 -3.150051022888931051e-05
-3.758359464324922961e-02 1.472807707579454827e-07 -1.757771807291129440e-04
-2.312127307711386859e-02 1.879379592392046540e-07 -1.576012977716955907e-05
-7.234298437797559433e-02 2.427512635364082924e-08 -1.007847310410505868e-04
-5.361498970697431421e-02 1.256269176695192274e-07 -2.771665285603871045e-05
-2.577582238075426524e-02 2.188509998068714840e-08 -8.558791972281660186e-05
-2.798916805078988101e-02 4.646624803862044766e-08 -8.014282656361671137e-05
7.685931677287860531e-02 6.736216151860513971e-08 -2.060023514145277370e-04
2.715372065934551493e-02 -3.683997443433741481e-08 -1.843366546083220075e-04
1.507925474186211368e-02 1.449439872048946063e-07 -2.799832661599193327e-04
-6.650155857618100796e-02 8.650774709875382916e-08 -4.387347416398058603e-05
8.391212516438995017e-02 7.409458522424379972e-08 -3.386264134560696944e-04
-3.609812643167964463e-02 8.304219389323352097e-08 1.123201085484628161e-05
-1.952265220214410846e-03 9.256752350963009371e-08 -2.954902745351057811e-04
-8.954641363614579408e-02 1.731258995605399104e-08 -4.327360176376829522e-06
-6.129028763698729509e-02 1.559265755804048532e-07 -4.789058205321132392e-05
1.888959162971715067e-03 1.534462769183426179e-07 -2.728560825859302052e-04
5.247214674556288649e-02 2.262101569783267818e-07 -4.590309408890601598e-05
8.805238090360822945e-02 9.503819385295559259e-08 -3.294981739060946660e-04
3.770638578277130115e-02 7.553518708914220840e-08 -2.339222044134402906e-04
3.980627096018785060e-02 3.909156383294337465e-08 -2.367719696169108101e-04
-3.022714315913588301e-02 1.461347658589231185e-07 -3.839698902074204293e-05
-3.773092657374688130e-02 1.191464601263540501e-07 -2.521657108575871449e-04
-1.355894287034087320e-02 5.621657328254744633e-08 -3.061504380380736831e-04
3.828763326244666310e-02 8.150742533387919514e-08 -1.948498777387634034e-04
6.929506850750644098e-02 9.167737210779205671e-08 -1.558243706961927268e-04
-9.899142701631391539e-03 5.131479120097965435e-09 -1.944790632127166969e-04
1.537731428176739579e-01 1.945582565250664494e-07 -3.619788952269952865e-04
-6.253781256873636174e-02 6.094970968326231954e-08 -9.069697769673582726e-05
9.594571782274718963e-02 1.372133423466708611e-07 -2.595401129908488265e-04
-4.449320193614214602e-03 8.672345394281306774e-08 -8.878323750973203575e-05
1.313858913893550806e-02 1.108347339099979061e-07 -3.369073942806287674e-04
-4.376665085628317353e-02 1.974540526557569390e-07 4.006250253148343696e-05
-1.029789946739865236e-01 1.205742119927827297e-07 2.917982616571401962e-05
-9.211431913953238571e-03 4.121932225599702407e-08 -1.740653181470449716e-04
-1.301054533320600282e-02 1.158357194070755299e-07 -3.580865544274386110e-04
-1.854881973307564991e-02 9.783255565262538665e-08 -2.845695763412067801e-04
9.002718645583396295e-02 -2.986484488537657995e-08 -2.069560397395318982e-04
7.030409983024310527e-02 1.611127385638888886e-07 -3.632071761433226863e-04
-7.739202841606851457e-02 3.291324407433964479e-08 2.705478304211811433e-06
6.549355760447361785e-02 2.152413873788420658e-07 -2.460563773672001277e-04
7.894612211696694359e-02 1.742733206716704300e-07 -2.681037967827741499e-04
3.143521474097121793e-02 2.477303222265637429e-08 -1.332623991268019881e-04
5.430561527380939335e-02 2.494393098084290008e-08 -1.951604119146358319e-04
-4.717861485842289593e-02 3.739731390542774057e-08 -7.100718042952781093e-05
-3.670008142512359850e-02 1.257694911125176072e-07 -1.161687398782148910e-04
-8.620494394442845820e-02 6.628940350712141638e-08 -1.160794516876785770e-04
6.851884734361157747e-03 1.610462123209884555e-07 -4.449527033808327228e-05
-7.235408539631604796e-02 8.120605712122051397e-08 -1.315791038166074054e-04
4.688313521611364720e-02 1.671051740234275374e-07 -3.903436175077640248e-04
-3.871518722576994254e-02 2.269585645702632849e-07 -1.433873625750487618e-04
1.098493695994947617e-01 5.019878494199565295e-10 -2.446426314704785478e-04
1.009430513643936322e-01 1.937463475603591541e-07 -2.441443095713559212e-04
1.602555794212001672e-02 2.037734705299508406e-07 -3.077487256637999866e-04
1.179320479185447246e-01 2.128903249953342615e-07 -1.555452996835219920e-04
-4.637420843348005750e-02 1.069785465531735030e-07 8.245147162004356958e-06
-6.537065644771355988e-02 8.195313536591372613e-08 -1.030458071597980792e-04
-5.327792544678866538e-02 1.931967330751460007e-07 3.701966942288231277e-05
5.178225483489684589e-02 7.948799623764273205e-08 -3.095521821761514363e-04
-5.684856841923158211e-02 1.190885160353740345e-07 -2.708251948957141877e-05
2.835310325103912454e-02 1.750108696207888647e-07 -2.291935993925200597e-04
-5.167850104351590090e-02 1.851766895672685539e-07 4.602143021980036226e-05
6.119582875553342127e-02 1.512584112049532260e-07 -1.002246470390089008e-04
9.839881423620155942e-02 1.910263448903457486e-07 -1.639628600238200089e-04
-1.256458576696217744e-02 1.627545479950610621e-07 -1.212557277670863853e-04
-2.342084245773423667e-02 8.514514466952692819e-08 -2.290098393105047118e-04
-2.015366212968605630e-02 1.032300066816117674e-07 -1.361035153893001880e-04
4.125660774463724145e-02 1.429509889748139324e-07 -2.215044535888404775e-04
1.897888381475554276e-02 1.218549118540710992e-07 -1.392050445713065179e-04
-4.460867782705102425e-02 1.575417519730687421e-07 -2.229251009470238631e-04
-2.412905404093268480e-02 9.241435606350501527e-08 -4.009315714824477229e-06
1.301518625898800963e-02 8.154065187525527109e-08 -1.587702683165446548e-04
6.669610055012775707e-02 7.194455839515154854e-08 -1.556173826189213123e-04
-9.050187203880832865e-02 1.451108652551527619e-07 -1.540153101060807018e-04
-3.590191335350945145e-02 2.025620807525308412e-07 -1.305618132092652660e-04
5.804626165357185119e-02 1.045756290122432661e-07 -2.013516111941850834e-04
5.709116383703971565e-03 1.472178354301971007e-07 -2.854459315533043866e-05
2.220846860443881354e-02 5.413473752887948450e-08 -1.537610320322690971e-04
3.692570619885515715e-02 9.493205116026229211e-08 -1.672248260254174967e-04
-8.961148821110009877e-02 6.022673773119984121e-08 3.666597529977688209e-06
-1.662070907609125570e-02 1.357954642488050178e-07 -1.750313296478987930e-04
-6.580669422766538545e-02 1.320419442759186209e-07 -1.879247275331152531e-04
-7.072802593944849114e-02 1.735273941768501190e-07 -9.652992368015445479e-05
6.801272984196093940e-02 1.498898788050629494e-07 -2.275112878752642192e-04
-5.016177291974055485e-02 1.775487331626308898e-08 -1.835074286719041428e-04
5.847547642299888437e-02 1.209069194183152241e-07 -1.934542520111135237e-04
5.406317400978766230e-02 9.187601797126305142e-08 -2.576208615450725509e-04
2.434963017293034770e-02 6.729481047125853979e-08 -1.729719963893911958e-04
-2.644981289560288662e-02 1.662680150307983216e-07 -8.370865102160768138e-05
7.126683982753079238e-02 2.014180998148160218e-07 -1.292468537772486223e-04
-1.099370499321450367e-01 9.224800959794271214e-08 5.305539674702692762e-05
-3.341207812076218975e-02 1.275348402628863222e-07 3.563591746184337477e-05
-2.176231657294203092e-02 8.218108450207576207e-08 -1.486565451795265717e-04
-4.450671456266719339e-02 3.971882600636265735e-08 -1.985970828948090822e-04
-6.774863914435269585e-03 2.085510398166788946e-07 6.703634851355777524e-06
1.280429416034566392e-01 2.157938078243621315e-07 -1.517561328501285914e-04
4.858017927910718292e-02 1.586006947464820965e-07 -1.562305541089319561e-04
7.291247553012925042e-02 7.913869303680526523e-08 -3.015784332628381956e-04
1.082549581078756651e-01 1.531968551519676323e-07 -2.073290585943560042e-04
-3.594073589370383459e-02 2.047653974237255766e-08 -1.033998648265047385e-04
1.162785235646046633e-01 1.693761217008137090e-07 -2.667798291276470479e-04
-8.026064136630950419e-02 7.410693348663530250e-08 -6.456279480305219956e-05
-4.448634942226059596e-02 1.135685978481513980e-07 -2.305083885830646608e-04
6.994367869736128895e-02 1.463285470018485013e-07 -1.720582252060132058e-04
-8.286523738490070290e-02 1.283087910315864382e-07 -1.097675059290882638e-04
-2.057498596544471425e-02 -1.384664409563814649e-08 -5.784275866668682530e-05
-8.751050789993231049e-02 1.151721251118311766e-07 -1.288670517011848216e-04
9.644530975902076975e-02 8.925357378260150601e-08 -3.269201657280006255e-04
-1.096959997114455021e-04 5.978567511113289561e-08 -1.078275372757515134e-04
-4.833169312906759885e-02 1.009909635224275605e-07 -6.000659201752195446e-05
-4.571337624306581748e-02 7.492712605142502491e-08 -8.357603440593689478e-05
6.682073550717171351e-02 8.413272567257858214e-08 -3.200973859007327912e-04
2.455104177106659513e-02 1.151003879358432856e-07 -2.722757443702280991e-04
7.634366608571818702e-02 1.340183562159584850e-07 -1.737910094573758446e-04
-1.018339353226627164e-02 2.454346029455006722e-08 -1.493537613141218700e-04
8.949042861829215045e-02 1.257367514016374335e-07 -2.279952174171825257e-04
1.819993834730904148e-02 1.346908224917452830e-07 -7.571102862463950428e-05
2.532783946652372720e-02 1.367082364974308365e-07 -1.473344497358052333e-04
2.914348544814138187e-02 1.556361923165904091e-07 -1.155058978915178775e-04
-6.227268900315563460e-02 8.172944988855511544e-08 -1.113293014222930947e-04
1.558481128015221095e-02 1.835886739979277329e-07 -3.050923883234303493e-04
1.017590730542979882e-01 1.398086641381215105e-07 -1.882302519063257197e-04
1.179871909132842456e-01 2.195195112779841655e-07 -1.396260151973004030e-04
1.046495899756654246e-01 1.705039751384051485e-07 -1.373336137142930433e-04
-5.038231362652134671e-03 1.469832391290823056e-08 -1.870656148103961008e-04
1.174480489093988611e-01 1.839040481421148361e-07 -2.515896334991160458e-04
-2.801871686385781768e-02 2.115008920746787535e-07 -7.461155278064713747e-06
5.440243395022714701e-02 3.630878551420118286e-08 -2.660692509218985104e-04
3.599677595523653739e-02 1.109841062413666015e-07 -1.634280429382817495e-04
-7.138321245408918436e-03 1.815566784693345097e-07 -2.951501592544198641e-04
-9.012731595386402894e-03 1.034146527360134091e-07 -1.606711144865266843e-04
-5.855383783528689268e-02 9.927554417598949983e-08 2.427058760095797234e-06
7.078864779951654640e-02 2.067828336030343427e-07 -1.156711092227358879e-04
8.654295666927092068e-02 1.216137787818486086e-07 -2.465247282051786929e-04
-1.132146975773430375e-01 5.042361141307110203e-08 -2.189889934164370409e-05
2.457089404827550450e-02 5.557668711838615357e-08 -2.242061310713113170e-04
4.296433243875985575e-02 5.892760572982238733e-08 -1.382210182665198107e-04
-8.522029088315052903e-02 1.791548775069493735e-07 -4.637380603228903435e-05
1.161933583848654417e-01 2.435703190357666502e-07 -1.544817414837143402e-04
1.126455022566266173e-01 1.439732743631586027e-07 -2.690221076989595056e-04
1.746418317446629676e-02 1.624888579200387475e-07 -1.566549202236274365e-04
-6.130984221062085737e-02 1.695576002641375038e-07 -8.172696161086291460e-05
7.763774053333760694e-02 1.071551505553745132e-07 -2.393169477435281309e-04
-9.734105612271048980e-02 1.116278141971608935e-07 -1.110296882354793054e-04
-2.423351689861363845e-02 1.107305137276609192e-07 -2.299449708300860197e-04
-1.673659307003361185e-02 1.015897785093478910e-08 -1.119160432843101542e-04
7.065747927163756881e-02 1.138722650184923015e-07 -2.543071776017151301e-04
-7.346324491887001873e-02 1.188492131586020881e-07 -3.828321253128267893e-05
-4.583783187071555076e-02 1.166324586007732210e-07 -2.773770468248047596e-04
-3.584400729960335319e-02 7.159837568414958424e-08 -8.516806048335909306e-05
-1.853233782118368644e-02 9.191109183207247349e-08 -6.920597224139072006e-05
-4.926959206803216418e-02 1.252294020283326615e-07 -9.966718917018326787e-05
9.628013139612245919e-02 7.764772422135681374e-08 -2.598101211547350288e-04
9.539173699677894191e-02 2.391371110329011534e-07 -8.182962164096483802e-05
1.698298659960828516e-02 1.824469790608776301e-07 -8.667187118192772868e-05
7.257223563343240258e-02 1.632450211879291093e-07 -1.332972575056603169e-04
-2.264021876366428820e-03 1.480181948384886195e-07 -2.690904643415695761e-06
-7.100004753292377124e-02 1.451759445269373017e-07 -2.170391840602021180e-05
-1.911934474000331896e-02 1.639102293820675253e-07 -1.961638925954085953e-04
-4.406443717562535944e-02 3.469795033072055468e-09 -2.902846502996853312e-05
-1.155188039100785158e-02 3.626192218379804220e-08 -1.314516919468144203e-04
-8.525760764615430976e-02 1.243007564836731877e-07 -8.119123885487605232e-05
6.392287229523840875e-02 7.681482342419797428e-08 -2.253766293581580416e-04
-5.871371988043994072e-03 -1.923864467595567806e-09 -9.275833544776941044e-05
-1.644747300057713968e-02 1.958549943280628821e-07 -7.499239992783470767e-05
1.431907766358586631e-02 1.595057509338802069e-07 -8.551842573469476154e-05
-1.008512952517692796e-03 1.736787307074193682e-07 -2.445031524491329345e-04
6.681126697594697017e-02 1.048964742476820826e-07 -2.756742192526588382e-04
-7.752148392218183304e-02 7.217495668978029655e-08 -1.427039192969739860e-04
1.386451705637273824e-01 1.635464099363528913e-07 -1.978456088085198334e-04
-4.609599242055273383e-02 2.375553302582221080e-08 -1.925243006791641453e-04
4.934104444458031757e-02 9.413693936156904483e-08 -3.386749468037020261e-04
7.714172114508732747e-02 1.617996774997173038e-07 -3.127288546480777500e-04
3.032976170956680484e-02 -5.084577856140758053e-09 -1.284049473382369217e-04
-3.030287450228563717e-02 1.599501864742768149e-07 -2.457105648672179999e-04
4.371635682963836977e-02 2.464695861730601037e-08 -2.788747876479974160e-04
1.549729968127877555e-02 1.769729970068259953e-07 -2.432247748551948194e-04
8.907535246111575322e-02 2.016263997201885456e-07 -2.667956981337115492e-04
-1.614830084537166588e-02 1.540556435163972248e-07 -2.519815793993816886e-04
1.785314066480114814e-02 1.260837570794601058e-07 -2.875212640525793900e-04
9.742135615211600097e-02 4.542552805892178996e-08 -2.162407564447968596e-04
-7.804982824500750205e-02 4.437869650285114673e-08 -1.219613688181723121e-04
-5.469128098560793738e-02 2.061989363966824286e-07 3.585591019549156950e-05
-4.176856079305923952e-02 1.489905160934952635e-07 -1.743909653689383144e-04
-6.315210362060508231e-02 1.353525881040271028e-07 -8.226629755934532912e-06
-4.932168702438932684e-02 1.391679444094127410e-07 -5.409160205005307531e-05
2.124750204472802828e-02 8.781809019930345924e-08 -3.158323930706978381e-04
-4.911666087548915982e-02 2.050288727531169927e-07 -1.850008526314665669e-05
3.636212136680794238e-02 9.382400179938163700e-08 -1.762576700814499659e-04
4.346681404463315079e-02 2.879688680072635725e-08 -2.027136700793245015e-04
8.235647703572768208e-02 1.094374870379432071e-07 -3.361167586922549273e-04
1.525533679765715966e-01 1.059056827652979274e-07 -4.255601106555341722e-04
1.173647646713931181e-01 9.425143224127763292e-08 -3.049378612938449720e-04
1.122790752230806710e-02 1.323163562898472161e-08 -2.766889105409136955e-04
-2.242958800029448696e-04 1.791019734516296751e-07 -1.754046813941690514e-05
-3.356378548252492156e-02 1.704537641966952809e-07 -1.999450833852015053e-04
-7.872738393428946324e-02 1.749549509049717458e-07 -1.288953320480504510e-04
1.245314963986530188e-01 2.050511550755857864e-07 -3.600286629997917617e-04
2.169895940020705183e-03 1.543592977552028279e-07 -5.883035602900131512e-05
1.324815165758375102e-01 2.134028024765824442e-07 -1.788636665091240677e-04
-2.430396542404344995e-02 8.662781154114920900e-08 -1.845908449802091678e-04
-3.584698327154545172e-02 7.252650828338757820e-08 -2.786551165910300647e-04
1.359056685689752353e-02 5.611424020710105692e-08 -1.210788154476525940e-04
3.922381554090614841e-02 1.260748589095852022e-07 -1.116136124383065474e-04
5.251547484011098721e-02 4.428892919432449643e-09 -1.614088982404379322e-04
1.158887751086121742e-01 1.426431323353452585e-07 -3.751198811766854766e-04
4.958126376184257555e-02 3.065838921691174795e-08 -1.638723514366844877e-04
2.196583334862112213e-02 -4.055310499389486076e-08 -2.343696665917094617e-04
2.099032970537262344e-04 4.872330304788541245e-08 -2.870798565166158590e-04
1.270195833646625694e-01 8.137690648969901364e-08 -3.133564368813189765e-04
-9.147674560532625954e-02 2.327679286817617054e-08 -7.390436971451455313e-05
-1.413472959898465220e-03 4.686041264577326332e-08 -1.267965017483008226e-04
-6.745714593061902242e-02 6.204075215203160758e-08 -1.796207364799892899e-04
-1.007672705148787706e-03 -1.560744010109966555e-08 -9.825731913647650032e-05
8.482820553514924811e-02 1.208679857962820609e-07 -2.728124445288404847e-04
-3.520937212077435152e-02 1.480692622616293908e-07 -3.488304666814291298e-05
-5.265141585562327364e-02 9.590977994117132435e-08 -1.455436251738115490e-04
5.481217981388830651e-02 2.007853407357852779e-07 -1.505202517761050802e-04
-2.053292453264166095e-02 1.678398315023573426e-07 -6.798979655391675526e-05
3.527066440242299095e-02 2.399419018457042474e-07 -1.062594115231013626e-04
7.451557386446394649e-02 1.826807743330345552e-07 -1.001264599743907939e-04
-2.813317960381611638e-02 4.218104404665536199e-08 -1.675776817158875691e-04
3.594128153945885806e-03 2.107060997245969249e-07 -1.696313129302657414e-05
9.998117327103339669e-02 6.009863673413838844e-08 -2.516258675067190248e-04
3.360836570024150483e-02 5.350230051031543499e-08 -2.467115119681106907e-04
-5.786463248210205190e-02 -7.928177784716379385e-09 -5.574865407828447691e-05
-7.952907435360212496e-02 3.700235637190687234e-08 1.812110912993453865e-05
9.321223277023804599e-02 1.722307716035947967e-07 -1.189953566797006081e-04
-1.447970617166483009e-02 1.771739737293731806e-09 -2.005511777120107275e-04
-4.376194222976548254e-02 1.455334315911016630e-07 -1.383572612612150583e-04
-1.333387559601828531e-02 1.681485292116373141e-07 -1.021158263003088095e-04
-8.420888999546316533e-02 8.167847417210478390e-08 -5.717505056277756440e-05
-8.801809388535664080e-02 1.442810404250523623e-07 -2.381240773933088965e-04
8.582306085318713862e-02 1.801635306405451746e-07 -3.269523601591108508e-04
5.529173001963050282e-02 5.384777412428131377e-08 -2.497360529859087063e-04
1.595301525006864729e-02 1.640022635330419791e-07 -3.484335676332218825e-04
-2.413009468910320976e-03 1.260666446671654138e-07 -1.701451584556793958e-04
1.373495447365591371e-02 1.319740427175446991e-07 -8.851101985934950976e-05
2.280795483459185924e-02 1.612388771496562255e-07 -1.274794656381899563e-04
-2.192333355264541872e-02 1.555968652105318127e-07 -2.082142382473253740e-04
-4.470139670279871247e-02 1.090524475443578827e-07 -4.191678867450083883e-05
2.257633962059957256e-02 1.337372790820378488e-07 -2.544125245281331433e-04
7.330104704657702808e-02 6.479614097858250916e-08 -1.727010973764243461e-04
-5.500982130516718360e-02 1.703975860141369487e-07 -1.264919985573996421e-04
-1.052645407876654504e-01 1.251613729983606683e-07 -5.883297095645535551e-05
1.319734035191192367e-01 1.826313471415477328e-07 -1.957300490658558684e-04
6.911582371480307074e-02 2.137721820043988424e-07 -2.302810463094908148e-04
1.178778239212058265e-01 2.132587702084203217e-07 -1.316858541002685482e-04
-8.508632287330675226e-04 1.266520604670225681e-07 -1.147134189115058369e-04
5.856335119525146737e-02 1.486912639398450131e-07 -1.418261738118688491e-04
-3.630445380614255591e-02 -4.297299119135253566e-08 -4.681197222931594414e-05
-5.408015221045137100e-02 1.325435769651341913e-07 -9.850070098084385498e-05
-2.412240948830124410e-02 1.306625189716016974e-07 1.048785051014847073e-05
1.263486305498824347e-01 1.076129293289672872e-07 -3.556754262584468462e-04
-1.002344892133272269e-01 1.113366686648654488e-07 5.824105333943963621e-05
3.810874940910213837e-02 3.927432753373762835e-08 -2.481112847849748144e-04
-5.753458567801761347e-02 1.273400985982045903e-07 -2.042468910533503496e-04
8.201373895584329610e-02 1.004937400583404890e-07 -2.940991402332890424e-04
-7.043091538199752755e-02 1.211542990625483276e-07 -1.638260866271753222e-04
1.069933997805638803e-02 1.631767504225299969e-07 -1.559673728973084831e-04
1.071387591830170738e-01 7.843081551741362270e-08 -3.294535492198362274e-04
2.551382501230026190e-02 1.799532867469305161e-07 -8.778042536421783735e-05
-4.723135562374991547e-02 1.246314965350384184e-07 -1.590854049238076722e-04
-6.445325871815821284e-02 1.011882653905397151e-08 -4.873686018710336569e-05
-1.195625544051459599e-02 1.453230240267442098e-07 -2.853122434693386249e-04
-7.392031401744703079e-02 8.766154790151007533e-08 -8.808902263585181424e-05
8.767973296927422666e-02 -6.040963082106890337e-08 -1.482161578667062036e-04
-1.506799472842068610e-02 9.513412182485370611e-08 -9.044879116706927569e-05
-7.987253869589427957e-02 1.384356961265492820e-07 -4.347125044690952622e-05
4.498310949703876460e-03 1.432311888017177046e-07 -7.987121619046258069e-06
-6.290846797214522113e-02 1.351027401423659083e-07 -1.738528271270953869e-04
-3.062980390139968812e-02 1.569679188400319024e-07 -1.463185415303834059e-04
-1.009496497117846614e-01 8.603344012152915869e-08 -3.265368144004767359e-05
1.162499869116473405e-02 1.115586800172290113e-07 -1.872245879685196786e-04
-3.959609734322144803e-02 1.120394674240630099e-07 -2.186681740915517088e-04
6.951786907245594005e-02 8.628408429126399895e-08 -2.447621766032100684e-04
2.258693870032679740e-02 1.679169628764759996e-07 -1.678552891615777234e-04
-6.814194954168451002e-02 1.423906778675206499e-07 -1.498027281610265788e-05
7.265801829460782901e-02 8.215807789680538570e-08 -2.712937858268829822e-04
-9.097137175985725577e-02 8.793574072246359415e-08 -3.392874841670330370e-05
2.968703653863136172e-02 1.261426817534715681e-07 -2.879505674815941926e-04
-3.844781515874617916e-02 7.714306337567711971e-08 -5.995415457393728394e-05
1.535369348330379857e-01 2.109515795760464909e-07 -2.036726169995400394e-04
6.207327392580352932e-02 1.680629102161746454e-07 -2.231287623288232046e-04
4.784648331998830884e-02 2.156084788561513042e-07 -1.517790253598934097e-04
-2.605286851683574767e-02 1.273924714035170941e-07 -2.586003645130507088e-04
1.513108988798490540e-01 8.111832895862440706e-09 -2.311761232773751622e-04
-1.994685741252533173e-02 1.370752851126077394e-07 -1.474116228861367282e-05
-5.725393050949478813e-02 1.190775577306467527e-07 -1.985364492972226612e-04
3.917344912199793860e-02 6.864117730126323478e-08 -1.213499932177377976e-04
5.584299256718849858e-02 2.364239275107478175e-08 -1.937990906422992006e-04
8.737331494156352907e-02 1.800637388923715168e-07 -2.707378031988210993e-04
-7.098169751468963451e-02 1.677993684508109895e-07 -3.879818093134482053e-05
-6.245048662833674324e-02 9.000299438781007111e-08 -1.438922577992165824e-04
-1.507130631206965443e-02 1.585491472676897576e-07 -1.313978079688831531e-04
1.309281555186703194e-02 2.622123798109755661e-08 -1.741629198319419823e-04
1.642954020893649947e-01 2.290676669584561639e-07 -1.883913573219125838e-04
-6.407417257033765079e-02 3.991957258152195197e-08 -1.634065982303385851e-04
3.491811332817584823e-02 5.081692034987742634e-08 -2.997769561370718853e-04
4.792915848308954008e-02 1.873667427416931010e-07 -9.321959947212668648e-05
-3.586971247795023299e-02 1.222172375807602535e-07 -1.255046077553267198e-04
-4.370430313286410851e-02 4.965753918149283209e-08 -7.110861442540097671e-05
4.245971515698132581e-02 4.067064899994556289e-08 -2.771401333224284480e-04
-3.604284341245822532e-02 7.539431508857439196e-08 -8.478939308380914561e-05
-2.795036872431766461e-03 1.204492139766961425e-07 -1.327163779054451177e-04
1.686035968199983692e-02 1.467385559748673996e-07 -2.498408983976632626e-04
1.391707698158062279e-02 9.804443282888881966e-08 -3.242033474007225682e-04
-6.263049391688091383e-03 2.715584320622669612e-08 -1.823316122933167833e-04
-6.701820128493329864e-02 2.147018597754081362e-07 -2.148511795818934707e-06
-6.061149318779757156e-02 9.302800739987270351e-08 8.230842233456826286e-06
-1.747557083804029965e-03 1.177571043129619421e-09 -2.011998572406500973e-04
3.535358627254525654e-02 1.380139112056559102e-09 -2.946876896113543687e-04
3.731195923921726276e-02 1.941060672510112881e-07 -5.942037461110507256e-05
2.355476638483122720e-02 1.599012755950722655e-07 -1.253135902355773980e-04
8.839009398794317462e-02 1.913792563643967617e-07 -1.958212845344537724e-04
8.006437796362786408e-03 1.808647467138426580e-07 -1.641212397797977250e-04
-8.855163856002379319e-03 1.881689866231256353e-07 1.079340069652363985e-05
-8.592520988128837800e-02 1.331690463690457975e-07 -9.232282926302049029e-05
1.830389934599618851e-02 -6.942217022324998322e-09 -2.538663538132664437e-04
1.142352031501014942e-02 1.403665308171020765e-07 -2.631037753836061631e-04
-4.274763341270571004e-02 3.979198794401775225e-08 -1.134712439131701773e-04
-9.875191444010078534e-02 1.534431056561112346e-07 -4.295124379505017680e-05
-9.700458803441946998e-03 8.892014696828292610e-08 -2.112578654389393577e-04
1.166015283501738997e-01 1.620058933398274055e-07 -2.579746405366919993e-04
3.744125717720359070e-02 1.383486723960177789e-07 -3.897284454794565389e-04
-4.127694358676170516e-02 1.044957274668509179e-07 2.872053056678309027e-06
-3.790164756379299504e-02 1.112376318408111905e-07 -1.585541179164348495e-05
-1.610209782966298686e-02 7.220084325230036906e-08 -1.854214265695477634e-04
-8.634442708112977094e-03 3.201227033614955386e-08 -2.183344146064418575e-04
-1.715702938540775158e-02 5.073725602186509196e-08 -1.017736044590789436e-04
-4.618228142515923285e-02 1.206107122330525207e-07 -2.013131497260124605e-04
4.329660506120192043e-02 -5.785505077025680919e-08 -6.663576673744339447e-05
6.663268834063418300e-02 -5.336236698903646165e-08 -7.124304841674757591e-05
9.244805071559802911e-02 6.064948966847316396e-08 -3.247236287588946280e-04
1.529854553442306919e-01 8.488506055485692732e-08 -3.428008135645084975e-04
9.751127974990692060e-02 1.690537444865424986e-07 -2.723829632474801467e-04
5.334036708604428245e-02 1.901613564117074039e-07 -3.198666859523043200e-04
-5.954792612425507947e-02 1.552721284965770921e-07 -1.500197459697163516e-04
-8.095928699749443958e-02 1.181849349472575860e-07 -8.959406667191773888e-05
1.153322257734158418e-01 1.386541627002104241e-07 -2.146150827877397755e-04
-6.204143552668983652e-02 4.525634912618875872e-08 1.744722209347698881e-05
1.472735685818502560e-01 1.944186419858504871e-07 -2.165311221469250116e-04
-9.060124787669376900e-03 2.344454653623292143e-10 -1.984861330414460477e-04
6.337618140353917795e-02 1.623933107943822560e-07 -3.120696340684235223e-04
-5.877811529890575315e-02 1.709359641417235059e-07 -1.981584821615935111e-04
-3.633278369322101575e-02 1.295829761827257544e-07 -2.934899706013616746e-04
5.354582661813012123e-02 1.626633498843715369e-07 -1.567906328977664162e-04
-1.044377794223417810e-01 1.059895411950804103e-07 3.551739661239325602e-05
-9.160020463439222382e-02 9.358895276991753553e-08 -1.236332462931921401e-04
-5.560278502451088123e-02 1.028960489895948912e-08 -1.438452877369065695e-04
-8.818447725305156304e-03 4.960169860811482340e-08 -1.040596435825251237e-04
8.171445961008116932e-02 -3.098704921894804822e-08 -1.653617906827046580e-04
1.249735873142541198e-01 1.594183259844618654e-07 -1.900622157255993144e-04
6.502396616182004596e-02 4.205178545368376967e-08 -1.951203000877804327e-04
-7.494908834230085137e-02 1.729880172480487967e-08 -6.398394984073946853e-06
5.436104098668947948e-02 1.652493037599411125e-07 -2.863310276543186341e-04
-4.331585453388431262e-02 7.474905829769797645e-08 1.510985815931787908e-05
9.185635961343208145e-02 1.158838814871843791e-07 -2.606343042559592250e-04
2.839099652286691811e-02 1.262480521111154860e-07 -2.531914896947678583e-04
9.498303339428026959e-04 1.916964260068598369e-07 -1.687366526018676518e-04
3.297671441734617570e-02 -6.826631189676546817e-08 -7.391102469817207362e-05
-5.384634702612489665e-02 1.736839980511123252e-07 -1.518518299901478385e-05
1.590577065075648999e-02 7.464008926117459283e-08 -2.009056303984307781e-04
2.463114142320810274e-02 2.263623816688271459e-07 -4.115732283317414652e-05
2.131156692665037156e-02 1.823647905209348294e-07 -2.072345133313204186e-04
-6.476148587985475213e-02 4.143975664296238227e-08 -2.287240722530713925e-05
4.530613926052284857e-02 9.230235891700471434e-08 -3.213498493377463629e-04
-5.841268154836143367e-02 1.349042514598069770e-07 -1.336641859683242628e-04
-3.740410899875934447e-02 5.426779470287611926e-08 -1.794804558491892160e-05
1.281422407164301003e-02 1.120238814006474604e-07 -3.073439683823479579e-04
3.444349260813717173e-02 1.547123544554701857e-07 -2.432879540404328262e-04
7.345692523430935594e-02 2.072707146871665413e-07 -2.319598964989369688e-04
-7.434196048650443256e-02 1.299441944428874598e-07 -5.488734118902830177e-05
1.015810324381919427e-01 1.487111196722160098e-07 -2.071373333604494124e-04
5.777878099469202500e-02 8.396020334774565809e-08 -1.491647616651459087e-04
3.704296968273834700e-02 1.468660412393245563e-07 -2.216846245493489379e-04
-1.634599447814877315e-02 5.336274845701840533e-08 -1.594823307683060170e-04
-3.518150989362689440e-02 4.026827167341716391e-08 -1.408052512169796235e-04
-2.793763028780871238e-03 -3.781542857427735551e-09 -1.012024607879482684e-04
1.000409980730789794e-01 9.795260757097116614e-08 -2.299072507595804784e-04
-3.059272178001870568e-02 6.972688424056039015e-08 -1.673648142575396007e-04
2.515202484533518579e-03 1.391986877304867499e-07 -2.534695411437535412e-04
-3.777129962230119098e-02 1.364874796602955479e-07 -1.399052036215743370e-04
4.666850202371908285e-02 3.646539792508439971e-08 -1.704166710449557976e-04
-4.553870794196002159e-03 9.655774203134804147e-08 -2.774673438703258686e-04
6.917764385909597191e-02 1.570802226801194792e-07 -1.866585694134427216e-04
-2.040429802225274258e-02 1.792670820150122489e-07 -9.790618295150603024e-05
2.027912020126187986e-02 2.051843038476747271e-08 -2.504293555337547099e-04
-8.834572054539446828e-02 3.253986718056286652e-08 3.184016964384253244e-05
4.992490168421526153e-02 1.117744300193612974e-07 -1.084865012699800374e-04
-3.731908476200052061e-02 1.788702738210431415e-07 2.040883017111070003e-05
-4.101715019373064486e-03 1.220684952279446664e-07 -2.785242813395225796e-05
-1.090186533314618789e-01 6.436475176656471570e-08 -6.067556812428345509e-05
2.987632671674700369e-02 7.309329826573854852e-08 -1.161576521579139681e-04
-7.105149465229643191e-02 4.173494225719718447e-08 -5.306777741176057529e-05
1.617261244692258515e-02 5.328948719316819427e-08 -2.258184051244968007e-04
1.365899398028648237e-01 2.038018619077641900e-07 -2.458425234993849768e-04
7.757141164428571489e-02 7.991738547335113481e-08 -2.900898688260285848e-04
-5.499503404984729116e-02 1.277313916012935316e-07 -9.492685519383345198e-05
-4.138915903123374651e-02 8.868532773373931077e-08 -1.811960820821535787e-04
1.985585969928937988e-02 1.157873115725539734e-09 -2.063712518320862512e-04
-4.506455304068890388e-02 2.433424274506297765e-08 -4.369847888232274028e-05
4.193150490118746632e-02 2.339832685755588919e-08 -1.394466921732927960e-04
5.839087445157908896e-02 1.110546534713632036e-07 -2.846017025886810221e-04
-2.311100921364594996e-02 1.176509459472804859e-07 -1.129166887216694450e-04
-7.268506291313814316e-03 4.768748828158916046e-09 -1.561273986175042031e-04
-6.068807734481651561e-02 9.531275102317458115e-08 2.236119937031798245e-05
-3.219248441262367866e-02 1.755701009217388001e-08 -8.040856664830766916e-05
9.782403091468439005e-02 1.648993872660253091e-07 -2.767939871282110989e-04
-3.377824562282483178e-02 1.796191479850666994e-07 -3.021137119712738331e-05
-4.806567979178832939e-02 1.250176847726720109e-07 -2.844312833840923708e-04
7.248680574320331971e-02 1.531500674485870307e-07 -4.108737686049237061e-04
4.008905009375252071e-02 1.906146858771382836e-07 -2.620139875728153683e-05
8.158489216437914138e-02 7.466382299074194899e-08 -3.309234653102292607e-04
-4.653383881317518789e-02 5.967874331319794507e-08 -9.680334805094897074e-05
7.139948111180660639e-02 8.401181121933980451e-08 -3.013562079865025520e-04
-8.040915073099719201e-02 1.274354815101092875e-07 -8.250243138776682081e-05
2.078113953253546420e-02 1.398128803816531912e-07 -1.066381770383713129e-04
1.605641575507834595e-01 1.766180141125032848e-07 -2.521693821270982517e-04
1.390861691614930784e-02 7.828991549669366591e-08 -3.432611872959194206e-04
-5.776171416144937343e-02 1.207567643013192306e-07 -1.480796566252862514e-04
-3.183570112140543529e-02 1.555528588009809879e-07 -1.334297182301141761e-04
-1.925833670950272136e-02 1.042439922661722167e-07 -2.446718985137666066e-04
4.331492440908535357e-02 9.754089048975312105e-09 -1.795586674894039637e-04
1.559723592084517607e-01 8.531430394971804285e-08 -3.599073765910326857e-04
4.741529769922303572e-02 -1.472738189513248159e-08 -1.377778583612242539e-04
6.980623843469790923e-02 1.374462978378683592e-07 -2.281941569897200561e-04
-2.694175090888906166e-02 1.053114080366167249e-07 -2.497930149681488977e-04
2.847566534743872779e-02 1.042818782692722648e-07 -1.289344276523924032e-04
-4.468991757542284393e-02 6.816276734893604465e-08 -1.811107691632924440e-04
1.318944977557079401e-02 1.762880701635551924e-07 -1.896448519373336019e-04
8.240601070585851229e-02 9.714516581255025285e-08 -2.826525630542285573e-04
-1.109804637201972088e-02 1.147154546782122773e-07 -1.847676108249563583e-04
4.364875037783655376e-02 1.179333167658877694e-07 -1.255932552355247880e-04
-2.987984203319471455e-03 1.522438011863686254e-07 -1.750959679731602342e-04
1.169793796644609252e-01 1.759537811330510501e-07 -1.626136365194857838e-04
-7.238435640550755501e-02 9.109710034810367831e-08 -9.337060634827314088e-05
-8.144092634010779985e-02 1.245890088599171463e-07 -1.545567660147514422e-05
4.479398729073491570e-02 1.692599229257567484e-07 -1.829244918897104401e-04
-1.093935971283208630e-01 1.278055182883145023e-07 -9.665702194645107840e-05
3.429976501244880183e-03 4.076958466683297449e-08 -2.917622999581762338e-04
-7.502476441367300630e-02 1.377070606776988150e-07 -1.646130249307136393e-04
1.290496192259092956e-01 1.038891438724237663e-07 -3.710401563088238470e-04
9.299855238342757957e-06 4.152525698036928565e-08 -1.584172659501107002e-04
6.302295116969036659e-02 2.041402041839368299e-07 -1.509784008213152561e-04
4.564319120276383313e-02 1.494846565936710339e-07 -1.236565264303776798e-04
-5.527040666424387627e-02 1.064308980253469142e-07 3.963486648889591370e-06
-2.233870574456875424e-02 9.947454538085003400e-08 -2.071229354148088574e-04
-7.100919544091566227e-02 1.364016155342412681e-07 -2.396854795379931968e-04
1.898443178808328913e-02 6.435383498250468544e-08 -2.623165633870745282e-04
1.707689917901356047e-02 2.197646342279137544e-07 -6.995199501763426720e-05
1.032972999648906764e-02 1.729914061119510020e-07 -3.473281395282697896e-04
1.448167142518408390e-02 4.884202437584071059e-08 -1.824149892632996605e-04
-5.689774077193388013e-02 5.666282182282159745e-08 1.027555688487845386e-05
1.026979387385430487e-01 1.428286028339792962e-07 -2.029492490732805123e-04
-1.250048449459317812e-02 1.499322880052815760e-07 -1.250793978726573192e-04
-1.574232896949445681e-02 2.255964501657133026e-08 -1.745881010940734230e-04
1.781795484799316709e-01 2.075557575094256003e-07 -1.852073107326849481e-04
-9.835328536910559194e-02 9.655090292863421276e-08 9.674604182536238571e-06
-1.077070109819099342e-01 7.250296720755320480e-08 -4.058790394811061502e-05
5.849901589927242185e-02 8.720064864452652846e-08 -2.974452412660516477e-04
-7.340785551576578527e-03 8.249279619737733532e-08 -1.803826763385566205e-04
-4.415651522588570632e-02 5.657365519031202443e-08 -2.023730422951194419e-04
1.153069311482656234e-01 1.000194055871168414e-07 -3.534494307845895697e-04
-7.321728445882302871e-02 4.988321325301933832e-08 3.232465796523624740e-05
8.855653221461301516e-02 7.153827895275219252e-08 -2.879266073443332262e-04
-4.429943682251835657e-02 2.084527208694313412e-07 -8.514521462675366491e-05
1.745204525994492606e-02 2.260903271695888636e-07 -1.392117124546422174e-04
1.164256584930020155e-01 1.893969526704565049e-08 -2.060051862764056675e-04
3.629276223456723294e-02 8.762530963524824202e-08 -1.816420598371659635e-04
3.628030248317148931e-02 4.497125070440233959e-08 -2.182367661063283485e-04
8.010548125453942347e-02 1.716097062926912870e-07 -2.434442820467731393e-04
2.149311639568207699e-02 1.608417260123841682e-07 -1.045411556272176701e-04
5.036488647164372168e-02 8.622834574201930170e-08 -3.532704751314108159e-04
-1.065658080536678876e-01 6.661360106506810353e-08 -2.211362850285987372e-05
-3.474498068745301982e-02 1.791181325417453906e-07 -2.281434735181302653e-04
1.349784039358000731e-01 1.923048824429909482e-07 -2.211633988906643923e-04
5.631734394885579142e-02 1.034518179987960423e-07 -2.519568895178111458e-04
4.302493628562431560e-02 7.485806040665178325e-08 -1.164630167520308872e-04
-3.245689207296997836e-02 2.086411142329752064e-07 7.420847779929001971e-06
-4.108214569670809446e-03 -1.905991791776518455e-08 -1.985104252142225515e-04
1.028490632559357909e-01 2.303425146982590454e-07 -1.235742550317612458e-04
8.596429540959960036e-02 9.284115091602333628e-08 -2.504794306317153574e-04
3.677094987098583623e-02 3.023726588165165015e-08 -1.555108809625029595e-04
-1.251642349457160464e-02 1.271938182412519196e-07 -1.829233619120055557e-04
-8.776277738088578140e-02 8.293800605593755938e-08 3.759025554389371472e-05
7.025562666163820413e-02 1.086644791722491162e-07 -2.187576215409993115e-04
-1.424537287314064926e-02 4.916793131409959154e-08 -2.842481613697710272e-04
-4.311655700068728336e-02 1.547982725691357126e-08 -1.168142514126576433e-05
8.763026064698364870e-02 1.428320204366074054e-07 -2.494043560245175380e-04
-9.142860491747506479e-03 1.619761162376449314e-07 -2.705470444791113630e-04
-3.812930192105834504e-02 1.484564034949916768e-07 -1.228868870377621740e-04
2.563596379189359009e-02 6.776030757989856289e-08 -2.410320565996774381e-04
6.568646361841234960e-02 -4.090807498915153836e-08 -1.383959330424287793e-04
7.967571735749445772e-02 6.612974825893206554e-08 -2.507654005429262077e-04
-5.246094911063869937e-03 2.147303759704951477e-07 -1.494823732847905999e-05
2.600035246443044290e-02 1.424625247438869001e-08 -2.535799678281364599e-04
1.393932817534609958e-01 8.319313776378283339e-08 -3.189093283875201715e-04
2.946481281689083964e-02 1.457903697557926748e-07 -1.294383117525117483e-04
1.053832698783097044e-02 1.561742850022250837e-07 -2.326897876840740612e-04
-4.125808967403599148e-02 2.632704837348982451e-08 -1.793920308679777494e-04
6.381906179492724540e-02 6.736988788680610800e-08 -2.155542657457376068e-04
8.716433016054248029e-02 1.516841952379194478e-07 -1.568388464461205431e-04
-6.886652565224116174e-02 6.464283702451539289e-08 -1.521510663718304770e-04
-1.073089910905505873e-01 1.174699920832829692e-07 -2.647666203476603313e-05
-1.764737194133492171e-02 9.744828056175271060e-08 -2.098372367359603336e-04
-7.819416400230727593e-02 1.001805945277675138e-07 -1.719983480520373886e-04
-7.308182098509918845e-04 7.436658976895084106e-08 -2.085325094535333027e-04
5.267097712552548661e-02 1.174949165869832915e-07 -3.364513142441460936e-04
1.027429641187015408e-01 1.645876209037208017e-07 -1.412620095662632178e-04
-1.243220937725053599e-02 1.771826137666578369e-07 -2.179714008736118838e-04
-2.097989055908855427e-02 1.222730167971243673e-07 -1.887381415787922634e-04
-2.301861059410581500e-02 2.228768956795473632e-08 -1.101272419742393765e-04
-5.599444970018363499e-02 7.143003321305223744e-08 -1.401071977551228702e-04
-3.641380548422656904e-02 1.249116466386225156e-07 1.938368223960230995e-05
-1.049120743398616051e-01 8.908325407534923122e-08 -9.101501851200893747e-05
2.855498346207996363e-02 4.722566228623665466e-09 -1.671476689432720901e-04
6.240617794950531483e-02 2.313614501182951068e-07 -3.971323640182967529e-05
6.068625122962256757e-02 2.152121020198939000e-07 -1.445649172949098641e-04
-2.375245793584879195e-02 -5.264262367985165155e-08 -1.012136884854894937e-04
1.635221372238651050e-01 1.684068135342295202e-07 -2.557899767932873955e-04
-6.826613434127770663e-02 1.172762956849908813e-07 -1.805401751443845126e-04
4.133928749808746250e-02 3.175590477877834492e-09 -1.346427021029701664e-04
5.820713939870858500e-02 6.523697826399826927e-08 -2.774593310841392451e-04
9.193687257484794983e-02 9.998652342937238039e-08 -3.170060232714341439e-04
-4.728195259849954368e-02 3.150881790989510602e-08 -2.485896966403637913e-04
2.592310189812874199e-03 1.244076254684669249e-07 -2.299300591005131551e-04
3.751223736538389364e-02 1.391317419237714504e-07 -1.767665936240606279e-04
-8.177536746002567192e-02 7.088900382367236553e-08 -1.210663822803919622e-04
-2.486436590820984005e-02 1.608338632732990736e-07 -1.584597274261210836e-04
3.912490764297282819e-02 -2.211410880502123146e-09 -1.683344596383809771e-04
-4.635783006514682114e-04 3.546750695529408614e-08 -2.266036525884870454e-04
4.062884709212122303e-02 1.648613904896071937e-07 -1.870645762644710882e-04
1.031296374772905367e-01 1.102915846765787027e-07 -2.783235306156524617e-04
-1.082006109290722939e-02 1.441979268602101079e-07 -2.714494746095465379e-04
-8.568878937549206931e-03 5.674135875090086193e-08 -9.332782207825657912e-05
4.904742476495405068e-02 2.023574686273914744e-07 -1.364780161411546463e-04
1.848242307594505363e-02 9.041508913161735061e-08 -3.146953171161370960e-04
-4.515959474175712529e-02 1.286509330906438546e-07 -4.553101422960601375e-05
-2.844802079577268827e-02 1.684187154931543537e-07 -1.752636283939346985e-04
5.928323517955247368e-02 7.322403540775742796e-08 -2.416763078413578143e-04
6.350399981860943566e-02 1.245545157018969026e-07 -1.424112128670103707e-04
3.497220273632151155e-02 1.825237990753697717e-07 -2.325462886561231800e-04
5.387749919436068957e-02 1.940704390739322329e-07 -2.953890492340151535e-04
-6.860657665983471709e-02 1.358644446794674641e-07 -1.171019085880403785e-04
6.452185664983856039e-02 3.591864272306622501e-08 -1.844567753359471350e-04
-1.865483193451122901e-02 1.175941289409290262e-07 -1.472080103217151257e-04
2.943343719110569356e-02 3.215588583512859396e-08 -2.971166939038469724e-04
-6.919714901911699911e-02 8.102293760374590091e-08 -1.606480234571817239e-04
3.162242095691747412e-02 1.001067992407417420e-07 -2.130325354713530112e-04
-8.437372943380350154e-02 6.400644718436977496e-08 1.231845104307537943e-05
1.387782436924267504e-02 6.077118344500447936e-08 -1.331668027937167218e-04
7.085785260437649224e-02 1.177976759948950479e-07 -2.122636154193823627e-04
4.309420503664529445e-02 8.897391529161377260e-08 -1.956713277424888191e-04
-3.445888626768844887e-02 1.086488428623855831e-07 -2.520723950273945249e-04
1.902311367504161410e-02 -3.547931252453114447e-08 -1.482017517504917578e-04
4.607133889386905157e-02 8.362685913470825838e-08 -3.177141717055937818e-04
5.006149409994498090e-02 8.917469529455515965e-08 -1.810727562186847624e-04
6.297725857849889586e-02 1.828660836008146054e-07 -2.827166499801217763e-04
-3.593621131636726140e-02 1.586201792218393990e-07 -2.858503085088843826e-05
6.680547793238422738e-02 1.041000142402179187e-07 -2.785595020374312674e-04
9.580867120277780646e-02 1.463326795745534507e-07 -2.791815189805107295e-04
1.038001420275472819e-01 8.607852526435721947e-08 -3.434906230447884565e-04
1.123591291093215538e-01 9.332085296578602492e-08 -3.851169000027704066e-04
1.032121611573875164e-01 1.477222899014372584e-07 -1.697524224341775739e-04
-6.779794979740361160e-02 6.032872919177377166e-08 2.406835615325567806e-07
-1.009368659160622128e-01 8.308928602831941064e-08 -1.580376843299670202e-06
-2.039237715957242791e-02 1.355245822658551177e-07 -1.689418789181035068e-04
6.345983020971879274e-02 8.601087502169837508e-08 -3.042546134003632765e-04
-5.854917413906091106e-03 4.992401101413908864e-08 -1.086095963599541660e-04
-3.998283041893324619e-02 5.880446090776014332e-08 -2.021634553520271845e-04
2.423492754649003711e-02 1.191908905823404714e-08 -1.421793590351037666e-04
1.051218677964991244e-01 1.549570284758032333e-07 -2.558648930656609350e-04
-5.844572908909362319e-02 9.225474518738354293e-08 -1.776987560572079749e-04
-1.165676868362771623e-01 1.200910895046928738e-07 -8.013030643926118027e-05
-9.513358195154353325e-02 1.128770769749830807e-07 -1.898687058297034603e-04
-1.198101874177237569e-02 1.688573143485723372e-07 -1.566449518766991256e-04
8.046209692726136176e-02 9.067042207123053372e-08 -2.832923074363816207e-04
6.016601330680659832e-02 -2.405596140504469472e-08 -1.471852259167355493e-04
-1.068198213671182062e-01 1.129887555626088969e-07 1.899438338159344097e-05
7.256308135250022495e-02 1.176311673641186455e-07 -1.885354127902138589e-04
1.191415623932141621e-01 1.765538467851037524e-07 -1.785536518344268172e-04
-8.223462906873868494e-02 1.316051393263548008e-07 -4.135326290734812242e-05
5.520852536440579161e-02 1.418100154554960160e-07 -2.771482071198954635e-04
-7.560883439668053541e-02 9.228201098910794273e-08 -1.414854641887673984e-05
6.112621501503667787e-02 5.373528855633083302e-08 -3.554811487461196360e-04
-2.497080391022032941e-03 1.212241163199748201e-07 -4.844377155718197856e-05
-9.944739694232085370e-02 1.008585406209591280e-07 -6.906862072344666548e-05
-7.183515152962227646e-02 1.012848508601693912e-08 -5.616511269621520886e-05
-8.610488217243528197e-03 9.499335030031669090e-08 -2.453552355927871931e-04
1.360551661071539575e-01 2.395243488907152434e-07 -1.714119337501451867e-04
-1.828560455078631630e-02 3.210232668332545675e-08 -1.599028216734597288e-04
-4.084934488486491322e-02 1.710017792041754694e-07 -2.564728560661599021e-04
-1.248788568380010400e-02 1.635431351333328698e-07 -7.620471786272625756e-05
2.816007771408624016e-02 1.022536963409894772e-07 -3.707536260112296493e-04
-5.721616197205126042e-03 4.915387603571734598e-08 -2.860866160797365543e-04
3.340102582505011242e-02 1.459551641106099546e-07 -8.528831297018973608e-05
9.691819760176934029e-02 -2.554994975995915881e-08 -2.196954576628200794e-04
-5.973538619078133660e-02 3.225277612355253935e-08 -9.035427528004166386e-06
3.272236373445902569e-02 -1.459315183905033558e-09 -1.276860530664709328e-04
-2.709225617695043553e-02 1.921541728829208100e-07 4.492470795436814867e-05
-2.620004509947970739e-02 6.376206515639768176e-08 -5.843078144008608237e-05
-5.087468915657789026e-02 6.139001743683334490e-08 -1.048992431546731945e-04
1.179376387179684738e-01 8.895147163957503202e-08 -3.171602588354551096e-04
-4.532537069639053229e-02 1.623967587415999147e-07 1.171701479259727860e-05
-5.582726460818798753e-02 1.659826481640656282e-07 2.976913013074452413e-06
-4.515898462137912794e-02 9.896572656872079027e-08 -1.456687588239005812e-04
6.454235598088498005e-02 1.060050678494176164e-07 -3.095223267742167983e-04
6.586339020607367978e-02 1.355454455338297169e-07 -3.409234502680548581e-04
1.114958433167096974e-01 1.312612272553164060e-07 -2.458282835580606228e-04
2.751057650699917367e-02 1.779140882784652205e-07 -8.646302617409810150e-05
-8.293620501747822615e-02 1.231231821902838690e-07 -1.726363590440395542e-04
4.410830090368578205e-02 6.452126491902822384e-08 -2.404280912187433837e-04
1.233994808224111450e-01 1.864368579525514691e-07 -3.509612810196366004e-04
1.679883872864174066e-02 1.621114451761149459e-07 -2.282142974876984502e-04
-5.475287692781782845e-02 3.819400770197906127e-08 -1.606230926283682022e-04
2.885011695464578807e-02 7.494239856443350510e-08 -2.392874788943856283e-04
-5.630487762430680387e-02 6.653763840700816583e-08 -9.617652606176474222e-05
1.224300236794647612e-01 2.358827583141923838e-07 -2.046956115636621159e-04
-1.614938797018095062e-02 1.615569745070185238e-08 -1.472023327578377819e-04
-1.051965942901336160e-01 8.265243710572174387e-08 -1.717338957147999425e-05
5.274214064910243138e-02 1.787689293009990719e-07 -9.924079857173229244e-05
-3.888563149949952891e-02 -2.407745024018658388e-08 -1.174534946515995491e-04
9.579035494259968697e-02 9.785225594886582258e-08 -2.832900841963334514e-04
