2.910332866000000195e+03 8.252130646000000525e+02 -5.579855612000000065e+02
2.910325025000000096e+03 8.252111297999999806e+02 -5.579741295000000036e+02
2.910322684000000208e+03 8.252003468000000339e+02 -5.579701386000000412e+02
2.910327667999999903e+03 8.252052194000000327e+02 -5.579770211000000018e+02
2.910334773000000041e+03 8.252119100999999546e+02 -5.579822741000000406e+02
2.910332206000000042e+03 8.252111538999999993e+02 -5.579796179999999595e+02
2.910340310999999929e+03 8.252405516000000034e+02 -5.579917715000000271e+02
2.910336811000000125e+03 8.252295083000000204e+02 -5.579839994000000161e+02
2.910338572999999997e+03 8.252275293000000147e+02 -5.579940279999999575e+02
2.910338072999999895e+03 8.252007032999999865e+02 -5.579581775000000334e+02
2.910313197999999829e+03 8.252124407000000019e+02 -5.579409766999999647e+02
2.910341297999999824e+03 8.252292172999999593e+02 -5.579916965999999547e+02
2.910340756000000056e+03 8.252232092000000421e+02 -5.579903772999999774e+02
2.910338858000000073e+03 8.252330808000000388e+02 -5.579929603000000498e+02
2.910321601999999984e+03 8.251844942999999830e+02 -5.579648822000000337e+02
2.910335856000000149e+03 8.252174324999999726e+02 -5.579874254999999721e+02
2.910332335000000057e+03 8.252057127000000492e+02 -5.579824579999999514e+02
2.910339003999999932e+03 8.252136302000000114e+02 -5.579857554999999820e+02
2.910339006000000154e+03 8.252305768999999600e+02 -5.579943472999999585e+02
2.910339996000000156e+03 8.252267074999999750e+02 -5.579904229999999643e+02
2.910335369999999784e+03 8.252163090000000238e+02 -5.579838346999999885e+02
2.910327025999999933e+03 8.251913772999999992e+02 -5.579716974000000391e+02
2.910342885000000024e+03 8.252268761000000268e+02 -5.579896016000000145e+02
2.910335724000000027e+03 8.252193676000000551e+02 -5.579825680000000148e+02
2.910333000999999967e+03 8.252089650000000347e+02 -5.579801304000000073e+02
2.910340588999999909e+03 8.252278089999999793e+02 -5.579920799000000216e+02
2.910337700999999925e+03 8.252245837000000392e+02 -5.579852196000000504e+02
2.910320741999999882e+03 8.251868472999999540e+02 -5.579613035999999511e+02
2.910335203000000092e+03 8.252170988000000307e+02 -5.579815194000000247e+02
2.910331416999999874e+03 8.252053859000000102e+02 -5.579779264000000012e+02
2.910336781999999857e+03 8.252273006000000350e+02 -5.579832295999999587e+02
2.910339329999999791e+03 8.252282506999999896e+02 -5.579882066999999779e+02
2.910339519000000109e+03 8.252365076999999474e+02 -5.579901125000000093e+02
2.910334045000000060e+03 8.252222090000000208e+02 -5.579847261999999546e+02
2.910338875999999800e+03 8.252331437999999935e+02 -5.579866477000000486e+02
2.910340177000000040e+03 8.252362285000000384e+02 -5.579903375999999753e+02
2.910327522999999928e+03 8.252036418000000140e+02 -5.579732043999999860e+02
2.910334397999999965e+03 8.252196112999999968e+02 -5.579809324000000288e+02
2.910332933000000139e+03 8.252142400999999836e+02 -5.579773347999999942e+02
2.910332315000000108e+03 8.252120757999999796e+02 -5.579770340999999689e+02
2.910333716999999979e+03 8.252214407000000165e+02 -5.579812235000000555e+02
2.910337571000000025e+03 8.252266663999999992e+02 -5.579845543999999791e+02
2.910336589000000004e+03 8.252246990999999525e+02 -5.579837619999999561e+02
2.910336358999999902e+03 8.252201311999999689e+02 -5.579830915999999661e+02
2.910332831000000169e+03 8.252148524000000407e+02 -5.579786774000000378e+02
2.910335728999999901e+03 8.252312748000000511e+02 -5.579841840999999931e+02
2.910337157999999818e+03 8.252294874000000391e+02 -5.579850745999999617e+02
2.910339222999999947e+03 8.252415366000000176e+02 -5.579878753000000415e+02
2.910334765000000061e+03 8.252267417000000478e+02 -5.579807207000000062e+02
2.910323181000000204e+03 8.252000961999999618e+02 -5.579671843999999510e+02
2.910323495999999977e+03 8.251987977999999657e+02 -5.579645047999999861e+02
2.910338130000000092e+03 8.252291076000000203e+02 -5.579830448999999817e+02
2.910345103000000108e+03 8.252488495999999714e+02 -5.579885852999999543e+02
2.910341230999999880e+03 8.252219923000000108e+02 -5.579807061000000203e+02
2.910340255000000070e+03 8.252324936999999636e+02 -5.579827952000000550e+02
2.910336331999999857e+03 8.252302896999999575e+02 -5.579785454000000300e+02
2.910339820000000145e+03 8.252303270999999540e+02 -5.579804209000000128e+02
2.910342404999999872e+03 8.252365648999999621e+02 -5.579800450999999839e+02
2.910343941000000086e+03 8.252374180000000479e+02 -5.579855741000000080e+02
2.910325785999999880e+03 8.251982484999999770e+02 -5.579590167999999721e+02
2.910331532000000152e+03 8.252119334000000208e+02 -5.579678665000000137e+02
2.910343430999999782e+03 8.252382642000000033e+02 -5.579830302999999958e+02
2.910331373999999869e+03 8.252159994999999526e+02 -5.579660870000000159e+02
2.910346320000000105e+03 8.252458296999999448e+02 -5.579872417999999925e+02
2.910341828000000078e+03 8.252372493000000304e+02 -5.579833019999999806e+02
2.910339710000000196e+03 8.252302934000000505e+02 -5.579794997999999850e+02
2.910335383000000093e+03 8.252197585000000117e+02 -5.579735260999999582e+02
2.910327693000000181e+03 8.252034482000000253e+02 -5.579626644999999598e+02
2.910343504999999823e+03 8.252382320000000391e+02 -5.579849170999999615e+02
2.910342098999999962e+03 8.252370431000000508e+02 -5.579810896000000184e+02
2.910336397000000034e+03 8.252200460999999905e+02 -5.579738697000000229e+02
2.910337697999999818e+03 8.252263464999999769e+02 -5.579800596000000041e+02
2.910330829999999878e+03 8.252212626000000455e+02 -5.579717785999999933e+02
2.910335427999999865e+03 8.252299924000000146e+02 -5.579760890000000018e+02
2.910342265000000225e+03 8.252479634999999689e+02 -5.579863881999999649e+02
2.910332742000000053e+03 8.252234677000000147e+02 -5.579737529000000222e+02
2.910337806999999884e+03 8.252325505999999677e+02 -5.579791876000000457e+02
2.910334449999999833e+03 8.252209338000000116e+02 -5.579705034999999498e+02
2.910335832000000210e+03 8.252364284000000225e+02 -5.579826199999999972e+02
2.910341794999999820e+03 8.252467673999999533e+02 -5.579892436999999745e+02
2.910337572999999793e+03 8.252317477999999937e+02 -5.579817481999999700e+02
2.910332698000000164e+03 8.252206476999999722e+02 -5.579747932000000219e+02
2.910342082000000119e+03 8.252453870000000506e+02 -5.579848736999999801e+02
2.910338765999999850e+03 8.252383124000000407e+02 -5.579810164000000441e+02
2.910331207000000177e+03 8.252082337000000507e+02 -5.579693690000000288e+02
2.910344947999999931e+03 8.252566944000000149e+02 -5.579903302000000167e+02
2.910339786000000004e+03 8.252370955999999751e+02 -5.579805810000000292e+02
2.910336353000000145e+03 8.252346526999999696e+02 -5.579772920000000340e+02
2.910320900000000165e+03 8.251948423000000048e+02 -5.579596127999999453e+02
2.910330676000000039e+03 8.252154293999999481e+02 -5.579705689999999549e+02
2.910336264000000028e+03 8.252322325000000092e+02 -5.579794024000000263e+02
2.910336231000000225e+03 8.252381729999999607e+02 -5.579828718999999637e+02
2.910332081000000017e+03 8.252153015000000096e+02 -5.579691160999999511e+02
2.910338302000000112e+03 8.252368140999999468e+02 -5.579788911000000553e+02
2.910331055000000106e+03 8.252263220999999476e+02 -5.579758986000000505e+02
2.910341859999999997e+03 8.252579382000000123e+02 -5.579903411000000233e+02
2.910337597000000187e+03 8.252375414000000546e+02 -5.579825770999999577e+02
2.910334040000000186e+03 8.252336334999999963e+02 -5.579794676000000209e+02
2.910334081999999853e+03 8.252337383000000273e+02 -5.579812653000000182e+02
2.910332703999999922e+03 8.252279409000000214e+02 -5.579751452000000427e+02
2.910338619000000108e+03 8.252386042000000543e+02 -5.579831537000000026e+02
2.910336287000000084e+03 8.252304169000000229e+02 -5.579773619999999710e+02
2.910337113999999929e+03 8.252371728000000530e+02 -5.579816505999999663e+02
2.910337163000000146e+03 8.252336285999999745e+02 -5.579803193000000192e+02
2.910336913999999979e+03 8.252375253999999813e+02 -5.579806766000000380e+02
2.910334745999999996e+03 8.252242796000000453e+02 -5.579763918999999532e+02
2.910323503999999957e+03 8.252218708999999990e+02 -5.579660092000000304e+02
2.910330077000000074e+03 8.252208266999999751e+02 -5.579710657000000538e+02
2.910316740000000209e+03 8.251924919000000500e+02 -5.579535426999999572e+02
2.910331451999999899e+03 8.252205142000000251e+02 -5.579713745000000245e+02
2.910333165000000008e+03 8.252295212000000220e+02 -5.579794835000000148e+02
2.910338150000000041e+03 8.252361498000000211e+02 -5.579828713000000562e+02
2.910330950999999914e+03 8.252238405000000512e+02 -5.579745371999999861e+02
2.910334323000000040e+03 8.252329303999999865e+02 -5.579811885999999959e+02
2.910340322999999898e+03 8.252494828000000098e+02 -5.579861919999999600e+02
2.910321547999999893e+03 8.252111278999999513e+02 -5.579678929000000380e+02
2.910337658999999803e+03 8.252322364999999991e+02 -5.579814497999999503e+02
2.910340888000000177e+03 8.252535393000000568e+02 -5.579877496000000292e+02
2.910337226999999984e+03 8.252339895999999726e+02 -5.579825442999999723e+02
2.910330046999999922e+03 8.252200377000000344e+02 -5.579703093000000536e+02
2.910341828000000078e+03 8.252455377999999655e+02 -5.579871725000000424e+02
2.910320079999999962e+03 8.251986156000000392e+02 -5.579582139000000325e+02
2.910332038000000011e+03 8.252217180999999755e+02 -5.579733682999999473e+02
2.910322904000000108e+03 8.252040991999999733e+02 -5.579605212000000165e+02
2.910335961000000225e+03 8.252355429000000413e+02 -5.579789765000000443e+02
2.910335231999999905e+03 8.252348769000000175e+02 -5.579788701999999603e+02
2.910338095999999950e+03 8.252390596999999843e+02 -5.579806650000000445e+02
2.910338627000000088e+03 8.252464552000000140e+02 -5.579862765000000309e+02
2.910328049000000192e+03 8.252217676999999867e+02 -5.579722117000000026e+02
2.910334512999999788e+03 8.252361501999999973e+02 -5.579800033000000212e+02
2.910334500999999818e+03 8.252324991000000409e+02 -5.579786741000000347e+02
2.910337144000000080e+03 8.252433430999999473e+02 -5.579775448999999981e+02
2.910330144999999902e+03 8.252220759000000498e+02 -5.579755728000000090e+02
2.910324118999999882e+03 8.252100431999999728e+02 -5.579643657000000303e+02
2.910323824000000059e+03 8.251990813999999546e+02 -5.579622742000000244e+02
2.910323824999999943e+03 8.252039137000000437e+02 -5.579577904000000217e+02
2.910334929000000102e+03 8.252238902999999937e+02 -5.579727315000000090e+02
2.910332202999999936e+03 8.252213027000000238e+02 -5.579712260999999671e+02
2.910333302000000003e+03 8.252318959000000405e+02 -5.579765049000000090e+02
2.910333819999999832e+03 8.252363106999999900e+02 -5.579767779999999675e+02
2.910332969000000048e+03 8.252247241999999687e+02 -5.579724687000000358e+02
2.910334093999999823e+03 8.252150881999999683e+02 -5.579704339999999547e+02
2.910341013000000203e+03 8.252381524999999556e+02 -5.579837138000000323e+02
2.910318604999999934e+03 8.251974983000000066e+02 -5.579593460999999479e+02
2.910341374999999971e+03 8.252547305000000506e+02 -5.579871321000000535e+02
2.910340462000000116e+03 8.252467729999999619e+02 -5.579833541000000423e+02
2.910338560000000143e+03 8.252348875000000135e+02 -5.579808849999999438e+02
2.910336597999999867e+03 8.252437042999999903e+02 -5.579872400000000425e+02
2.910319237000000157e+03 8.251996403000000555e+02 -5.579588013000000046e+02
2.910334533000000192e+03 8.252375193000000309e+02 -5.579802082999999584e+02
2.910332785000000058e+03 8.252244262000000390e+02 -5.579729770999999801e+02
2.910322783000000072e+03 8.252114209000000074e+02 -5.579673126000000138e+02
2.910328362000000197e+03 8.252133095000000367e+02 -5.579672868000000108e+02
2.910334547999999813e+03 8.252317336999999497e+02 -5.579798062999999502e+02
2.910329963000000134e+03 8.252162792999999965e+02 -5.579707386999999699e+02
2.910331067999999959e+03 8.252296704999999974e+02 -5.579726460000000543e+02
2.910333813000000191e+03 8.252352826999999706e+02 -5.579780127000000221e+02
2.910334233000000040e+03 8.252321517999999969e+02 -5.579758822000000009e+02
2.910335861999999906e+03 8.252401452999999947e+02 -5.579821471000000201e+02
2.910333203000000140e+03 8.252323601000000508e+02 -5.579778305999999475e+02
2.910333314999999857e+03 8.252392776000000367e+02 -5.579816292000000431e+02
2.910333983999999873e+03 8.252349874000000227e+02 -5.579789475000000039e+02
2.910336115999999947e+03 8.252449736999999459e+02 -5.579829892999999856e+02
2.910318718999999874e+03 8.252115632000000005e+02 -5.579630925999999818e+02
2.910334037000000080e+03 8.252381040000000212e+02 -5.579771068999999670e+02
2.910339159999999993e+03 8.252613036999999849e+02 -5.579912517000000207e+02
2.910333434000000125e+03 8.252426738000000341e+02 -5.579829770000000053e+02
2.910339113999999881e+03 8.252475640000000112e+02 -5.579840852999999470e+02
2.910328626999999869e+03 8.252434832000000142e+02 -5.579808312999999771e+02
2.910335595999999896e+03 8.252439127999999755e+02 -5.579836745000000064e+02
2.910339689999999791e+03 8.252526914000000033e+02 -5.579880772000000206e+02
2.910332343999999921e+03 8.252480190999999650e+02 -5.579836186999999654e+02
2.910335944999999811e+03 8.252501280000000179e+02 -5.579843363999999610e+02
2.910316413999999895e+03 8.252056304000000182e+02 -5.579586888000000044e+02
2.910324042000000190e+03 8.252166420999999445e+02 -5.579712343999999575e+02
2.910331474999999955e+03 8.252367487000000210e+02 -5.579846618000000262e+02
2.910330816000000141e+03 8.252394970999999941e+02 -5.579865632999999434e+02
2.910334244000000126e+03 8.252411634999999706e+02 -5.579824244999999792e+02
2.910317543999999998e+03 8.252087741999999935e+02 -5.579648816000000124e+02
2.910328599999999824e+03 8.252342599999999493e+02 -5.579792344999999614e+02
2.910327983000000131e+03 8.252238363000000163e+02 -5.579717182000000548e+02
2.910340156000000206e+03 8.252642644000000018e+02 -5.579922338999999738e+02
2.910333153000000038e+03 8.252416087000000289e+02 -5.579820525000000089e+02
2.910328675000000203e+03 8.252293151000000080e+02 -5.579745722999999771e+02
2.910328575000000001e+03 8.252338091999999961e+02 -5.579793644999999742e+02
2.910331854999999905e+03 8.252400976999999784e+02 -5.579820161999999755e+02
2.910326355000000149e+03 8.252241394000000128e+02 -5.579726941999999781e+02
2.910321348999999827e+03 8.252136626999999862e+02 -5.579698094000000310e+02
2.910325491000000056e+03 8.252219826000000467e+02 -5.579740543000000343e+02
2.910336666000000150e+03 8.252582834999999477e+02 -5.579883926999999630e+02
2.910330019999999877e+03 8.252471700999999484e+02 -5.579859206999999515e+02
2.910331650000000081e+03 8.252480673999999681e+02 -5.579840632000000369e+02
2.910332582999999886e+03 8.252356038000000353e+02 -5.579787528000000520e+02
2.910329043000000183e+03 8.252285227999999506e+02 -5.579779555999999729e+02
2.910327745999999934e+03 8.252356483999999455e+02 -5.579800727000000506e+02
2.910330922999999984e+03 8.252331973000000289e+02 -5.579768371000000116e+02
2.910330480999999963e+03 8.252400552999999945e+02 -5.579809633999999505e+02
2.910321934000000056e+03 8.252274565000000166e+02 -5.579722226000000092e+02
2.910334785000000011e+03 8.252444030000000339e+02 -5.579853749999999764e+02
2.910330123000000185e+03 8.252291499000000385e+02 -5.579764913999999862e+02
2.910327591000000211e+03 8.252235331000000542e+02 -5.579717131999999538e+02
2.910331048999999894e+03 8.252315420999999560e+02 -5.579806869999999890e+02
2.910324591000000055e+03 8.252177689000000100e+02 -5.579700215999999955e+02
2.910331940999999915e+03 8.252456357999999454e+02 -5.579853564000000006e+02
2.910331674000000021e+03 8.252385186000000203e+02 -5.579831852999999455e+02
2.910314206000000013e+03 8.252016965000000255e+02 -5.579614337000000432e+02
2.910327029999999922e+03 8.252317312999999785e+02 -5.579768172000000277e+02
2.910322399000000132e+03 8.252215756000000511e+02 -5.579694392000000107e+02
2.910328884999999900e+03 8.252285872999999583e+02 -5.579798534999999902e+02
2.910336163999999826e+03 8.252537488000000394e+02 -5.579894702000000279e+02
2.910316676999999800e+03 8.252074986000000081e+02 -5.579654950000000326e+02
2.910332322000000204e+03 8.252460029999999733e+02 -5.579843272000000525e+02
2.910329838000000109e+03 8.252376688000000513e+02 -5.579780199000000493e+02
2.910328738000000158e+03 8.252307180999999900e+02 -5.579843567000000348e+02
2.910330202999999983e+03 8.252348494000000301e+02 -5.579846833999999944e+02
2.910330887999999959e+03 8.252470217000000048e+02 -5.579810575999999855e+02
2.910330021000000215e+03 8.252405694000000267e+02 -5.579818001999999524e+02
2.910331662999999935e+03 8.252428680000000440e+02 -5.579819469999999910e+02
2.910330050999999912e+03 8.252347201999999697e+02 -5.579828612999999677e+02
2.910309219000000212e+03 8.251931292000000440e+02 -5.579560963000000129e+02
2.910314699999999903e+03 8.252068103999999948e+02 -5.579648700999999846e+02
2.910326676000000134e+03 8.252359182000000146e+02 -5.579777886000000535e+02
2.910330077999999958e+03 8.252342575999999781e+02 -5.579805141000000503e+02
2.910327862000000096e+03 8.252348299000000225e+02 -5.579792675999999574e+02
2.910324461000000156e+03 8.252273588000000473e+02 -5.579784690000000182e+02
2.910316229000000021e+03 8.252128291999999874e+02 -5.579695841999999857e+02
2.910328885999999784e+03 8.252364485000000514e+02 -5.579781868999999688e+02
2.910334948000000168e+03 8.252255367000000206e+02 -5.579810681000000159e+02
2.910326562000000195e+03 8.252295691000000488e+02 -5.579756440999999541e+02
2.910324701999999888e+03 8.252331170999999586e+02 -5.579773404999999684e+02
2.910319478999999774e+03 8.252141904999999724e+02 -5.579681925999999521e+02
2.910323639000000185e+03 8.252251711000000114e+02 -5.579716769999999997e+02
2.910335461000000123e+03 8.252619961999999987e+02 -5.579850707000000511e+02
2.910331263999999919e+03 8.252387267000000293e+02 -5.579829839000000220e+02
2.910328567999999905e+03 8.252442815000000564e+02 -5.579830607999999756e+02
2.910331389999999828e+03 8.252427811999999676e+02 -5.579857528999999658e+02
2.910322063000000071e+03 8.252235302000000274e+02 -5.579725689000000557e+02
2.910324822999999924e+03 8.252242175999999745e+02 -5.579734806000000162e+02
2.910335587000000032e+03 8.252575739000000112e+02 -5.579918128000000479e+02
2.910319093000000066e+03 8.252150165000000470e+02 -5.579710672999999588e+02
2.910328149999999823e+03 8.252426510999999891e+02 -5.579858851999999843e+02
2.910307142000000113e+03 8.251939703000000463e+02 -5.579530797999999550e+02
2.910326674999999796e+03 8.252384692000000541e+02 -5.579798700999999710e+02
2.910315180000000055e+03 8.252142175000000179e+02 -5.579649464999999964e+02
2.910320482000000084e+03 8.252301667000000407e+02 -5.579765621999999894e+02
2.910322659999999814e+03 8.252213946000000533e+02 -5.579727771999999959e+02
2.910326688000000104e+03 8.252444514000000026e+02 -5.579857442999999648e+02
2.910330450999999812e+03 8.252485370000000557e+02 -5.579859282999999550e+02
2.910325996000000032e+03 8.252274906000000101e+02 -5.579771379000000024e+02
2.910326328000000103e+03 8.252374254999999721e+02 -5.579816184000000021e+02
2.910324101000000155e+03 8.252383740000000216e+02 -5.579782761000000164e+02
0.000000000000000000e+00 0.000000000000000000e+00 0.000000000000000000e+00
2.910326136000000133e+03 8.252338402000000315e+02 -5.579784055999999737e+02
2.910329952000000048e+03 8.252456581999999798e+02 -5.579829803999999740e+02
2.910324060999999801e+03 8.252525715000000446e+02 -5.579837959999999839e+02
2.910310076000000208e+03 8.251954078999999638e+02 -5.579583476999999903e+02
2.910315523000000212e+03 8.252184111000000257e+02 -5.579743876000000000e+02
2.910310586000000058e+03 8.252030617000000348e+02 -5.579600560999999743e+02
2.910326892999999927e+03 8.252393650999999863e+02 -5.579824234999999817e+02
2.910311375000000226e+03 8.251981504000000314e+02 -5.579584664999999859e+02
2.910315271999999823e+03 8.252198898999999983e+02 -5.579754970999999841e+02
2.910327197999999953e+03 8.252346040999999559e+02 -5.579788892999999916e+02
2.910325326000000132e+03 8.252333427999999458e+02 -5.579778065000000424e+02
2.910324111999999786e+03 8.252360158000000183e+02 -5.579775594999999839e+02
2.910311818000000130e+03 8.252012595999999576e+02 -5.579571300999999721e+02
2.910328006000000187e+03 8.252396869000000379e+02 -5.579794214999999440e+02
2.910320777999999791e+03 8.252246077999999443e+02 -5.579747524000000567e+02
2.910325781999999890e+03 8.252278939000000264e+02 -5.579759504999999535e+02
2.910330547999999908e+03 8.252571851999999808e+02 -5.579893726999999899e+02
2.910327973999999813e+03 8.252385686000000078e+02 -5.579805390000000216e+02
2.910323121999999785e+03 8.252319179999999506e+02 -5.579774138000000221e+02
2.910325691999999890e+03 8.252400543999999627e+02 -5.579797342000000526e+02
2.910320212999999967e+03 8.252280117000000246e+02 -5.579747065000000248e+02
2.910319027999999889e+03 8.252211875000000418e+02 -5.579707411000000548e+02
2.910327466000000186e+03 8.252329184999999825e+02 -5.579811547000000473e+02
2.910327429999999822e+03 8.252385189999999966e+02 -5.579816464000000451e+02
2.910327158000000054e+03 8.252379918000000316e+02 -5.579809758999999758e+02
2.910326846999999816e+03 8.252247658999999658e+02 -5.579787433000000192e+02
2.910320075000000088e+03 8.252193161000000146e+02 -5.579688926999999694e+02
2.910322205999999824e+03 8.252359489000000394e+02 -5.579751324000000068e+02
2.910308829999999944e+03 8.251977392000000009e+02 -5.579587563000000046e+02
2.910321699999999964e+03 8.252288591000000224e+02 -5.579775018999999929e+02
2.910322702999999819e+03 8.252242059000000154e+02 -5.579731252000000268e+02
2.910325253999999859e+03 8.252417742000000089e+02 -5.579824446999999736e+02
2.910318859999999859e+03 8.252195301000000427e+02 -5.579726302999999916e+02
2.910324651999999787e+03 8.252299550999999838e+02 -5.579812292000000298e+02
2.910309815999999955e+03 8.252011098000000402e+02 -5.579601502000000437e+02
2.910325620999999956e+03 8.252545946999999842e+02 -5.579857640999999830e+02
2.910327394999999797e+03 8.252421133999999938e+02 -5.579829314999999497e+02
2.910324529999999868e+03 8.252368397000000186e+02 -5.579783366000000342e+02
2.910326039999999921e+03 8.252438696000000391e+02 -5.579821239999999989e+02
2.910326923000000079e+03 8.252324525999999878e+02 -5.579801462000000356e+02
2.910322088999999778e+03 8.252295524999999543e+02 -5.579757117000000335e+02
2.910311302000000069e+03 8.252015449000000444e+02 -5.579603131000000076e+02
2.910319438999999875e+03 8.252219536000000062e+02 -5.579740081999999575e+02
2.910321981999999934e+03 8.252365009000000100e+02 -5.579792225999999573e+02
2.910328161999999793e+03 8.252516332999999804e+02 -5.579877418999999463e+02
2.910325271000000157e+03 8.252388352000000395e+02 -5.579833946999999625e+02
2.910318608999999924e+03 8.252316057000000455e+02 -5.579748833999999533e+02
2.910315697000000000e+03 8.252222517000000153e+02 -5.579697949999999764e+02
2.910333012999999937e+03 8.252640066000000161e+02 -5.579913904999999659e+02
2.910324595000000045e+03 8.252382563999999547e+02 -5.579822893000000477e+02
2.910319794999999885e+03 8.252260410999999749e+02 -5.579781090000000177e+02
2.910322478000000046e+03 8.252330464000000347e+02 -5.579793273999999883e+02
2.910318929000000026e+03 8.252289743000000044e+02 -5.579753461999999899e+02
2.910319045000000187e+03 8.252304004000000077e+02 -5.579751334000000043e+02
2.910320412000000033e+03 8.252261803999999756e+02 -5.579734409000000142e+02
2.910322791999999936e+03 8.252278773000000456e+02 -5.579775035999999773e+02
2.910319419999999809e+03 8.252198898000000327e+02 -5.579744630000000143e+02
2.910317884000000049e+03 8.252183688000000075e+02 -5.579727732000000060e+02
2.910325138000000152e+03 8.252451999999999543e+02 -5.579865224000000126e+02
2.910324599000000035e+03 8.252409688999999844e+02 -5.579805831999999555e+02
2.910320491999999831e+03 8.252298875000000180e+02 -5.579771031000000221e+02
2.910323644999999942e+03 8.252332090999999537e+02 -5.579804513000000270e+02
2.910317247999999836e+03 8.252216143000000557e+02 -5.579711723000000347e+02
2.910314531999999872e+03 8.252148283999999876e+02 -5.579666107000000466e+02
2.910326007000000118e+03 8.252396910999999591e+02 -5.579802916999999525e+02
2.910318447000000106e+03 8.252318466000000399e+02 -5.579761287999999695e+02
2.910324838000000000e+03 8.252379862999999887e+02 -5.579828328999999485e+02
2.910308277000000089e+03 8.252018874999999980e+02 -5.579569030000000112e+02
2.910307386999999835e+03 8.252013928999999735e+02 -5.579578036000000338e+02
2.910326352000000043e+03 8.252533535999999685e+02 -5.579861730999999736e+02
2.910324294999999893e+03 8.252420160000000351e+02 -5.579805321000000049e+02
2.910319371000000046e+03 8.252294147999999723e+02 -5.579757279000000381e+02
2.910319809000000078e+03 8.252326319999999669e+02 -5.579785533000000441e+02
2.910322434000000158e+03 8.252393034000000398e+02 -5.579816868999999997e+02
2.910323480999999902e+03 8.252492850999999519e+02 -5.579851943999999548e+02
2.910322552999999971e+03 8.252280111999999690e+02 -5.579777524999999514e+02
2.910324101000000155e+03 8.252375753000000032e+02 -5.579796229999999468e+02
2.910324073000000226e+03 8.252341705000000047e+02 -5.579774162999999589e+02
2.910323257000000012e+03 8.252347952000000078e+02 -5.579779588000000103e+02
2.910308876999999939e+03 8.251898122000000058e+02 -5.579633635999999797e+02
2.910329784999999902e+03 8.252588144000000057e+02 -5.579892472999999882e+02
2.910317282999999861e+03 8.252274390999999696e+02 -5.579748803999999609e+02
2.910323311000000103e+03 8.252414771999999630e+02 -5.579817729000000099e+02
2.910320795999999973e+03 8.252390050000000201e+02 -5.579842529000000013e+02
2.910314956000000166e+03 8.252113544999999704e+02 -5.579674953999999616e+02
2.910320651999999882e+03 8.252276170999999749e+02 -5.579764814999999771e+02
2.910320507999999791e+03 8.252277473999999984e+02 -5.579771396999999524e+02
2.910315521999999874e+03 8.252178874999999607e+02 -5.579716862000000219e+02
2.910325842000000193e+03 8.252314734999999928e+02 -5.579838472999999794e+02
2.910318947000000207e+03 8.252283356000000367e+02 -5.579791983000000073e+02
2.910321884999999838e+03 8.252317180000000008e+02 -5.579750615000000380e+02
2.910315727000000152e+03 8.252224056999999675e+02 -5.579763533000000280e+02
2.910320542999999816e+03 8.252341417999999749e+02 -5.579825608999999531e+02
2.910317743999999948e+03 8.252220548999999892e+02 -5.579729085000000168e+02
2.910318792000000030e+03 8.252300396000000546e+02 -5.579835249999999860e+02
2.910303776000000198e+03 8.251957370999999739e+02 -5.579568478999999570e+02
2.910322603999999956e+03 8.252380249000000276e+02 -5.579787926000000198e+02
2.910319967999999790e+03 8.252201211000000285e+02 -5.579727511999999479e+02
2.910325894000000062e+03 8.252492498999999953e+02 -5.579828500999999505e+02
2.910319582999999966e+03 8.252339640999999801e+02 -5.579814136999999619e+02
2.910318937999999889e+03 8.252319221000000198e+02 -5.579787089999999807e+02
2.910317331000000195e+03 8.252245666999999685e+02 -5.579738243000000466e+02
2.910319315000000188e+03 8.252386549000000286e+02 -5.579805698000000120e+02
2.910312805999999910e+03 8.252141808999999739e+02 -5.579671180000000277e+02
2.910305362000000059e+03 8.251987986000000319e+02 -5.579600570000000062e+02
2.910322649000000183e+03 8.252404202000000168e+02 -5.579813513000000285e+02
2.910319268000000193e+03 8.252270760000000109e+02 -5.579745414000000210e+02
2.910312121999999817e+03 8.252156155999999783e+02 -5.579674926999999798e+02
2.910323069000000032e+03 8.252457478999999694e+02 -5.579842651000000160e+02
2.910320194999999785e+03 8.252302631000000019e+02 -5.579774969999999712e+02
2.910314894000000095e+03 8.252230057000000443e+02 -5.579733505000000378e+02
2.910316596000000118e+03 8.252243710000000192e+02 -5.579751606999999467e+02
2.910323158000000149e+03 8.252429717999999639e+02 -5.579841619999999693e+02
2.910317939000000024e+03 8.252300493999999844e+02 -5.579758994000000030e+02
2.910318730999999843e+03 8.252306922000000213e+02 -5.579805159000000003e+02
2.910318013000000064e+03 8.252409496999999874e+02 -5.579795246999999563e+02
2.910321641000000000e+03 8.252368232000000035e+02 -5.579796595999999909e+02
2.910316123999999945e+03 8.252224046999999700e+02 -5.579681934000000183e+02
2.910315733999999793e+03 8.252260500999999522e+02 -5.579711323999999877e+02
2.910305584000000181e+03 8.251988377999999784e+02 -5.579571194999999761e+02
2.910317708999999923e+03 8.252332367000000204e+02 -5.579814042000000427e+02
2.910312996999999996e+03 8.252225002999999788e+02 -5.579720019000000093e+02
2.910320949999999812e+03 8.252477423999999928e+02 -5.579867080999999871e+02
2.910318421999999828e+03 8.252334680999999819e+02 -5.579742595999999821e+02
2.910320197999999891e+03 8.252389021999999841e+02 -5.579811785000000555e+02
2.910323621999999887e+03 8.252518505000000459e+02 -5.579861568000000034e+02
2.910317962000000080e+03 8.252339319000000160e+02 -5.579775283999999829e+02
2.910315395999999964e+03 8.252305145999999922e+02 -5.579761786999999913e+02
2.910325233999999909e+03 8.252501127000000452e+02 -5.579863937999999735e+02
2.910316150000000107e+03 8.252323692999999594e+02 -5.579772830000000567e+02
2.910317649000000074e+03 8.252340431999999737e+02 -5.579783337000000074e+02
2.910316416000000117e+03 8.252280518000000029e+02 -5.579802349999999933e+02
2.910309749000000011e+03 8.252107369999999946e+02 -5.579637939000000415e+02
2.910315399000000070e+03 8.252289404000000559e+02 -5.579751492999999982e+02
2.910300909999999931e+03 8.251946420000000444e+02 -5.579550913000000492e+02
2.910323265999999876e+03 8.252481841999999688e+02 -5.579829317999999603e+02
2.910309643000000051e+03 8.252159971999999470e+02 -5.579684236000000510e+02
2.910321990999999798e+03 8.252368341999999757e+02 -5.579804642000000285e+02
2.910324114000000009e+03 8.252393702000000530e+02 -5.579853365000000167e+02
2.910314766999999847e+03 8.252202293999999938e+02 -5.579679677999999967e+02
2.910314077999999881e+03 8.252400985000000446e+02 -5.579741997999999512e+02
2.910322035000000142e+03 8.252412318000000369e+02 -5.579815350000000080e+02
2.910320505000000139e+03 8.252409827999999834e+02 -5.579830707999999504e+02
2.910321107000000211e+03 8.252379753999999821e+02 -5.579794219999999996e+02
2.910321896999999808e+03 8.252504675999999790e+02 -5.579815667000000303e+02
2.910319187000000056e+03 8.252326960999999983e+02 -5.579786483000000317e+02
2.910315212999999858e+03 8.252269937999999456e+02 -5.579763220999999476e+02
2.910300327999999809e+03 8.252061700000000428e+02 -5.579530648999999585e+02
2.910319681999999830e+03 8.252314469000000372e+02 -5.579773754999999937e+02
2.910318268999999873e+03 8.252341245999999728e+02 -5.579790070999999898e+02
2.910319813999999951e+03 8.252387797999999748e+02 -5.579799901000000091e+02
2.910300220000000081e+03 8.251913729999999987e+02 -5.579564719999999625e+02
2.910306844000000183e+03 8.252102817999999615e+02 -5.579647935000000416e+02
2.910317923000000064e+03 8.252358824000000368e+02 -5.579799897999999985e+02
2.910315951999999925e+03 8.252327655999999934e+02 -5.579757027000000562e+02
2.910317411999999877e+03 8.252371654999999464e+02 -5.579813116000000264e+02
2.910323953000000074e+03 8.252568380000000161e+02 -5.579849893000000520e+02
2.910319824000000153e+03 8.252319796000000451e+02 -5.579793436999999585e+02
2.910315844000000197e+03 8.252308129000000463e+02 -5.579785785999999916e+02
2.910309576999999990e+03 8.252169711000000234e+02 -5.579631054000000177e+02
2.910317360999999892e+03 8.252290755999999874e+02 -5.579758593000000246e+02
2.910319394999999986e+03 8.252530047000000195e+02 -5.579872242999999798e+02
2.910319938000000093e+03 8.252526331999999911e+02 -5.579925730999999587e+02
2.910316577999999936e+03 8.252306572999999617e+02 -5.579805103999999574e+02
2.910314387999999781e+03 8.252252766999999949e+02 -5.579776746999999659e+02
2.910315020999999888e+03 8.252279869000000190e+02 -5.579749811000000363e+02
2.910311240999999882e+03 8.252168249999999716e+02 -5.579686643000000004e+02
2.910311721000000034e+03 8.252242959000000155e+02 -5.579737198000000262e+02
2.910318279999999959e+03 8.252301595999999790e+02 -5.579764257000000498e+02
2.910300217999999859e+03 8.251962816000000203e+02 -5.579563120000000254e+02
2.910321891999999934e+03 8.252505803999999898e+02 -5.579840536000000384e+02
2.910314648999999918e+03 8.252182193999999527e+02 -5.579721981000000142e+02
2.910310496999999941e+03 8.252162935000000061e+02 -5.579689722000000529e+02
2.910314942999999857e+03 8.252099067000000332e+02 -5.579756733000000395e+02
2.910307936000000154e+03 8.252040808000000425e+02 -5.579629902000000357e+02
2.910312223999999787e+03 8.252193618000000015e+02 -5.579723291999999901e+02
2.910295892999999978e+03 8.251886455999999725e+02 -5.579513789999999744e+02
2.910320161000000098e+03 8.252408460999999988e+02 -5.579841386000000512e+02
2.910305930999999873e+03 8.252204179000000295e+02 -5.579610661000000391e+02
2.910311888000000181e+03 8.252181791000000430e+02 -5.579693307999999661e+02
2.910295721999999842e+03 8.251898751999999604e+02 -5.579511647000000494e+02
2.910315682999999808e+03 8.252233261000000084e+02 -5.579731606000000284e+02
2.910308400999999776e+03 8.252107443999999532e+02 -5.579628347999999960e+02
2.910310376999999789e+03 8.252205688000000237e+02 -5.579675554000000375e+02
2.910315927999999985e+03 8.252266391000000567e+02 -5.579780891999999994e+02
2.910315113000000110e+03 8.252281633000000056e+02 -5.579777765000000045e+02
2.910313947999999982e+03 8.252305281999999806e+02 -5.579772004000000152e+02
2.910313473000000158e+03 8.252218490000000202e+02 -5.579718712000000096e+02
2.910309256000000005e+03 8.252181418999999778e+02 -5.579662330999999540e+02
2.910311506000000008e+03 8.252164314000000331e+02 -5.579711985000000141e+02
2.910317666999999801e+03 8.252339189000000488e+02 -5.579767199000000346e+02
2.910318874000000051e+03 8.252342843000000130e+02 -5.579784699000000501e+02
2.910310316000000057e+03 8.252171177999999827e+02 -5.579694630000000188e+02
2.910302576999999928e+03 8.252019784999999956e+02 -5.579591253999999481e+02
2.910317102999999861e+03 8.252441986999999699e+02 -5.579808011999999735e+02
2.910306254000000081e+03 8.252055082000000539e+02 -5.579618463000000474e+02
2.910317317000000003e+03 8.252377479000000449e+02 -5.579797840999999607e+02
2.910317602000000079e+03 8.252341717000000472e+02 -5.579798491999999897e+02
2.910311599000000115e+03 8.252252795000000560e+02 -5.579736973999999918e+02
2.910313344000000143e+03 8.252253981000000067e+02 -5.579718418999999585e+02
2.910314683999999943e+03 8.252165311999999631e+02 -5.579699723999999605e+02
2.910304791000000023e+03 8.252069666999999527e+02 -5.579633066999999755e+02
2.910317763000000014e+03 8.252368391999999631e+02 -5.579805156999999554e+02
2.910315653000000111e+03 8.252336979000000383e+02 -5.579811948000000257e+02
2.910317327000000205e+03 8.252438889000000017e+02 -5.579777292999999645e+02
2.910317939000000024e+03 8.252426461999999674e+02 -5.579768337000000429e+02
2.910316560000000209e+03 8.252418401999999560e+02 -5.579773463999999876e+02
2.910310665999999856e+03 8.252208581999999524e+02 -5.579695676999999705e+02
2.910306889999999839e+03 8.252064199000000144e+02 -5.579619655999999850e+02
2.910308137999999872e+03 8.252077583000000232e+02 -5.579647553999999445e+02
2.910307705000000169e+03 8.252106751999999688e+02 -5.579643878000000541e+02
2.910314363999999841e+03 8.252263334000000441e+02 -5.579736156000000165e+02
2.910316166000000067e+03 8.252322114999999485e+02 -5.579747304999999642e+02
2.910299053000000185e+03 8.251866178999999875e+02 -5.579522729000000254e+02
2.910311643000000004e+03 8.252164073000000144e+02 -5.579680855000000292e+02
2.910314614999999776e+03 8.252270763999999872e+02 -5.579754638000000568e+02
2.910320001000000047e+03 8.252373308999999608e+02 -5.579787668000000167e+02
2.910316049999999905e+03 8.252310496999999714e+02 -5.579765604000000394e+02
2.910316204000000198e+03 8.252331263999999464e+02 -5.579779862000000321e+02
2.910315536999999949e+03 8.252242740000000367e+02 -5.579703818000000410e+02
2.910310119000000213e+03 8.252180588999999600e+02 -5.579667756000000054e+02
2.910312133999999787e+03 8.252236818999999741e+02 -5.579710333000000446e+02
2.910316651000000093e+03 8.252275726999999961e+02 -5.579739349999999831e+02
2.910310143000000153e+03 8.252200771999999915e+02 -5.579704761000000417e+02
2.910317818999999872e+03 8.252351433999999699e+02 -5.579822513000000299e+02
2.910309623999999985e+03 8.252180770999999595e+02 -5.579692265999999563e+02
2.910319633000000067e+03 8.252408941999999570e+02 -5.579803276000000096e+02
2.910317086999999901e+03 8.252379499999999553e+02 -5.579787373000000343e+02
2.910311337000000094e+03 8.252247737999999799e+02 -5.579733529999999746e+02
2.910313784999999825e+03 8.252302683000000343e+02 -5.579767603999999892e+02
2.910320117000000209e+03 8.252400897999999643e+02 -5.579819945000000416e+02
2.910315596999999798e+03 8.252330792999999858e+02 -5.579783479999999827e+02
2.910317837000000054e+03 8.252325700000000097e+02 -5.579795497000000069e+02
2.910317649999999958e+03 8.252369108000000324e+02 -5.579820967000000564e+02
2.910317376999999851e+03 8.252338966999999457e+02 -5.579782063000000107e+02
2.910312035999999807e+03 8.252414936000000125e+02 -5.579753695000000562e+02
2.910315455999999813e+03 8.252390881999999692e+02 -5.579784501999999975e+02
2.910314914999999928e+03 8.252295067999999674e+02 -5.579742896000000201e+02
2.910313338999999814e+03 8.252276414000000386e+02 -5.579757014000000481e+02
2.910313410000000204e+03 8.252270310999999765e+02 -5.579697233000000551e+02
2.910314136999999846e+03 8.252331351999999924e+02 -5.579706003999999666e+02
2.910311369000000013e+03 8.252156515000000354e+02 -5.579684313000000202e+02
2.910313528000000133e+03 8.252305257000000438e+02 -5.579736388000000034e+02
2.910316693000000214e+03 8.252480948999999555e+02 -5.579832668999999896e+02
2.910313244999999824e+03 8.252175608999999668e+02 -5.579726286000000073e+02
2.910297983999999815e+03 8.251929667000000563e+02 -5.579547281000000112e+02
2.910317501999999877e+03 8.252350586999999678e+02 -5.579801873000000114e+02
2.910315172000000075e+03 8.252301009999999906e+02 -5.579726283999999623e+02
2.910311420999999882e+03 8.252254076000000396e+02 -5.579740792000000056e+02
2.910313126999999895e+03 8.252220125999999709e+02 -5.579711714000000029e+02
2.910311025999999856e+03 8.252194348000000446e+02 -5.579721740999999611e+02
2.910307898000000023e+03 8.252107237000000168e+02 -5.579639974000000393e+02
2.910317069000000174e+03 8.252333055000000286e+02 -5.579765144000000419e+02
2.910308281999999963e+03 8.252227993000000197e+02 -5.579694898000000194e+02
2.910317053000000215e+03 8.252390225000000328e+02 -5.579761946999999509e+02
2.910316507999999885e+03 8.252401599999999462e+02 -5.579789217000000008e+02
2.910300851999999850e+03 8.251967646000000514e+02 -5.579564033000000336e+02
2.910308806999999888e+03 8.252074966000000131e+02 -5.579627486000000545e+02
2.910314288999999917e+03 8.252283548999999994e+02 -5.579752582999999504e+02
2.910313933999999790e+03 8.252246387000000141e+02 -5.579716034000000491e+02
2.910305011999999806e+03 8.252063730999999507e+02 -5.579640021999999817e+02
2.910317923999999948e+03 8.252387092000000166e+02 -5.579800506999999925e+02
2.910307823000000099e+03 8.252202547000000550e+02 -5.579683093999999528e+02
2.910312570999999934e+03 8.252338373000000047e+02 -5.579757634999999709e+02
2.910315580999999838e+03 8.252431192999999894e+02 -5.579788701999999603e+02
2.910315841000000091e+03 8.252335243999999648e+02 -5.579760807000000113e+02
2.910308810999999878e+03 8.252204719999999725e+02 -5.579695807000000514e+02
2.910314257999999882e+03 8.252165754999999763e+02 -5.579722285999999940e+02
2.910313031000000137e+03 8.252338482000000113e+02 -5.579791050999999698e+02
2.910311827999999878e+03 8.252348815000000286e+02 -5.579785673999999744e+02
2.910307722000000012e+03 8.252131849999999531e+02 -5.579665437999999540e+02
2.910319731000000047e+03 8.252295926000000463e+02 -5.579793359999999893e+02
2.910306222000000162e+03 8.252006942000000436e+02 -5.579607326000000285e+02
2.910310763999999836e+03 8.252078920000000153e+02 -5.579697591999999986e+02
2.910311059000000114e+03 8.252186411000000135e+02 -5.579707555999999613e+02
2.910297427999999854e+03 8.252041213999999627e+02 -5.579566899000000149e+02
2.910305002000000059e+03 8.252091838999999709e+02 -5.579647943999999598e+02
2.910308327000000190e+03 8.252174353000000337e+02 -5.579672464999999875e+02
2.910315501999999924e+03 8.252351800999999796e+02 -5.579782678000000260e+02
2.910316097999999783e+03 8.252361388000000488e+02 -5.579822057000000086e+02
2.910304692000000159e+03 8.252066452999999910e+02 -5.579661899000000176e+02
2.910317266999999902e+03 8.252324092000000064e+02 -5.579798994999999877e+02
2.910317074999999932e+03 8.252467603000000054e+02 -5.579830368000000362e+02
2.910296432000000095e+03 8.252038831999999502e+02 -5.579593495999999959e+02
2.910308524999999918e+03 8.252123060999999780e+02 -5.579655295999999680e+02
2.910306826000000001e+03 8.251943668000000116e+02 -5.579635167000000138e+02
2.910313552999999956e+03 8.252395209000000023e+02 -5.579776954000000160e+02
2.910310618999999861e+03 8.252217341000000488e+02 -5.579713996000000407e+02
2.910315716000000066e+03 8.252222501999999622e+02 -5.579741252000000031e+02
2.910313764999999876e+03 8.252321710999999596e+02 -5.579778612999999723e+02
2.910317942000000130e+03 8.252337172000000010e+02 -5.579776500000000397e+02
2.910311753999999837e+03 8.252300821000000042e+02 -5.579692900999999665e+02
2.910317363999999998e+03 8.252462064000000055e+02 -5.579810452000000396e+02
2.910313146999999844e+03 8.252220740000000205e+02 -5.579736885999999458e+02
2.910318138999999974e+03 8.252455349000000524e+02 -5.579836593999999650e+02
2.910310969000000114e+03 8.252229665999999497e+02 -5.579716012999999748e+02
2.910310337999999774e+03 8.252175903999999491e+02 -5.579673645999999962e+02
2.910311559000000216e+03 8.252240933000000496e+02 -5.579742768999999498e+02
2.910316169000000173e+03 8.252327632000000222e+02 -5.579754193999999643e+02
2.910316859999999906e+03 8.252322278000000324e+02 -5.579797429999999849e+02
2.910312425000000076e+03 8.252339726999999812e+02 -5.579795279999999593e+02
2.910293581999999788e+03 8.251811962000000449e+02 -5.579506549999999834e+02
2.910310277999999926e+03 8.252213650999999572e+02 -5.579731537999999773e+02
2.910304615999999896e+03 8.252085107000000335e+02 -5.579636931999999661e+02
2.910305734999999913e+03 8.252206033999999590e+02 -5.579724533999999494e+02
2.910313697999999931e+03 8.252328751999999668e+02 -5.579784767999999531e+02
2.910296868999999788e+03 8.251879738000000089e+02 -5.579551278000000138e+02
2.910315204999999878e+03 8.252295269999999618e+02 -5.579756955999999946e+02
2.910314803000000211e+03 8.252354857999999922e+02 -5.579785429999999451e+02
2.910317907000000105e+03 8.252415267000000085e+02 -5.579814132999999856e+02
2.910321707000000060e+03 8.252541323000000375e+02 -5.579858262000000195e+02
2.910320354999999836e+03 8.252538206000000400e+02 -5.579858276999999589e+02
2.910315188000000035e+03 8.252444905999999492e+02 -5.579835656999999856e+02
2.910306515000000218e+03 8.252114411999999675e+02 -5.579644015999999738e+02
2.910308762000000115e+03 8.252185591999999588e+02 -5.579695023000000447e+02
2.910302600999999868e+03 8.252035792000000356e+02 -5.579613477999999986e+02
2.910311761999999817e+03 8.252212485999999672e+02 -5.579722003000000541e+02
2.910302158999999847e+03 8.252025455000000420e+02 -5.579622570000000223e+02
2.910308922000000166e+03 8.252153067000000419e+02 -5.579674950999999510e+02
2.910312268000000131e+03 8.252268671000000495e+02 -5.579746100999999499e+02
2.910312950000000001e+03 8.252324683000000505e+02 -5.579785656999999901e+02
2.910314029000000119e+03 8.252339151999999558e+02 -5.579794206000000258e+02
2.910313608999999815e+03 8.252217583000000332e+02 -5.579758892999999489e+02
2.910317950999999994e+03 8.252466907000000447e+02 -5.579831540999999788e+02
2.910318803000000116e+03 8.252384008999999878e+02 -5.579823218999999881e+02
2.910315402000000176e+03 8.252376518999999462e+02 -5.579807424000000537e+02
2.910318106000000171e+03 8.252501370999999608e+02 -5.579873940999999604e+02
2.910312758000000031e+03 8.252425372999999809e+02 -5.579797198999999637e+02
2.910321313999999802e+03 8.252456985999999688e+02 -5.579856754999999566e+02
2.910310475000000224e+03 8.252261690000000272e+02 -5.579772381000000223e+02
2.910315416999999798e+03 8.252378615000000082e+02 -5.579806190000000470e+02
2.910310221000000183e+03 8.252296330000000353e+02 -5.579762611999999535e+02
2.910316092999999910e+03 8.252431934999999612e+02 -5.579836275999999771e+02
2.910313161999999920e+03 8.252359347999999954e+02 -5.579792651999999862e+02
2.910298878000000059e+03 8.251966767999999774e+02 -5.579578037999999651e+02
2.910310660000000098e+03 8.252246947999999520e+02 -5.579752003999999488e+02
2.910309040999999979e+03 8.252176723000000038e+02 -5.579703349000000117e+02
2.910300201999999899e+03 8.252036839999999529e+02 -5.579622083000000430e+02
2.910295200000000023e+03 8.251913260000000037e+02 -5.579549143000000413e+02
2.910304618000000119e+03 8.252069659999999658e+02 -5.579688554000000522e+02
2.910311310000000049e+03 8.252316041999999925e+02 -5.579764758000000029e+02
2.910294840000000022e+03 8.251832825999999841e+02 -5.579513578999999481e+02
2.910318815999999970e+03 8.252492673000000423e+02 -5.579842248999999583e+02
2.910314635000000180e+03 8.252339743999999655e+02 -5.579804630999999517e+02
2.910311811999999918e+03 8.252347433999999566e+02 -5.579800245999999788e+02
2.910308812000000216e+03 8.252302400999999463e+02 -5.579802658999999494e+02
2.910307299999999941e+03 8.252237002000000530e+02 -5.579757776000000149e+02
2.910313912000000073e+03 8.252422156999999743e+02 -5.579815102000000024e+02
2.910304270999999972e+03 8.252121380999999474e+02 -5.579649362000000110e+02
2.910303542000000107e+03 8.252244909999999436e+02 -5.579724403999999822e+02
2.910304952999999841e+03 8.252169007999999621e+02 -5.579702019000000064e+02
2.910305718999999954e+03 8.252191847999999936e+02 -5.579697922000000290e+02
2.910310644000000138e+03 8.252247969999999668e+02 -5.579753295000000435e+02
2.910313187000000198e+03 8.252367567000000008e+02 -5.579801201000000219e+02
2.910310429000000113e+03 8.252263176000000158e+02 -5.579739186000000473e+02
2.910307362000000012e+03 8.252132079000000431e+02 -5.579753081000000066e+02
2.910305929999999989e+03 8.252239219000000503e+02 -5.579686738000000332e+02
2.910307854000000134e+03 8.252178552999999965e+02 -5.579684465999999929e+02
2.910308527000000140e+03 8.252235977000000275e+02 -5.579757795000000442e+02
2.910304419999999936e+03 8.252167265000000498e+02 -5.579705328000000009e+02
2.910310281999999916e+03 8.252224039999999832e+02 -5.579732049000000416e+02
2.910313776999999845e+03 8.252316401000000496e+02 -5.579762474999999995e+02
2.910299116000000140e+03 8.252047475000000532e+02 -5.579641774000000396e+02
2.910302043000000140e+03 8.252152390999999625e+02 -5.579684360999999626e+02
2.910307909000000109e+03 8.252238843999999744e+02 -5.579699855000000071e+02
2.910305577000000085e+03 8.252137622999999849e+02 -5.579690399999999499e+02
2.910303104000000076e+03 8.252104143000000249e+02 -5.579650447999999869e+02
2.910307585999999901e+03 8.252269592000000102e+02 -5.579717862999999625e+02
2.910311924999999974e+03 8.252296013999999786e+02 -5.579776269000000184e+02
2.910313208999999915e+03 8.252439822000000049e+02 -5.579818560999999590e+02
2.910299008999999842e+03 8.252017908000000261e+02 -5.579615500999999540e+02
2.910297938000000158e+03 8.252058342000000266e+02 -5.579628077999999505e+02
2.910318343999999797e+03 8.252409496999999874e+02 -5.579830226000000266e+02
2.910301375999999891e+03 8.252105215000000271e+02 -5.579662852999999814e+02
2.910314585999999963e+03 8.252424964000000500e+02 -5.579837406999999985e+02
2.910304839999999786e+03 8.252175287000000026e+02 -5.579674379000000499e+02
2.910315109000000120e+03 8.252336691000000428e+02 -5.579800072000000455e+02
2.910306548999999904e+03 8.252187397999999803e+02 -5.579710347999999840e+02
2.910309450000000197e+03 8.252237807000000203e+02 -5.579740781000000425e+02
2.910318065999999817e+03 8.252517924999999650e+02 -5.579862977999999885e+02
2.910305886000000100e+03 8.252120645999999624e+02 -5.579703220999999758e+02
2.910306720000000041e+03 8.252214639999999690e+02 -5.579720363000000134e+02
2.910308002000000215e+03 8.252313441000000012e+02 -5.579821636000000353e+02
2.910310020999999779e+03 8.252253094999999803e+02 -5.579774158000000170e+02
2.910307791000000179e+03 8.252243499999999585e+02 -5.579759672000000137e+02
2.910317109999999957e+03 8.252667811000000029e+02 -5.579925329000000147e+02
2.910306958000000122e+03 8.252436579000000165e+02 -5.579800118000000566e+02
2.910298981999999796e+03 8.252069282999999587e+02 -5.579609038999999484e+02
2.910294780000000173e+03 8.251969691000000466e+02 -5.579588036000000102e+02
2.910304830999999922e+03 8.252231672000000344e+02 -5.579714193999999452e+02
2.910298397999999906e+03 8.252019692000000077e+02 -5.579603098999999702e+02
2.910303688999999849e+03 8.252178595999999970e+02 -5.579694983000000548e+02
2.910310320000000047e+03 8.252275594999999839e+02 -5.579778946999999789e+02
2.910308482999999796e+03 8.252304517999999689e+02 -5.579709397999999965e+02
2.910311263999999937e+03 8.252481911999999511e+02 -5.579813140999999632e+02
2.910307014999999865e+03 8.252177153999999746e+02 -5.579691358000000037e+02
2.910297200999999859e+03 8.252014067999999725e+02 -5.579608415000000150e+02
2.910315112000000227e+03 8.252372745000000123e+02 -5.579854380000000447e+02
2.910302256999999827e+03 8.252125051000000440e+02 -5.579724766000000500e+02
2.910310566999999992e+03 8.252274582999999666e+02 -5.579768960999999763e+02
2.910306795999999849e+03 8.252283116999999493e+02 -5.579761144999999942e+02
2.910307432999999946e+03 8.252161559999999554e+02 -5.579708689999999933e+02
2.910308300000000145e+03 8.252279898000000458e+02 -5.579761694999999690e+02
2.910298213999999916e+03 8.252169000999999753e+02 -5.579646781000000146e+02
2.910306052999999793e+03 8.252146863000000394e+02 -5.579700661000000537e+02
2.910316584000000148e+03 8.252379955999999765e+02 -5.579857269999999971e+02
2.910297975999999835e+03 8.252014232999999876e+02 -5.579585706000000300e+02
2.910305147000000034e+03 8.252199279999999817e+02 -5.579703250000000025e+02
2.910311166999999841e+03 8.252317245000000412e+02 -5.579789082999999437e+02
2.910311493000000155e+03 8.252422708000000284e+02 -5.579822738999999956e+02
2.910305056000000150e+03 8.252276011000000153e+02 -5.579694514000000254e+02
2.910293541000000005e+03 8.251970188000000235e+02 -5.579585147999999890e+02
2.910305323000000044e+03 8.252223721000000296e+02 -5.579742976999999655e+02
2.910306336999999985e+03 8.252210393000000295e+02 -5.579703458999999839e+02
2.910310043999999834e+03 8.252408304000000498e+02 -5.579803084999999783e+02
2.910303859999999986e+03 8.252206671000000142e+02 -5.579701681999999892e+02
2.910307589999999891e+03 8.252307326999999759e+02 -5.579773272999999563e+02
2.910309736000000157e+03 8.252462835999999697e+02 -5.579808205000000498e+02
2.910301926999999978e+03 8.252024615999999924e+02 -5.579677702999999838e+02
2.910304514999999810e+03 8.252081541000000016e+02 -5.579681756999999607e+02
2.910306422999999995e+03 8.252263887999999952e+02 -5.579762193999999909e+02
2.910313011000000188e+03 8.252342515999999932e+02 -5.579838965000000144e+02
2.910307596999999987e+03 8.252291126000000077e+02 -5.579761365000000524e+02
2.910309016000000156e+03 8.252268173999999590e+02 -5.579776761000000533e+02
2.910307530999999926e+03 8.252350301999999829e+02 -5.579777142000000367e+02
2.910312730000000101e+03 8.252202982999999676e+02 -5.579817646999999852e+02
2.910310523000000103e+03 8.252385534999999663e+02 -5.579821419999999534e+02
2.910288709999999810e+03 8.251846521999999595e+02 -5.579474436000000424e+02
2.910302967000000081e+03 8.252234674999999697e+02 -5.579691305999999713e+02
2.910312236000000212e+03 8.252317626999999902e+02 -5.579791400999999951e+02
2.910312078999999812e+03 8.252406323999999813e+02 -5.579850676999999450e+02
2.910300169999999980e+03 8.252084724000000051e+02 -5.579647175999999718e+02
2.910307586999999785e+03 8.252212283000000070e+02 -5.579728980999999521e+02
2.910305590999999822e+03 8.252223739999999452e+02 -5.579710463999999774e+02
2.910302901999999904e+03 8.252181199999999990e+02 -5.579690253999999641e+02
2.910289631999999983e+03 8.251878347000000531e+02 -5.579530230999999958e+02
2.910301196999999775e+03 8.252180839000000105e+02 -5.579697589999999536e+02
2.910314359999999851e+03 8.252430368999999928e+02 -5.579825730000000021e+02
2.910308200999999826e+03 8.252258743999999524e+02 -5.579766280999999708e+02
2.910307218999999805e+03 8.252317775999999867e+02 -5.579793633000000455e+02
2.910296945000000051e+03 8.252065849000000526e+02 -5.579635528000000022e+02
2.910306544999999915e+03 8.252256933999999546e+02 -5.579744038000000046e+02
2.910308315000000221e+03 8.252287496999999803e+02 -5.579790345000000116e+02
2.910310538000000179e+03 8.252331420000000435e+02 -5.579781658000000562e+02
2.910304011000000173e+03 8.252114880999999968e+02 -5.579746427999999696e+02
2.910301593000000139e+03 8.252135790999999472e+02 -5.579686536000000388e+02
2.910308769000000211e+03 8.252337270000000444e+02 -5.579804735999999821e+02
2.910310276000000158e+03 8.252430683999999701e+02 -5.579840139000000363e+02
2.910308765000000221e+03 8.252346625999999787e+02 -5.579787953999999672e+02
2.910305820999999924e+03 8.252261280000000170e+02 -5.579756022000000257e+02
2.910314518000000135e+03 8.252570730999999569e+02 -5.579890530000000126e+02
2.910316155999999864e+03 8.252604806000000508e+02 -5.579902061000000231e+02
2.910316311000000042e+03 8.252570292000000336e+02 -5.579882351999999628e+02
2.910318368000000191e+03 8.252598355999999740e+02 -5.579867573000000220e+02
2.910309906999999839e+03 8.252333803000000216e+02 -5.579791072000000440e+02
2.910307236999999986e+03 8.252234729000000470e+02 -5.579745973999999933e+02
0.000000000000000000e+00 0.000000000000000000e+00 0.000000000000000000e+00
2.910303250999999818e+03 8.252171835999999985e+02 -5.579662035000000060e+02
2.910301539999999932e+03 8.252175570000000562e+02 -5.579685422000000017e+02
2.910309177999999974e+03 8.252306492999999818e+02 -5.579775061999999934e+02
2.910306351000000177e+03 8.252293124999999918e+02 -5.579762815999999930e+02
2.910309165000000121e+03 8.252224773000000368e+02 -5.579751680000000533e+02
2.910311764000000039e+03 8.252419476999999688e+02 -5.579810903000000053e+02
2.910308961000000181e+03 8.252256952000000183e+02 -5.579748723000000155e+02
2.910299848000000111e+03 8.252098441000000548e+02 -5.579651085000000421e+02
2.910306204999999864e+03 8.252263189999999895e+02 -5.579756836999999905e+02
2.910305019999999786e+03 8.252235706000000164e+02 -5.579716392000000269e+02
2.910299724999999853e+03 8.252091275999999880e+02 -5.579678787999999940e+02
2.910294637999999850e+03 8.251990872999999738e+02 -5.579647883000000093e+02
2.910303120000000035e+03 8.252164158000000498e+02 -5.579715502999999899e+02
2.910306434000000081e+03 8.252314873999999918e+02 -5.579800001999999495e+02
2.910307482000000164e+03 8.252444464999999809e+02 -5.579826742999999851e+02
2.910315645000000131e+03 8.252538342999999941e+02 -5.579906061000000363e+02
2.910306778000000122e+03 8.252259944999999561e+02 -5.579751321999999618e+02
2.910310613000000103e+03 8.252420433999999432e+02 -5.579824472999999898e+02
2.910304111999999805e+03 8.252279961000000412e+02 -5.579739978999999721e+02
2.910305672999999842e+03 8.252208187999999609e+02 -5.579710969000000205e+02
2.910305457999999817e+03 8.252169645999999830e+02 -5.579739693999999872e+02
2.910309780999999930e+03 8.252308581999999433e+02 -5.579802386999999726e+02
2.910308833000000050e+03 8.252298067000000401e+02 -5.579751456000000189e+02
2.910296569000000090e+03 8.252025066999999581e+02 -5.579637669999999616e+02
2.910313990000000103e+03 8.252556757999999490e+02 -5.579875120000000379e+02
2.910295090999999957e+03 8.252053805000000466e+02 -5.579616816000000199e+02
2.910308340999999928e+03 8.252375171999999566e+02 -5.579784711999999445e+02
2.910288149999999860e+03 8.251961409000000458e+02 -5.579556403999999930e+02
2.910300717000000077e+03 8.252205225000000155e+02 -5.579703481999999894e+02
2.910304125999999997e+03 8.252259275000000116e+02 -5.579736484000000019e+02
2.910309389999999894e+03 8.252343399000000090e+02 -5.579788319000000456e+02
2.910297729999999774e+03 8.252147007999999460e+02 -5.579644763000000012e+02
2.910305516999999782e+03 8.252307624999999689e+02 -5.579799216000000115e+02
2.910307439000000159e+03 8.252286037000000078e+02 -5.579772036000000526e+02
2.910308145999999851e+03 8.252234369000000243e+02 -5.579774757000000136e+02
2.910301299000000199e+03 8.252080753000000186e+02 -5.579657065000000102e+02
2.910300530999999864e+03 8.252162338000000545e+02 -5.579703389000000016e+02
2.910305761000000075e+03 8.252312968999999612e+02 -5.579775978999999779e+02
2.910308935000000019e+03 8.252337015000000520e+02 -5.579785660000000007e+02
2.910304111999999805e+03 8.252227221000000554e+02 -5.579743224000000055e+02
2.910307416999999987e+03 8.252339474999999993e+02 -5.579786685000000261e+02
2.910307878000000073e+03 8.252373744000000215e+02 -5.579832976000000144e+02
2.910309223000000202e+03 8.252421537999999828e+02 -5.579838879000000134e+02
2.910312202999999954e+03 8.252481940999999779e+02 -5.579838578000000098e+02
2.910307722999999896e+03 8.252333674000000201e+02 -5.579789567000000261e+02
2.910303763999999774e+03 8.252193184000000201e+02 -5.579722397000000456e+02
2.910301562999999987e+03 8.252185256999999865e+02 -5.579704964999999675e+02
2.910309267000000091e+03 8.252391363000000410e+02 -5.579829683000000387e+02
2.910306344999999965e+03 8.252261436999999660e+02 -5.579758213000000069e+02
2.910304015000000163e+03 8.252146394000000100e+02 -5.579704074999999648e+02
2.910299354000000221e+03 8.252118692999999894e+02 -5.579657300000000077e+02
2.910310919000000013e+03 8.252453110000000152e+02 -5.579860965999999962e+02
2.910302221999999801e+03 8.252238204999999880e+02 -5.579746446000000333e+02
2.910305754999999863e+03 8.252341255000000046e+02 -5.579802951000000348e+02
2.910288125999999920e+03 8.251925433000000112e+02 -5.579532890000000407e+02
2.910300940999999966e+03 8.252118461000000025e+02 -5.579660813000000417e+02
2.910301132000000052e+03 8.252112949999999501e+02 -5.579738919999999780e+02
2.910306759999999940e+03 8.252311269000000493e+02 -5.579769509999999855e+02
2.910304496000000199e+03 8.252276365999999825e+02 -5.579767425000000003e+02
2.910307427000000189e+03 8.252319903999999724e+02 -5.579795613999999659e+02
2.910304224999999860e+03 8.252190589000000500e+02 -5.579704901999999720e+02
2.910309376000000157e+03 8.252357522999999446e+02 -5.579797432999999955e+02
2.910306253000000197e+03 8.252085514999999987e+02 -5.579730795000000398e+02
2.910304450999999972e+03 8.252280134999999746e+02 -5.579777235000000246e+02
2.910310124000000087e+03 8.252458100999999715e+02 -5.579853329000000031e+02
2.910307420999999977e+03 8.252386790000000474e+02 -5.579832797000000255e+02
2.910309137000000192e+03 8.252439355999999862e+02 -5.579832149000000072e+02
2.910307693000000199e+03 8.252289591999999629e+02 -5.579771938999999747e+02
2.910305402999999842e+03 8.252252594999999928e+02 -5.579748131000000058e+02
2.910309112999999797e+03 8.252345007000000123e+02 -5.579831324000000450e+02
2.910302581999999802e+03 8.252223440000000210e+02 -5.579752398000000539e+02
2.910306278999999904e+03 8.252435808999999836e+02 -5.579813977000000023e+02
2.910306372999999894e+03 8.252267288000000462e+02 -5.579758973000000424e+02
2.910292798999999832e+03 8.252015152999999827e+02 -5.579634783000000198e+02
2.910302846000000045e+03 8.252257008999999925e+02 -5.579772467000000233e+02
2.910308296000000155e+03 8.252276412999999593e+02 -5.579784362999999985e+02
2.910295634999999947e+03 8.252010132999999996e+02 -5.579633857999999691e+02
2.910313685000000078e+03 8.252403111999999510e+02 -5.579838433999999552e+02
2.910305456000000049e+03 8.252321107000000211e+02 -5.579830191999999442e+02
2.910309472999999798e+03 8.252344387000000552e+02 -5.579802452999999787e+02
2.910295273000000179e+03 8.252012835000000450e+02 -5.579625856000000113e+02
2.910304544000000078e+03 8.252238456000000042e+02 -5.579762128999999504e+02
2.910306069000000207e+03 8.252230561000000080e+02 -5.579741416000000527e+02
2.910308222999999998e+03 8.252376556000000392e+02 -5.579835550000000239e+02
2.910301547999999912e+03 8.252195358999999826e+02 -5.579736996000000318e+02
2.910300103999999919e+03 8.252238177000000405e+02 -5.579755244000000403e+02
2.910304316000000199e+03 8.252301784999999654e+02 -5.579801349000000528e+02
2.910312226000000010e+03 8.252444805999999744e+02 -5.579890252999999802e+02
2.910315529999999853e+03 8.252532965999999988e+02 -5.579900781000000052e+02
2.910310461999999916e+03 8.252467388999999685e+02 -5.579858946000000515e+02
2.910307024000000183e+03 8.252280431000000362e+02 -5.579780580999999984e+02
2.910306328000000121e+03 8.252320131999999830e+02 -5.579788733999999977e+02
2.910304641000000174e+03 8.252222785999999815e+02 -5.579755805999999438e+02
2.910304396999999881e+03 8.252358613999999761e+02 -5.579774407999999539e+02
2.910301453999999922e+03 8.252153906999999435e+02 -5.579688627000000452e+02
2.910310176999999840e+03 8.252414052999999967e+02 -5.579816574999999830e+02
2.910303066999999828e+03 8.252188284999999723e+02 -5.579736888999999564e+02
2.910307295000000067e+03 8.252281805000000077e+02 -5.579770846000000120e+02
2.910298006999999870e+03 8.252107197999999926e+02 -5.579670706000000564e+02
2.910304692000000159e+03 8.252141679999999724e+02 -5.579734506999999439e+02
2.910301065000000108e+03 8.252137047999999595e+02 -5.579694054000000278e+02
2.910298420999999962e+03 8.252122329999999693e+02 -5.579680789000000232e+02
2.910301883000000089e+03 8.252178585000000339e+02 -5.579681815000000142e+02
2.910298521000000164e+03 8.252123682999999801e+02 -5.579676117000000204e+02
2.910305531999999857e+03 8.252366694999999481e+02 -5.579829052000000047e+02
2.910301183000000037e+03 8.252186903000000484e+02 -5.579731898999999657e+02
2.910310437999999976e+03 8.252598107000000027e+02 -5.579877433000000337e+02
2.910309721999999965e+03 8.252300122999999985e+02 -5.579831467000000202e+02
2.910299301000000014e+03 8.252147030999999515e+02 -5.579710913000000119e+02
2.910305541000000176e+03 8.252210896000000275e+02 -5.579757207000000108e+02
2.910295719000000190e+03 8.252004279000000224e+02 -5.579649057999999968e+02
2.910304146999999830e+03 8.252270644000000175e+02 -5.579766719000000421e+02
2.910300407000000178e+03 8.252156553999999460e+02 -5.579725445999999920e+02
2.910305525000000216e+03 8.252301917999999432e+02 -5.579791944999999487e+02
2.910285965000000033e+03 8.251977650999999696e+02 -5.579579649999999447e+02
2.910303498000000218e+03 8.252217067999999927e+02 -5.579730581999999686e+02
2.910305421999999908e+03 8.252388369999999895e+02 -5.579791502000000492e+02
2.910304778000000169e+03 8.252234584000000268e+02 -5.579794540999999981e+02
2.910303586999999879e+03 8.252154970000000276e+02 -5.579698145999999497e+02
2.910302349000000049e+03 8.252158061000000089e+02 -5.579754944999999680e+02
2.910305061000000023e+03 8.252307581999999684e+02 -5.579794140999999854e+02
2.910304411000000073e+03 8.252144465000000082e+02 -5.579724142999999685e+02
2.910291689000000133e+03 8.251984280000000354e+02 -5.579559577999999647e+02
2.910297582000000148e+03 8.252089350999999624e+02 -5.579676200999999764e+02
2.910306133999999929e+03 8.252307759000000260e+02 -5.579779455000000326e+02
2.910303461999999854e+03 8.252251135000000204e+02 -5.579741821999999729e+02
2.910304059999999936e+03 8.252225879999999734e+02 -5.579716670999999906e+02
2.910311867999999777e+03 8.252458533999999872e+02 -5.579860290000000305e+02
2.910300885999999991e+03 8.252290711000000556e+02 -5.579734646000000566e+02
2.910310574999999972e+03 8.252466891000000260e+02 -5.579866974999999911e+02
2.910288795999999820e+03 8.251953809000000319e+02 -5.579567617000000155e+02
2.910291270000000168e+03 8.251956589000000122e+02 -5.579585425000000214e+02
2.910306893999999829e+03 8.252342843999999786e+02 -5.579803011999999853e+02
2.910303895000000011e+03 8.252372228000000405e+02 -5.579790265999999974e+02
2.910307412000000113e+03 8.252383691999999655e+02 -5.579831602000000430e+02
2.910302865999999995e+03 8.252123673999999482e+02 -5.579696580999999469e+02
2.910301700999999866e+03 8.252192565999999943e+02 -5.579723754999999983e+02
2.910307390999999825e+03 8.252284045000000106e+02 -5.579832032000000481e+02
2.910299924999999803e+03 8.252127788000000237e+02 -5.579708239000000276e+02
2.910299097999999958e+03 8.252122984000000088e+02 -5.579722205000000486e+02
2.910293274999999994e+03 8.252041769999999588e+02 -5.579639882999999827e+02
2.910303542000000107e+03 8.252175898000000416e+02 -5.579718331000000262e+02
2.910304536000000098e+03 8.252290180999999620e+02 -5.579775812999999971e+02
2.910306192000000010e+03 8.252311644000000115e+02 -5.579776170000000093e+02
2.910281457000000046e+03 8.251887153999999782e+02 -5.579465378999999530e+02
2.910306488000000172e+03 8.252374926999999616e+02 -5.579814932000000454e+02
2.910292137999999795e+03 8.251925741000000016e+02 -5.579598279000000502e+02
2.910303146000000197e+03 8.252405420999999706e+02 -5.579805009000000382e+02
2.910306704000000082e+03 8.252454447999999729e+02 -5.579865708999999470e+02
2.910299555000000055e+03 8.252149051999999756e+02 -5.579682242000000088e+02
2.910297387999999955e+03 8.252143010999999433e+02 -5.579691820000000462e+02
2.910304359000000204e+03 8.252298203000000285e+02 -5.579786800000000540e+02
2.910303653999999824e+03 8.252294170000000122e+02 -5.579787979000000178e+02
2.910300317000000177e+03 8.252282904999999573e+02 -5.579774329000000535e+02
2.910303336999999829e+03 8.252231646999999839e+02 -5.579724723000000495e+02
2.910299003999999968e+03 8.252186418000000003e+02 -5.579717276999999740e+02
2.910295939000000089e+03 8.252056334000000106e+02 -5.579639296000000286e+02
2.910305468000000019e+03 8.252270372000000407e+02 -5.579756360000000086e+02
2.910309815999999955e+03 8.252516240999999582e+02 -5.579873635999999806e+02
2.910308022000000165e+03 8.252431019000000560e+02 -5.579836344999999937e+02
2.910287795000000187e+03 8.251892982000000529e+02 -5.579513584999999694e+02
2.910308277000000089e+03 8.252432831999999507e+02 -5.579828462000000400e+02
2.910311189999999897e+03 8.252473086999999623e+02 -5.579850575000000390e+02
2.910303451000000223e+03 8.252220019999999749e+02 -5.579727315999999746e+02
2.910298725999999988e+03 8.252209712999999738e+02 -5.579699399999999514e+02
2.910301578000000063e+03 8.252272183000000041e+02 -5.579765675999999530e+02
2.910305232000000160e+03 8.252317238000000543e+02 -5.579781828999999789e+02
2.910298894000000018e+03 8.252217835000000150e+02 -5.579735363999999436e+02
2.910298998000000211e+03 8.252170959000000039e+02 -5.579677327000000560e+02
2.910294617999999900e+03 8.252096622000000252e+02 -5.579652092000000039e+02
2.910304402000000209e+03 8.252134098000000222e+02 -5.579699745000000348e+02
2.910299074000000019e+03 8.252178053000000091e+02 -5.579674082000000226e+02
2.910302322000000004e+03 8.252275098000000071e+02 -5.579739793999999620e+02
2.910302412000000004e+03 8.252284756999999900e+02 -5.579732004999999617e+02
2.910302239999999983e+03 8.252183948000000555e+02 -5.579701413000000230e+02
2.910297582000000148e+03 8.252153432000000066e+02 -5.579672534000000041e+02
2.910297419999999875e+03 8.252091269999999668e+02 -5.579656897999999501e+02
2.910303281999999854e+03 8.252266085999999632e+02 -5.579767832999999655e+02
2.910298861000000215e+03 8.252174695999999585e+02 -5.579660288999999693e+02
2.910293376999999964e+03 8.251978297000000566e+02 -5.579599110999999994e+02
2.910297051000000010e+03 8.252103382999999894e+02 -5.579620505999999978e+02
2.910305503999999928e+03 8.252320065999999770e+02 -5.579792823000000226e+02
2.910286560000000009e+03 8.251903879000000188e+02 -5.579547284000000218e+02
2.910290093999999954e+03 8.252016535999999860e+02 -5.579590762999999924e+02
2.910303417999999965e+03 8.252407067000000325e+02 -5.579811535000000049e+02
2.910302709999999934e+03 8.252197099999999637e+02 -5.579739134000000149e+02
2.910295175000000199e+03 8.252149987999999894e+02 -5.579670213000000558e+02
2.910303613000000041e+03 8.252472516999999925e+02 -5.579841900000000123e+02
2.910306779000000006e+03 8.252378218999999717e+02 -5.579786576999999852e+02
2.910306372000000010e+03 8.252427183999999443e+02 -5.579828962000000274e+02
2.910300059000000147e+03 8.252261855000000423e+02 -5.579777489000000514e+02
2.910300252999999884e+03 8.252240612000000510e+02 -5.579716257000000041e+02
2.910298107000000073e+03 8.252256506999999601e+02 -5.579742917999999463e+02
2.910298154000000068e+03 8.252145262000000230e+02 -5.579716067000000521e+02
2.910290927999999894e+03 8.252006424999999581e+02 -5.579579437999999527e+02
2.910305396000000201e+03 8.252424353000000110e+02 -5.579793200000000297e+02
2.910304216999999880e+03 8.252270872999999938e+02 -5.579771402999999736e+02
2.910295876000000135e+03 8.252045647999999574e+02 -5.579649706999999808e+02
2.910304631999999856e+03 8.252355006999999887e+02 -5.579785683000000063e+02
2.910300992999999835e+03 8.252225852999999915e+02 -5.579724925000000439e+02
2.910300420999999915e+03 8.252289282000000412e+02 -5.579753758000000516e+02
2.910293779999999970e+03 8.252081560999999965e+02 -5.579641831000000138e+02
2.910302314000000024e+03 8.252259017999999742e+02 -5.579708497999999963e+02
2.910294410999999855e+03 8.252136375999999700e+02 -5.579673311000000240e+02
2.910285644000000048e+03 8.251886611999999559e+02 -5.579531598999999460e+02
2.910303502000000208e+03 8.252277638000000479e+02 -5.579724840000000086e+02
2.910297645999999986e+03 8.252152012999999897e+02 -5.579700923999999986e+02
2.910291076999999859e+03 8.252037368999999671e+02 -5.579617677999999614e+02
2.910295474000000013e+03 8.252072290999999495e+02 -5.579640322999999853e+02
2.910294781999999941e+03 8.252056235000000015e+02 -5.579615066000000070e+02
2.910292629000000034e+03 8.252126686999999947e+02 -5.579652783000000227e+02
2.910301861999999801e+03 8.252257027000000562e+02 -5.579766170999999986e+02
2.910296773999999914e+03 8.252169088000000556e+02 -5.579695381000000225e+02
2.910299895000000106e+03 8.252299652000000378e+02 -5.579751748999999563e+02
2.910292191000000003e+03 8.252160387999999784e+02 -5.579643310999999812e+02
2.910298826000000190e+03 8.252256575999999768e+02 -5.579757916999999452e+02
2.910292933000000176e+03 8.252092347999999902e+02 -5.579655255000000125e+02
2.910299386000000140e+03 8.252212796000000026e+02 -5.579739015000000109e+02
2.910300052000000051e+03 8.252284716000000344e+02 -5.579705126000000064e+02
2.910300276999999824e+03 8.252263798999999835e+02 -5.579715754000000061e+02
2.910297028999999839e+03 8.252201724999999897e+02 -5.579719513999999663e+02
2.910302129000000150e+03 8.252388410999999451e+02 -5.579785934999999881e+02
2.910299855000000207e+03 8.252281361999999945e+02 -5.579738677000000280e+02
2.910301084000000174e+03 8.252233671999999842e+02 -5.579734485000000177e+02
2.910296475999999984e+03 8.252191827999999987e+02 -5.579684488999999985e+02
2.910285581000000093e+03 8.251938685000000078e+02 -5.579510536000000229e+02
2.910298779000000195e+03 8.252254756999999472e+02 -5.579768113000000085e+02
2.910299583999999868e+03 8.252219436000000314e+02 -5.579699515999999448e+02
2.910303414999999859e+03 8.252285735000000386e+02 -5.579767428999999765e+02
2.910304563000000144e+03 8.252490212999999812e+02 -5.579811852000000272e+02
2.910300519999999779e+03 8.252245073999999931e+02 -5.579721039999999448e+02
2.910293799000000035e+03 8.252279770999999755e+02 -5.579700362999999470e+02
2.910289330999999947e+03 8.252093062000000145e+02 -5.579669224000000440e+02
2.910295803999999862e+03 8.252207403999999542e+02 -5.579686736999999539e+02
2.910300626000000193e+03 8.252282623999999487e+02 -5.579748666000000412e+02
2.910298283000000083e+03 8.252235828999999967e+02 -5.579734260999999833e+02
2.910296393000000080e+03 8.252228189999999586e+02 -5.579721164000000044e+02
2.910299723999999969e+03 8.252292340000000195e+02 -5.579732119999999895e+02
2.910297807999999804e+03 8.252202019999999720e+02 -5.579715122000000065e+02
2.910292620000000170e+03 8.252095471000000089e+02 -5.579637856000000511e+02
2.910287774999999783e+03 8.252107650000000376e+02 -5.579624063999999635e+02
2.910291271000000052e+03 8.252110265999999683e+02 -5.579652498000000378e+02
2.910288791999999830e+03 8.252073444999999765e+02 -5.579615884999999480e+02
2.910300866999999926e+03 8.252344309000000067e+02 -5.579751476999999795e+02
2.910301947999999811e+03 8.252454109000000244e+02 -5.579772838999999749e+02
2.910284853000000112e+03 8.252000163999999813e+02 -5.579566830999999638e+02
2.910298879999999826e+03 8.252288783000000194e+02 -5.579727789999999459e+02
2.910295387000000119e+03 8.252170856000000185e+02 -5.579668828000000076e+02
2.910287655999999970e+03 8.251999141000000009e+02 -5.579600881999999729e+02
2.910300869000000148e+03 8.252208746999999676e+02 -5.579700407000000268e+02
2.910291377000000011e+03 8.252166251999999531e+02 -5.579673226999999542e+02
2.910300417999999809e+03 8.252450635000000148e+02 -5.579792678000000024e+02
2.910287480999999843e+03 8.252143690999999990e+02 -5.579632319999999481e+02
2.910289460999999847e+03 8.252097397999999657e+02 -5.579631153999999924e+02
2.910291874000000007e+03 8.252246689999999489e+02 -5.579741927000000032e+02
2.910295496000000185e+03 8.252214011999999457e+02 -5.579714268000000175e+02
2.910288204999999834e+03 8.252004798000000392e+02 -5.579582500999999866e+02
2.910294950999999855e+03 8.252249673000000030e+02 -5.579739257999999609e+02
2.910289025999999922e+03 8.252111887999999453e+02 -5.579615935000000491e+02
2.910288727999999992e+03 8.252087782999999490e+02 -5.579624638000000232e+02
2.910296550999999909e+03 8.252247526999999536e+02 -5.579684418000000505e+02
2.910295492000000195e+03 8.252360030999999481e+02 -5.579758395999999721e+02
2.910294074999999793e+03 8.252031276000000162e+02 -5.579684084000000439e+02
2.910301742999999988e+03 8.252445583999999599e+02 -5.579777913000000353e+02
2.910292961000000105e+03 8.252198560000000498e+02 -5.579677620999999590e+02
2.910300209999999879e+03 8.252453232000000298e+02 -5.579797415000000456e+02
2.910273525000000063e+03 8.251773934999999938e+02 -5.579448369000000412e+02
2.910285225000000082e+03 8.252087351999999782e+02 -5.579615776000000551e+02
2.910294084999999995e+03 8.252184327999999596e+02 -5.579685795999999982e+02
2.910295971999999892e+03 8.252155910000000176e+02 -5.579702485999999908e+02
2.910299728999999843e+03 8.252284898000000339e+02 -5.579764560999999503e+02
2.910275951999999961e+03 8.251792702999999847e+02 -5.579435528000000204e+02
2.910277865999999904e+03 8.251883708000000297e+02 -5.579514269999999669e+02
2.910291646000000128e+03 8.252155684000000520e+02 -5.579675132999999505e+02
2.910298400000000129e+03 8.252334121999999752e+02 -5.579726259999999911e+02
2.910294898999999987e+03 8.252218219000000090e+02 -5.579678139000000101e+02
2.910296550000000025e+03 8.252207047000000557e+02 -5.579701188999999886e+02
2.910283942999999908e+03 8.251943499999999858e+02 -5.579543392000000495e+02
2.910288144000000102e+03 8.252108494999999948e+02 -5.579632851000000073e+02
2.910295662999999877e+03 8.252285953000000518e+02 -5.579743097000000489e+02
2.910293806000000131e+03 8.252167457000000468e+02 -5.579682900000000245e+02
2.910289986000000226e+03 8.252053968000000168e+02 -5.579646236999999473e+02
2.910292448000000149e+03 8.252200457999999799e+02 -5.579677420000000438e+02
2.910296730999999909e+03 8.252242638000000170e+02 -5.579706789000000526e+02
2.910291501000000153e+03 8.252220906000000014e+02 -5.579694074999999884e+02
2.910287773999999899e+03 8.252056281999999783e+02 -5.579621552999999494e+02
2.910294186999999965e+03 8.252277742999999646e+02 -5.579735202000000527e+02
2.910285555999999815e+03 8.252079814999999599e+02 -5.579626031999999896e+02
2.910289839000000029e+03 8.252134992999999668e+02 -5.579626223000000209e+02
2.910294326000000183e+03 8.252310159999999541e+02 -5.579718066000000363e+02
2.910300076999999874e+03 8.252393512999999530e+02 -5.579771275000000514e+02
