2.478907185000000027e+03 5.476654584000000341e+02 -5.616817125000000033e+02
2.478896275999999943e+03 5.476563102000000072e+02 -5.616762565000000222e+02
2.478893067999999857e+03 5.476540490999999520e+02 -5.616763373999999658e+02
2.478899899999999889e+03 5.476501600000000280e+02 -5.616805206999999882e+02
2.478906802999999854e+03 5.476569679000000406e+02 -5.616817211000000043e+02
2.478905079000000114e+03 5.476555922999999666e+02 -5.616794116999999460e+02
2.478914124999999785e+03 5.476823991999999635e+02 -5.616776300000000219e+02
2.478909772999999859e+03 5.476722868000000517e+02 -5.616772567000000436e+02
2.478911822000000029e+03 5.476671026999999867e+02 -5.616805934000000207e+02
2.478925493000000188e+03 5.476661165000000437e+02 -5.616947912000000542e+02
2.478886155000000144e+03 5.476517754999999852e+02 -5.616519544999999880e+02
2.478913715000000138e+03 5.476730079000000160e+02 -5.616821558000000323e+02
2.478912787000000208e+03 5.476703156999999464e+02 -5.616806765999999698e+02
2.478912680999999793e+03 5.476733216999999740e+02 -5.616834636999999475e+02
2.478895903999999973e+03 5.476263298000000077e+02 -5.616813104000000294e+02
2.478906824000000142e+03 5.476694026999999778e+02 -5.616813545999999633e+02
2.478904899999999998e+03 5.476523269000000482e+02 -5.616817416000000094e+02
2.478910359999999855e+03 5.476602289999999584e+02 -5.616808548000000201e+02
2.478912166999999954e+03 5.476761126999999760e+02 -5.616801511999999548e+02
2.478911850999999842e+03 5.476709418000000369e+02 -5.616826459000000114e+02
2.478907627999999931e+03 5.476616519000000380e+02 -5.616800607000000127e+02
2.478900301000000127e+03 5.476359658999999738e+02 -5.616802665000000161e+02
2.478913677000000007e+03 5.476742703999999549e+02 -5.616815595000000485e+02
2.478908726999999999e+03 5.476630161000000498e+02 -5.616781270000000177e+02
2.478905749000000014e+03 5.476559191999999712e+02 -5.616779797000000372e+02
2.478912166999999954e+03 5.476753887999999506e+02 -5.616804273999999850e+02
2.478910340999999789e+03 5.476667707999999948e+02 -5.616796881999999869e+02
2.478895098999999846e+03 5.476278217000000268e+02 -5.616776737000000139e+02
2.478907289000000219e+03 5.476606339999999591e+02 -5.616793430999999828e+02
2.478903381999999965e+03 5.476535307000000330e+02 -5.616785833000000139e+02
2.478908969999999954e+03 5.476725629999999683e+02 -5.616758548999999903e+02
2.478911258999999973e+03 5.476738556999999901e+02 -5.616775374999999713e+02
2.478910977999999886e+03 5.476835608999999749e+02 -5.616796848000000182e+02
2.478906116999999995e+03 5.476700167999999849e+02 -5.616792445999999472e+02
2.478911304000000200e+03 5.476765040000000226e+02 -5.616768350999999484e+02
2.478912459000000126e+03 5.476807996000000003e+02 -5.616766098000000511e+02
2.478900302999999894e+03 5.476487217000000101e+02 -5.616769526000000496e+02
2.478906762000000072e+03 5.476627336000000241e+02 -5.616765706999999566e+02
2.478905154999999922e+03 5.476597388000000137e+02 -5.616760748000000376e+02
2.478903580000000147e+03 5.476611583000000110e+02 -5.616763142999999445e+02
2.478906285000000025e+03 5.476649713000000474e+02 -5.616769587999999658e+02
2.478909735000000182e+03 5.476712816000000430e+02 -5.616745984000000362e+02
2.478908211999999821e+03 5.476713147000000390e+02 -5.616767022000000225e+02
2.478906797000000097e+03 5.476710452999999461e+02 -5.616766460999999708e+02
2.478904724999999871e+03 5.476606348999999909e+02 -5.616767519999999649e+02
2.478908327999999983e+03 5.476725165999999945e+02 -5.616778346999999485e+02
2.478909289000000172e+03 5.476736677000000100e+02 -5.616757761000000073e+02
2.478912279000000126e+03 5.476845078999999714e+02 -5.616749931000000515e+02
2.478907080999999835e+03 5.476712095999999974e+02 -5.616744555000000219e+02
2.478896831999999904e+03 5.476440354000000070e+02 -5.616742779999999584e+02
2.478896545000000060e+03 5.476422886999999946e+02 -5.616749125000000049e+02
2.478910452999999961e+03 5.476720129000000270e+02 -5.616730856000000358e+02
2.478915383000000020e+03 5.476958362000000307e+02 -5.616732957000000397e+02
2.478908835000000181e+03 5.476740065999999842e+02 -5.616760679999999866e+02
2.478910440000000108e+03 5.476787381000000323e+02 -5.616738953000000265e+02
2.478906496999999945e+03 5.476754855000000362e+02 -5.616739896000000272e+02
2.478908687000000100e+03 5.476804839999999786e+02 -5.616735231999999769e+02
2.478911200999999892e+03 5.476843162000000120e+02 -5.616746878000000152e+02
2.478912334999999985e+03 5.476889552000000094e+02 -5.616738486000000421e+02
2.478896056999999928e+03 5.476446273999999903e+02 -5.616751954000000069e+02
2.478900021999999808e+03 5.476584156000000121e+02 -5.616796680999999580e+02
2.478911145999999917e+03 5.476891200999999683e+02 -5.616746290999999474e+02
2.478901687999999922e+03 5.476591863999999532e+02 -5.616759160000000293e+02
2.478914725999999973e+03 5.476945852999999715e+02 -5.616734169000000065e+02
2.478910311999999976e+03 5.476873206000000209e+02 -5.616737683000000061e+02
2.478907992999999806e+03 5.476817548999999872e+02 -5.616732021999999915e+02
2.478903946999999789e+03 5.476709521999999879e+02 -5.616738735999999790e+02
2.478898478000000068e+03 5.476501583000000437e+02 -5.616714762000000292e+02
2.478910717000000204e+03 5.476886312999999973e+02 -5.616779725999999755e+02
2.478910578999999871e+03 5.476838699999999562e+02 -5.616739232999999558e+02
2.478904458999999861e+03 5.476706404999999904e+02 -5.616737994999999728e+02
2.478905655999999908e+03 5.476779992000000448e+02 -5.616742603000000145e+02
2.478901268999999957e+03 5.476658476000000064e+02 -5.616734520999999631e+02
2.478905338000000029e+03 5.476762946000000056e+02 -5.616744382000000542e+02
2.478910852999999861e+03 5.476975929999999835e+02 -5.616743848999999500e+02
2.478902744999999868e+03 5.476709180999999944e+02 -5.616723025000000007e+02
2.478906520999999884e+03 5.476817079999999578e+02 -5.616731892999999900e+02
2.478902382000000216e+03 5.476718448999999964e+02 -5.616720781000000215e+02
2.478905835999999908e+03 5.476830992999999808e+02 -5.616727954000000409e+02
2.478910652000000027e+03 5.476968012999999473e+02 -5.616740819999999985e+02
2.478905190999999832e+03 5.476845077000000401e+02 -5.616750421000000415e+02
2.478901776000000154e+03 5.476692881999999827e+02 -5.616749797999999601e+02
2.478910738000000038e+03 5.476940888000000314e+02 -5.616736962999999605e+02
2.478908029000000170e+03 5.476846242999999959e+02 -5.616704925999999887e+02
2.478898782000000210e+03 5.476628538999999591e+02 -5.616724643000000015e+02
2.478914338999999927e+03 5.477052938000000495e+02 -5.616730215000000044e+02
2.478908003000000008e+03 5.476858125999999629e+02 -5.616715993999999910e+02
2.478905889999999999e+03 5.476776700000000346e+02 -5.616730935000000500e+02
2.478891889999999876e+03 5.476399917999999616e+02 -5.616738828999999669e+02
2.478899946000000000e+03 5.476617290000000366e+02 -5.616740857999999434e+02
2.478904748999999811e+03 5.476797291999999970e+02 -5.616734560999999530e+02
2.478906402000000071e+03 5.476797341999999844e+02 -5.616760934000000134e+02
2.478900422000000162e+03 5.476630108000000519e+02 -5.616722726000000421e+02
2.478907494999999926e+03 5.476806609999999864e+02 -5.616696621999999479e+02
2.478900911000000178e+03 5.476703573999999435e+02 -5.616743106000000125e+02
2.478911986000000070e+03 5.477043151000000307e+02 -5.616724805999999717e+02
2.478905562999999802e+03 5.476872111000000132e+02 -5.616722760999999764e+02
2.478903916000000208e+03 5.476781352000000425e+02 -5.616728573999999981e+02
2.478905048999999963e+03 5.476744306000000506e+02 -5.616718011000000388e+02
2.478901645999999801e+03 5.476755096000000549e+02 -5.616737458000000061e+02
2.478906840999999986e+03 5.476887427000000343e+02 -5.616717889000000241e+02
2.478903685000000223e+03 5.476795730999999705e+02 -5.616729103999999779e+02
2.478904914000000190e+03 5.476897044999999480e+02 -5.616712443999999778e+02
2.478905036999999993e+03 5.476849002000000155e+02 -5.616727088999999751e+02
2.478904762000000119e+03 5.476861380000000281e+02 -5.616735111000000416e+02
2.478903155999999854e+03 5.476732534999999871e+02 -5.616710226000000148e+02
2.478895581000000220e+03 5.476600389000000177e+02 -5.616719451000000163e+02
2.478898627999999917e+03 5.476684651000000486e+02 -5.616734034999999494e+02
2.478887853000000177e+03 5.476343606000000364e+02 -5.616738990999999714e+02
2.478899143999999978e+03 5.476678134999999656e+02 -5.616730046999999786e+02
2.478901702000000114e+03 5.476769415999999637e+02 -5.616729940999999826e+02
2.478905466000000160e+03 5.476871621999999888e+02 -5.616716573999999582e+02
2.478899848999999904e+03 5.476701405000000022e+02 -5.616740536999999449e+02
2.478902200999999877e+03 5.476831059999999525e+02 -5.616731835000000501e+02
2.478908355999999912e+03 5.476974022000000559e+02 -5.616727757999999540e+02
2.478892679000000044e+03 5.476539487000000008e+02 -5.616733990000000176e+02
2.478905646000000161e+03 5.476813856999999643e+02 -5.616717694000000165e+02
2.478911392999999862e+03 5.476957642999999507e+02 -5.616711126999999806e+02
2.478904665999999906e+03 5.476834734000000253e+02 -5.616727813999999626e+02
2.478898712000000160e+03 5.476663855000000467e+02 -5.616725687000000562e+02
2.478908972000000176e+03 5.476974255999999741e+02 -5.616716354999999794e+02
2.478888614999999845e+03 5.476473380999999563e+02 -5.616736342000000377e+02
2.478898806000000150e+03 5.476704184999999825e+02 -5.616744079999999713e+02
2.478891897999999856e+03 5.476505696000000398e+02 -5.616715779999999540e+02
2.478903671000000031e+03 5.476826879000000190e+02 -5.616702566999999817e+02
2.478902716999999939e+03 5.476850980000000391e+02 -5.616720900999999913e+02
2.478904763000000003e+03 5.476920506999999816e+02 -5.616692328000000316e+02
2.478907072999999855e+03 5.476908478000000287e+02 -5.616723861000000397e+02
2.478897080000000187e+03 5.476680274999999938e+02 -5.616728634999999485e+02
2.478902235999999903e+03 5.476852221999999983e+02 -5.616711780000000545e+02
2.478901739999999791e+03 5.476813614000000143e+02 -5.616715967000000092e+02
2.478904335000000174e+03 5.476881524000000354e+02 -5.616730326000000559e+02
2.478898404999999912e+03 5.476704766000000291e+02 -5.616730661999999938e+02
2.478892855000000054e+03 5.476572063999999500e+02 -5.616715030999999954e+02
2.478891736000000037e+03 5.476485585000000356e+02 -5.616719854000000396e+02
2.478892338999999993e+03 5.476469032999999627e+02 -5.616736581000000115e+02
2.478902069000000211e+03 5.476699541000000409e+02 -5.616721063999999615e+02
2.478898900000000140e+03 5.476715127999999595e+02 -5.616715791999999965e+02
2.478901424000000134e+03 5.476753400999999712e+02 -5.616725128000000495e+02
2.478902999999999793e+03 5.476766065000000481e+02 -5.616713452999999845e+02
2.478900298000000021e+03 5.476708231000000069e+02 -5.616713936999999532e+02
2.478898868000000220e+03 5.476684327000000394e+02 -5.616713872999999921e+02
2.478907318999999916e+03 5.476876786000000266e+02 -5.616709548999999697e+02
2.478888225000000148e+03 5.476434798000000228e+02 -5.616730393000000277e+02
2.478908917000000201e+03 5.477014010000000326e+02 -5.616725417000000107e+02
2.478908097999999882e+03 5.476909517000000278e+02 -5.616710196999999880e+02
2.478904537999999775e+03 5.476845227999999679e+02 -5.616724137999999584e+02
2.478904720999999881e+03 5.476920280000000503e+02 -5.616724127999999610e+02
2.478888035999999829e+03 5.476458837000000131e+02 -5.616727568000000019e+02
2.478901707999999871e+03 5.476841524999999820e+02 -5.616720823000000564e+02
2.478899359999999888e+03 5.476738198000000466e+02 -5.616714190999999801e+02
2.478892400000000180e+03 5.476531327000000147e+02 -5.616715044999999691e+02
2.478894448999999895e+03 5.476631589999999505e+02 -5.616733197999999447e+02
2.478900997000000189e+03 5.476807212999999592e+02 -5.616720235000000230e+02
2.478895692999999937e+03 5.476673399000000018e+02 -5.616730344000000059e+02
2.478897437999999966e+03 5.476758171000000175e+02 -5.616728557999999794e+02
2.478900561999999809e+03 5.476813957000000528e+02 -5.616719041000000061e+02
2.478900169000000005e+03 5.476803319000000556e+02 -5.616723895000000084e+02
2.478902528999999959e+03 5.476894858000000568e+02 -5.616723908999999821e+02
2.478899465999999848e+03 5.476823202000000492e+02 -5.616727600000000393e+02
2.478900516000000152e+03 5.476866615999999794e+02 -5.616722286000000395e+02
2.478901100999999926e+03 5.476797556999999870e+02 -5.616723220000000083e+02
2.478902611999999863e+03 5.476928242999999839e+02 -5.616711100999999644e+02
2.478887568000000101e+03 5.476544922000000497e+02 -5.616749829999999974e+02
2.478899648000000070e+03 5.476866413000000193e+02 -5.616716662999999699e+02
2.478907771000000139e+03 5.477050302999999758e+02 -5.616719329999999673e+02
2.478901228000000174e+03 5.476886025999999674e+02 -5.616721797999999808e+02
2.478902870999999777e+03 5.477021505000000161e+02 -5.616748828999999432e+02
2.478898004000000128e+03 5.476840548000000126e+02 -5.616726466000000073e+02
2.478902365999999802e+03 5.476902530999999499e+02 -5.616729688000000351e+02
2.478904593000000204e+03 5.477044051000000309e+02 -5.616744469000000208e+02
2.478900724000000082e+03 5.476901331999999911e+02 -5.616726263000000472e+02
2.478903397999999925e+03 5.476954587000000174e+02 -5.616735492999999906e+02
2.478885443000000123e+03 5.476441475000000310e+02 -5.616745366000000104e+02
2.478891133999999965e+03 5.476638817000000472e+02 -5.616742316999999503e+02
2.478898955000000115e+03 5.476837792000000036e+02 -5.616733678000000509e+02
2.478899183999999877e+03 5.476851630999999543e+02 -5.616727534000000333e+02
2.478900603000000046e+03 5.476870129999999790e+02 -5.616715010000000348e+02
2.478887295999999878e+03 5.476480963000000202e+02 -5.616748265999999603e+02
2.478896678000000065e+03 5.476772547000000486e+02 -5.616723330999999462e+02
2.478894902999999886e+03 5.476688348000000133e+02 -5.616725728999999774e+02
2.478907427999999982e+03 5.477107194999999820e+02 -5.616715173000000050e+02
2.478899475000000166e+03 5.476887762000000066e+02 -5.616702557999999499e+02
2.478895556999999826e+03 5.476721297999999933e+02 -5.616730700000000525e+02
2.478894741999999951e+03 5.476846110999999837e+02 -5.616729365999999573e+02
2.478898448999999800e+03 5.476848214000000326e+02 -5.616746596000000409e+02
2.478893442999999934e+03 5.476698370999999952e+02 -5.616718168999999534e+02
2.478888379999999870e+03 5.476621302999999443e+02 -5.616730076000000054e+02
2.478892311000000063e+03 5.476681280999999899e+02 -5.616727049999999508e+02
2.478903736000000208e+03 5.477025095000000192e+02 -5.616722617000000355e+02
2.478898373999999876e+03 5.476915423000000374e+02 -5.616713205999999445e+02
2.478899296999999933e+03 5.476919660999999451e+02 -5.616716184000000567e+02
2.478897094999999808e+03 5.476865368999999646e+02 -5.616727292000000489e+02
2.478894671000000017e+03 5.476782402000000047e+02 -5.616743787000000339e+02
2.478894647999999961e+03 5.476826776999999993e+02 -5.616725016000000323e+02
2.478896507999999812e+03 5.476819979000000558e+02 -5.616696414000000459e+02
2.478897277999999915e+03 5.476843003000000181e+02 -5.616710140000000138e+02
2.478891426000000138e+03 5.476632316000000174e+02 -5.616732193000000279e+02
2.478900833000000148e+03 5.476926098999999795e+02 -5.616725586000000021e+02
2.478895006000000194e+03 5.476786912999999686e+02 -5.616731418000000531e+02
2.478891956999999820e+03 5.476748169999999618e+02 -5.616735854999999447e+02
2.478895740999999816e+03 5.476850993000000472e+02 -5.616729626000000053e+02
2.478890221999999994e+03 5.476649063999999498e+02 -5.616741766000000098e+02
2.478898330999999871e+03 5.476913313999999673e+02 -5.616732451000000310e+02
2.478898208000000068e+03 5.476855054000000109e+02 -5.616720834999999852e+02
2.478882097000000158e+03 5.476463837000000012e+02 -5.616731588999999758e+02
2.478891733999999815e+03 5.476841789000000063e+02 -5.616731105999999727e+02
2.478888840999999957e+03 5.476652639000000136e+02 -5.616741001999999980e+02
2.478894169000000147e+03 5.476757992000000286e+02 -5.616746097999999847e+02
2.478902732999999898e+03 5.476981901999999991e+02 -5.616740721999999550e+02
2.478884054000000106e+03 5.476533991000000015e+02 -5.616736574999999903e+02
2.478898571000000175e+03 5.476911234000000377e+02 -5.616731293000000278e+02
2.478895842999999786e+03 5.476827889999999570e+02 -5.616720546000000240e+02
2.478894968999999946e+03 5.476818081000000120e+02 -5.616726683000000548e+02
2.478896777999999813e+03 5.476819699999999784e+02 -5.616728077000000212e+02
2.478897820000000138e+03 5.476893645000000106e+02 -5.616704992999999604e+02
2.478896330000000034e+03 5.476854015000000118e+02 -5.616731248999999480e+02
2.478897171999999955e+03 5.476899276999999984e+02 -5.616724441999999726e+02
2.478895801000000120e+03 5.476839843999999857e+02 -5.616722661000000016e+02
2.478878150000000005e+03 5.476372787000000244e+02 -5.616708363000000190e+02
2.478882959000000028e+03 5.476508429000000433e+02 -5.616707705999999689e+02
2.478892894999999953e+03 5.476804630000000316e+02 -5.616722931000000472e+02
2.478895932999999786e+03 5.476826134000000366e+02 -5.616696824000000561e+02
2.478894491999999900e+03 5.476811394000000064e+02 -5.616703562000000147e+02
2.478890272000000095e+03 5.476765810000000556e+02 -5.616730078000000503e+02
2.478883746999999858e+03 5.476580741999999873e+02 -5.616736163000000488e+02
2.478894897000000128e+03 5.476807654000000412e+02 -5.616716354999999794e+02
2.478896959000000152e+03 5.476845412000000124e+02 -5.616711619000000155e+02
2.478891788999999790e+03 5.476763815000000477e+02 -5.616722774999999501e+02
2.478891320000000178e+03 5.476736710000000130e+02 -5.616763680000000249e+02
2.478885568000000148e+03 5.476611729999999625e+02 -5.616722322000000531e+02
2.478889650999999958e+03 5.476701160000000073e+02 -5.616721942000000354e+02
2.478902862999999797e+03 5.477000193000000081e+02 -5.616697454999999763e+02
2.478896287999999913e+03 5.476865728999999874e+02 -5.616726248999999598e+02
2.478893903000000137e+03 5.476917472999999745e+02 -5.616743793000000551e+02
2.478896483999999873e+03 5.476921184000000267e+02 -5.616730260000000499e+02
2.478888351999999941e+03 5.476690823999999793e+02 -5.616739414999999553e+02
2.478888720999999805e+03 5.476763170000000400e+02 -5.616721999999999753e+02
2.478900950000000194e+03 5.477058081999999786e+02 -5.616722322000000531e+02
2.478885471999999936e+03 5.476636026999999558e+02 -5.616743215999999848e+02
2.478893335000000206e+03 5.476917952000000014e+02 -5.616736134999999877e+02
2.478875014000000192e+03 5.476340075000000525e+02 -5.616748522000000321e+02
2.478891587999999956e+03 5.476860659000000169e+02 -5.616733371000000261e+02
2.478882470000000012e+03 5.476529891999999791e+02 -5.616747767000000522e+02
2.478887294000000111e+03 5.476738400000000411e+02 -5.616733123999999862e+02
2.478887349000000086e+03 5.476722792000000481e+02 -5.616720888999999488e+02
2.478893668000000162e+03 5.476895008000000189e+02 -5.616717503999999508e+02
2.478896522999999888e+03 5.476973193000000038e+02 -5.616706732000000102e+02
2.478890957000000071e+03 5.476763815000000477e+02 -5.616719299999999748e+02
2.478891646000000037e+03 5.476851606000000174e+02 -5.616731330999999727e+02
2.478890498000000207e+03 5.476802665000000161e+02 -5.616722961000000396e+02
2.478894331999999849e+03 5.476981772999999976e+02 -5.616719090000000278e+02
2.478891079999999874e+03 5.476790605999999570e+02 -5.616741908000000194e+02
2.478894992999999886e+03 5.476926164000000199e+02 -5.616735194000000320e+02
2.478894123999999920e+03 5.476862413999999717e+02 -5.616713611999999785e+02
2.478876969999999801e+03 5.476418943999999556e+02 -5.616714156000000457e+02
2.478883769999999913e+03 5.476610073000000511e+02 -5.616716731000000209e+02
2.478878223000000162e+03 5.476467646999999488e+02 -5.616715735999999879e+02
2.478892859999999928e+03 5.476808534000000463e+02 -5.616731751999999460e+02
2.478878349999999955e+03 5.476429660999999669e+02 -5.616718174999999746e+02
2.478883320999999796e+03 5.476619792999999845e+02 -5.616734857999999804e+02
2.478891743000000133e+03 5.476813462999999729e+02 -5.616714190999999801e+02
2.478890510000000177e+03 5.476797823000000562e+02 -5.616716325999999526e+02
2.478890996999999970e+03 5.476784745999999586e+02 -5.616711330000000544e+02
2.478877719000000070e+03 5.476447153999999955e+02 -5.616732462999999598e+02
2.478892272000000048e+03 5.476891467000000375e+02 -5.616709322000000384e+02
2.478886743999999908e+03 5.476695164999999861e+02 -5.616728031000000101e+02
2.478889873999999963e+03 5.476760567999999694e+02 -5.616717091000000437e+02
2.478896278000000166e+03 5.477049100000000408e+02 -5.616712201000000277e+02
2.478892425000000003e+03 5.476869685000000345e+02 -5.616713802000000442e+02
2.478888723000000027e+03 5.476780046000000084e+02 -5.616726184999999987e+02
2.478891119999999773e+03 5.476861803000000464e+02 -5.616719663000000082e+02
2.478887211000000207e+03 5.476689618999999993e+02 -5.616725520999999617e+02
2.478884711000000152e+03 5.476659511999999950e+02 -5.616732547999999952e+02
2.478890820999999960e+03 5.476840512999999646e+02 -5.616747837000000345e+02
2.478891791000000012e+03 5.476847255000000132e+02 -5.616740654000000177e+02
2.478891521999999895e+03 5.476845512999999528e+02 -5.616716937999999573e+02
2.478889583000000130e+03 5.476792119000000412e+02 -5.616699200000000474e+02
2.478885012000000188e+03 5.476654511000000412e+02 -5.616696901000000253e+02
2.478886335000000145e+03 5.476837430000000495e+02 -5.616751385000000028e+02
2.478874084999999923e+03 5.476434812999999622e+02 -5.616756939000000557e+02
2.478886563999999908e+03 5.476742649999999912e+02 -5.616730678000000125e+02
2.478887180000000171e+03 5.476712578000000349e+02 -5.616707836000000498e+02
2.478891242000000148e+03 5.476860342999999602e+02 -5.616706599999999980e+02
2.478884701999999834e+03 5.476652127999999493e+02 -5.616708675999999514e+02
2.478887991999999940e+03 5.476792801999999938e+02 -5.616741305000000466e+02
2.478875649000000067e+03 5.476464617999999973e+02 -5.616726704000000154e+02
2.478892456999999922e+03 5.476938503999999739e+02 -5.616715801999999940e+02
2.478890902000000096e+03 5.476931588999999576e+02 -5.616712996999999632e+02
2.478889654000000064e+03 5.476809977000000345e+02 -5.616719520999999986e+02
2.478890737000000172e+03 5.476890968999999814e+02 -5.616720772999999554e+02
2.478890334000000166e+03 5.476839424999999437e+02 -5.616723133000000416e+02
2.478886504000000059e+03 5.476776175999999623e+02 -5.616720428999999513e+02
2.478875915999999961e+03 5.476487057000000505e+02 -5.616736624000000120e+02
2.478884806000000026e+03 5.476647040000000288e+02 -5.616739374999999654e+02
2.478887657000000218e+03 5.476800543000000516e+02 -5.616733758000000307e+02
2.478895028999999795e+03 5.476904713000000129e+02 -5.616719964000000118e+02
2.478890547999999853e+03 5.476841120999999930e+02 -5.616725294999999960e+02
2.478884664000000157e+03 5.476715547000000015e+02 -5.616727064000000382e+02
2.478881730000000061e+03 5.476652526000000307e+02 -5.616720815999999559e+02
2.478898729000000003e+03 5.477096919000000526e+02 -5.616716321999999764e+02
2.478889133000000129e+03 5.476832349999999678e+02 -5.616747468999999455e+02
2.478884864000000107e+03 5.476734279999999444e+02 -5.616731770000000097e+02
2.478886123000000225e+03 5.476815759999999500e+02 -5.616748049000000265e+02
2.478882557999999790e+03 5.476778143000000227e+02 -5.616751569000000472e+02
2.478884129000000030e+03 5.476776343999999881e+02 -5.616714373999999452e+02
2.478884054999999989e+03 5.476756689999999708e+02 -5.616719805999999835e+02
2.478885861000000205e+03 5.476802440999999817e+02 -5.616733421000000135e+02
2.478883901000000151e+03 5.476687356999999565e+02 -5.616711093999999775e+02
2.478881089999999858e+03 5.476715719000000036e+02 -5.616730654000000413e+02
2.478890499000000091e+03 5.476942841000000044e+02 -5.616714677999999594e+02
2.478888192999999774e+03 5.476896735999999919e+02 -5.616714273999999705e+02
2.478885396000000128e+03 5.476764795000000277e+02 -5.616708284999999705e+02
2.478887921000000006e+03 5.476805659000000333e+02 -5.616716116000000056e+02
2.478880435999999918e+03 5.476744389000000410e+02 -5.616717920999999478e+02
2.478879754000000048e+03 5.476590959000000112e+02 -5.616730853000000252e+02
2.478889819999999872e+03 5.476874281999999994e+02 -5.616690257000000202e+02
2.478883687000000009e+03 5.476778735000000324e+02 -5.616710931999999730e+02
2.478887976999999864e+03 5.476889267000000245e+02 -5.616726584000000457e+02
2.478874068999999963e+03 5.476459587000000511e+02 -5.616710047999999915e+02
2.478872770999999830e+03 5.476462413000000424e+02 -5.616739337000000205e+02
2.478891784999999800e+03 5.476991662000000360e+02 -5.616712724000000208e+02
2.478888270999999804e+03 5.476888652000000093e+02 -5.616705932999999504e+02
2.478883914000000004e+03 5.476769013000000541e+02 -5.616711404999999786e+02
2.478884634999999889e+03 5.476784580999999434e+02 -5.616719276000000036e+02
2.478886554000000160e+03 5.476872161999999662e+02 -5.616697573000000148e+02
2.478888810999999805e+03 5.476924993999999742e+02 -5.616739384999999629e+02
2.478885458000000199e+03 5.476781581000000187e+02 -5.616721052999999984e+02
2.478887425999999778e+03 5.476856434999999692e+02 -5.616714805999999953e+02
2.478887021000000004e+03 5.476836416999999528e+02 -5.616723077999999987e+02
2.478886468000000150e+03 5.476828359999999520e+02 -5.616730433000000176e+02
2.478872973000000002e+03 5.476426834000000099e+02 -5.616743787000000339e+02
2.478894279000000097e+03 5.477053965999999718e+02 -5.616718118000000004e+02
2.478883020000000215e+03 5.476709421000000475e+02 -5.616725553999999647e+02
2.478887306000000081e+03 5.476872488999999860e+02 -5.616722776000000295e+02
2.478885831999999937e+03 5.476861738999999716e+02 -5.616709640999999920e+02
2.478878431999999975e+03 5.476615223999999671e+02 -5.616724659999999858e+02
2.478884489000000031e+03 5.476755865999999742e+02 -5.616724693999999545e+02
2.478884739000000081e+03 5.476729718999999932e+02 -5.616734732999999551e+02
2.478880709999999908e+03 5.476631423000000041e+02 -5.616726905000000443e+02
2.478886341999999786e+03 5.476930427999999438e+02 -5.616712284000000182e+02
2.478883597000000009e+03 5.476760891999999785e+02 -5.616714355999999952e+02
2.478884669999999915e+03 5.476791587999999820e+02 -5.616729788000000099e+02
2.478880995999999868e+03 5.476673876999999493e+02 -5.616750362999999879e+02
2.478886508000000049e+03 5.476748681999999917e+02 -5.616737686000000167e+02
2.478881279000000177e+03 5.476699806999999964e+02 -5.616738136000000168e+02
2.478882993000000170e+03 5.476826495000000250e+02 -5.616720450000000255e+02
2.478868636000000151e+03 5.476425832999999557e+02 -5.616732034999999996e+02
2.478886814999999842e+03 5.476844213000000536e+02 -5.616707588000000442e+02
2.478881821999999829e+03 5.476720586999999796e+02 -5.616719835999999759e+02
2.478890350000000126e+03 5.476906179999999722e+02 -5.616724175000000514e+02
2.478884226000000126e+03 5.476802883000000293e+02 -5.616723746000000119e+02
2.478882784999999785e+03 5.476790925000000243e+02 -5.616737296999999671e+02
2.478880650999999943e+03 5.476749409999999898e+02 -5.616732147000000168e+02
2.478883783000000221e+03 5.476846441999999797e+02 -5.616736720000000105e+02
2.478877011000000039e+03 5.476620054999999638e+02 -5.616719686000000138e+02
2.478871169000000009e+03 5.476437835000000405e+02 -5.616718855999999960e+02
2.478885599000000184e+03 5.476880876999999828e+02 -5.616729415999999446e+02
2.478883014000000003e+03 5.476751025999999456e+02 -5.616707363000000441e+02
2.478876811000000089e+03 5.476604555999999775e+02 -5.616740409000000227e+02
2.478887573999999859e+03 5.476910609999999906e+02 -5.616712794000000031e+02
2.478883154999999988e+03 5.476805315999999948e+02 -5.616709683000000268e+02
2.478879602999999861e+03 5.476676627000000508e+02 -5.616730526000000054e+02
2.478880203000000165e+03 5.476736379000000170e+02 -5.616705389999999625e+02
2.478885552000000189e+03 5.476982551999999487e+02 -5.616712015000000520e+02
2.478881467000000157e+03 5.476774873000000525e+02 -5.616708986999999524e+02
2.478881906999999956e+03 5.476811649999999645e+02 -5.616725711999999930e+02
2.478882729999999810e+03 5.476846988999999439e+02 -5.616726073999999471e+02
2.478884692000000086e+03 5.476863823999999568e+02 -5.616705042999999478e+02
2.478877712999999858e+03 5.476748965000000453e+02 -5.616731350000000020e+02
2.478879844000000048e+03 5.476715907999999899e+02 -5.616708595999999716e+02
2.478868899000000056e+03 5.476469636000000492e+02 -5.616743413000000373e+02
2.478882478999999876e+03 5.476801097000000027e+02 -5.616715669000000162e+02
2.478877454999999827e+03 5.476678098999999520e+02 -5.616718773999999712e+02
2.478886081000000104e+03 5.476925887999999532e+02 -5.616712569999999687e+02
2.478881785000000036e+03 5.476809991999999738e+02 -5.616714432999999644e+02
2.478883758999999827e+03 5.476849237000000130e+02 -5.616715907000000243e+02
2.478887765999999829e+03 5.476976789000000281e+02 -5.616709732000000486e+02
2.478882030000000213e+03 5.476796848000000182e+02 -5.616711076999999932e+02
2.478879500000000007e+03 5.476771255999999539e+02 -5.616717489000000114e+02
2.478889560999999958e+03 5.476986591999999519e+02 -5.616674712999999883e+02
2.478880689000000075e+03 5.476773411000000351e+02 -5.616714018000000124e+02
2.478882188999999926e+03 5.476789271999999755e+02 -5.616720804000000271e+02
2.478880676000000221e+03 5.476760892999999442e+02 -5.616723285000000487e+02
2.478873449000000164e+03 5.476600849999999809e+02 -5.616698642999999720e+02
2.478879395999999815e+03 5.476734470000000101e+02 -5.616724807000000510e+02
2.478865715999999793e+03 5.476391611999999895e+02 -5.616738943999999947e+02
2.478886879000000135e+03 5.476942338999999720e+02 -5.616709236000000374e+02
2.478875210000000152e+03 5.476590413000000126e+02 -5.616717228999999634e+02
2.478885261999999784e+03 5.476828818000000183e+02 -5.616720448999999462e+02
2.478884574000000157e+03 5.476960772999999563e+02 -5.616744020999999520e+02
2.478877809000000070e+03 5.476676003999999693e+02 -5.616713294999999562e+02
2.478880153999999948e+03 5.476737822000000051e+02 -5.616746441000000232e+02
2.478885779000000184e+03 5.476891372000000047e+02 -5.616700538000000051e+02
2.478884567999999945e+03 5.476869444999999814e+02 -5.616703853999999865e+02
2.478884210000000166e+03 5.476852646999999479e+02 -5.616700095999999576e+02
2.478884763999999905e+03 5.476989632999999458e+02 -5.616702202000000170e+02
2.478882074999999986e+03 5.476805193999999801e+02 -5.616700757999999496e+02
2.478879116999999951e+03 5.476758875000000444e+02 -5.616687503000000561e+02
2.478867635000000064e+03 5.476430481999999529e+02 -5.616701238000000558e+02
2.478882912000000033e+03 5.476784151000000520e+02 -5.616700002000000040e+02
2.478881809999999859e+03 5.476810911000000033e+02 -5.616704677000000174e+02
2.478882772999999816e+03 5.476842433000000483e+02 -5.616748275999999578e+02
2.478865715999999793e+03 5.476363976000000093e+02 -5.616718236000000388e+02
2.478871469000000161e+03 5.476547312000000147e+02 -5.616729990999999700e+02
2.478881331000000046e+03 5.476826965999999857e+02 -5.616708456000000069e+02
2.478879704999999831e+03 5.476797182999999904e+02 -5.616709498999999823e+02
2.478881007999999838e+03 5.476846099000000549e+02 -5.616718395999999984e+02
2.478887549000000035e+03 5.477037487000000056e+02 -5.616691276999999900e+02
2.478881451000000197e+03 5.476848062000000255e+02 -5.616718528000000106e+02
2.478880286000000069e+03 5.476757940999999619e+02 -5.616714884000000438e+02
2.478873775000000023e+03 5.476584586999999829e+02 -5.616703585999999859e+02
2.478879996000000119e+03 5.476771377000000030e+02 -5.616703982000000224e+02
2.478885008000000198e+03 5.476928662999999915e+02 -5.616718352999999979e+02
2.478885506999999961e+03 5.476955394000000297e+02 -5.616720123999999714e+02
2.478880216999999902e+03 5.476801623999999720e+02 -5.616697703999999476e+02
2.478877977000000101e+03 5.476727022999999690e+02 -5.616718753000000106e+02
2.478877972000000227e+03 5.476767847999999503e+02 -5.616712700000000495e+02
2.478875426999999945e+03 5.476625056999999970e+02 -5.616695998000000145e+02
2.478875983999999789e+03 5.476681657000000314e+02 -5.616723034999999982e+02
2.478880657000000156e+03 5.476783527000000049e+02 -5.616710005999999566e+02
2.478865175999999792e+03 5.476414161000000149e+02 -5.616720007000000123e+02
2.478885330999999951e+03 5.476957278999999517e+02 -5.616713204999999789e+02
2.478875445000000127e+03 5.476716537999999446e+02 -5.616728273999999601e+02
2.478874366999999893e+03 5.476614624999999705e+02 -5.616715046000000484e+02
2.478875829999999951e+03 5.476663538000000244e+02 -5.616720831000000089e+02
2.478871614000000136e+03 5.476506716000000097e+02 -5.616717063999999482e+02
2.478875253000000157e+03 5.476679103000000168e+02 -5.616720794999999953e+02
2.478861413000000084e+03 5.476321923000000425e+02 -5.616719852999999603e+02
2.478884246000000076e+03 5.476878090999999813e+02 -5.616689874999999574e+02
2.478870708999999806e+03 5.476577237999999852e+02 -5.616739724999999908e+02
2.478874877000000197e+03 5.476655176000000438e+02 -5.616700631999999587e+02
2.478861472000000049e+03 5.476324783999999681e+02 -5.616707333000000517e+02
2.478877183999999943e+03 5.476728269000000182e+02 -5.616703476000000137e+02
2.478872206000000006e+03 5.476547881000000189e+02 -5.616692821000000322e+02
2.478874217000000044e+03 5.476624027000000297e+02 -5.616718919999999571e+02
2.478877812000000176e+03 5.476774788999999828e+02 -5.616715239999999767e+02
2.478877883000000111e+03 5.476774420000000418e+02 -5.616709875999999895e+02
2.478878078000000187e+03 5.476754885000000286e+02 -5.616703738999999587e+02
2.478874355999999807e+03 5.476779688999999962e+02 -5.616709058000000141e+02
2.478872433000000001e+03 5.476636628999999630e+02 -5.616731856999999764e+02
2.478874495999999908e+03 5.476633487999999943e+02 -5.616734430999999859e+02
2.478880123999999796e+03 5.476827283000000079e+02 -5.616678942999999435e+02
2.478881100999999944e+03 5.476813681999999517e+02 -5.616702794999999924e+02
2.478873916000000008e+03 5.476648496000000250e+02 -5.616684506999999940e+02
2.478866899999999987e+03 5.476470755999999938e+02 -5.616712164000000485e+02
2.478880858999999873e+03 5.476853363000000172e+02 -5.616726708999999573e+02
2.478869528000000173e+03 5.476532558999999765e+02 -5.616704171999999744e+02
2.478880414000000201e+03 5.476829072000000451e+02 -5.616693821000000071e+02
2.478880180000000109e+03 5.476839081000000533e+02 -5.616683686000000080e+02
2.478875888999999916e+03 5.476709402000000182e+02 -5.616683445999999549e+02
2.478877045000000180e+03 5.476680622000000085e+02 -5.616699479000000110e+02
2.478876052000000072e+03 5.476669500000000426e+02 -5.616704243000000361e+02
2.478868934000000081e+03 5.476549189999999498e+02 -5.616676869000000352e+02
2.478880436999999802e+03 5.476840459999999666e+02 -5.616694377000000031e+02
2.478878365999999914e+03 5.476866298999999572e+02 -5.616684919000000491e+02
2.478882200999999895e+03 5.476837371000000303e+02 -5.616668389000000161e+02
2.478882674999999836e+03 5.476810951999999588e+02 -5.616696042999999463e+02
2.478880749999999807e+03 5.476809792000000243e+02 -5.616697765000000118e+02
2.478874589000000014e+03 5.476645837999999458e+02 -5.616702168000000484e+02
2.478870211999999810e+03 5.476527313999999933e+02 -5.616696389999999610e+02
2.478870755999999801e+03 5.476583634999999504e+02 -5.616691270999999688e+02
2.478870918000000074e+03 5.476566447999999809e+02 -5.616711331000000200e+02
2.478876908000000185e+03 5.476724339999999529e+02 -5.616687260999999580e+02
2.478878696000000218e+03 5.476795292000000472e+02 -5.616691581000000042e+02
2.478861880999999812e+03 5.476377758999999514e+02 -5.616698056999999835e+02
2.478873418000000129e+03 5.476638385999999628e+02 -5.616698470000000043e+02
2.478877625999999964e+03 5.476732557000000270e+02 -5.616681246000000556e+02
2.478881448000000091e+03 5.476874629999999797e+02 -5.616678935999999567e+02
2.478879140999999890e+03 5.476778514000000087e+02 -5.616682184999999663e+02
2.478878381999999874e+03 5.476834922000000461e+02 -5.616683630999999650e+02
2.478875989000000118e+03 5.476751606999999922e+02 -5.616701157999999623e+02
2.478873481000000083e+03 5.476623127999999951e+02 -5.616702741999999944e+02
2.478874737000000096e+03 5.476728573999999981e+02 -5.616700839999999744e+02
2.478877656999999999e+03 5.476751021000000037e+02 -5.616747291000000359e+02
2.478872984999999971e+03 5.476684090999999626e+02 -5.616696653999999853e+02
2.478879432000000179e+03 5.476862716000000546e+02 -5.616710017000000335e+02
2.478873113000000103e+03 5.476643209000000070e+02 -5.616694535999999971e+02
2.478883057000000008e+03 5.476852056000000175e+02 -5.616663525999999820e+02
2.478879820999999993e+03 5.476846620999999686e+02 -5.616680814000000055e+02
2.478874029999999948e+03 5.476723617999999760e+02 -5.616696709999999939e+02
2.478876538999999866e+03 5.476787715000000389e+02 -5.616688560999999709e+02
2.478883342000000084e+03 5.476853436999999758e+02 -5.616685257000000320e+02
2.478878678999999920e+03 5.476799284999999600e+02 -5.616697445999999445e+02
2.478880173000000013e+03 5.476799655999999459e+02 -5.616705371000000468e+02
2.478880052999999862e+03 5.476850256999999829e+02 -5.616705659000000423e+02
2.478879504999999881e+03 5.476822605999999496e+02 -5.616703029000000242e+02
2.478877949000000172e+03 5.476762919999999895e+02 -5.616693271999999979e+02
2.478878956000000017e+03 5.476810114999999541e+02 -5.616707460999999739e+02
2.478877766000000065e+03 5.476758640000000469e+02 -5.616681532999999718e+02
2.478876417999999830e+03 5.476752977999999530e+02 -5.616694187000000511e+02
2.478875876999999946e+03 5.476720503000000235e+02 -5.616698092000000315e+02
2.478876419000000169e+03 5.476749701999999616e+02 -5.616727439000000004e+02
2.478870675000000119e+03 5.476693764999999985e+02 -5.616749908000000460e+02
2.478876495999999861e+03 5.476737814000000526e+02 -5.616703539999999748e+02
2.478881303000000116e+03 5.476924794000000247e+02 -5.616672645999999531e+02
2.478874556000000211e+03 5.476679767000000538e+02 -5.616700792999999976e+02
2.478861429999999928e+03 5.476386909999999943e+02 -5.616712754000000132e+02
2.478878713000000062e+03 5.476858881000000565e+02 -5.616700157000000218e+02
2.478877434999999878e+03 5.476764177999999674e+02 -5.616690840999999637e+02
2.478874365000000125e+03 5.476716923000000179e+02 -5.616706110000000081e+02
2.478874815000000126e+03 5.476694241999999804e+02 -5.616713733999999931e+02
2.478873300000000199e+03 5.476670086999999967e+02 -5.616705220999999710e+02
2.478869671999999809e+03 5.476587904000000435e+02 -5.616705775000000358e+02
2.478878667999999834e+03 5.476811582000000271e+02 -5.616697308999999905e+02
2.478872475000000122e+03 5.476639731999999867e+02 -5.616700862000000143e+02
2.478878564000000097e+03 5.476867344999999432e+02 -5.616698215999999775e+02
2.478879203999999845e+03 5.476847608000000491e+02 -5.616686481000000413e+02
2.478864505999999892e+03 5.476432472000000189e+02 -5.616688848999999664e+02
2.478869435000000067e+03 5.476563476000000037e+02 -5.616692411999999877e+02
2.478876887999999781e+03 5.476715689999999768e+02 -5.616705749000000196e+02
2.478876165000000128e+03 5.476718264999999519e+02 -5.616674037000000226e+02
2.478868890000000192e+03 5.476502711000000545e+02 -5.616699294000000009e+02
2.478880657000000156e+03 5.476839979000000085e+02 -5.616694618000000219e+02
2.478871179000000211e+03 5.476663753000000270e+02 -5.616682226000000355e+02
2.478876268999999866e+03 5.476741346999999678e+02 -5.616712218999999777e+02
2.478879190000000108e+03 5.476855976000000510e+02 -5.616690038000000413e+02
2.478878142000000025e+03 5.476788722999999663e+02 -5.616698648000000276e+02
2.478872625999999855e+03 5.476649429000000282e+02 -5.616695200000000341e+02
2.478875105000000076e+03 5.476694467999999461e+02 -5.616695703000000321e+02
2.478876506999999947e+03 5.476791534000000183e+02 -5.616689198000000260e+02
2.478874870999999985e+03 5.476789803000000347e+02 -5.616712042999999994e+02
2.478870708999999806e+03 5.476595966999999519e+02 -5.616700982999999496e+02
2.478880607000000055e+03 5.476810175000000527e+02 -5.616681095999999798e+02
2.478867612999999892e+03 5.476492646000000377e+02 -5.616700451000000385e+02
2.478872241999999915e+03 5.476607757000000447e+02 -5.616674766999999520e+02
2.478873270000000048e+03 5.476655657000000019e+02 -5.616695342000000437e+02
2.478862943999999970e+03 5.476423873999999614e+02 -5.616702831000000060e+02
2.478868022000000110e+03 5.476558232999999518e+02 -5.616690009000000146e+02
2.478870570999999927e+03 5.476637008000000151e+02 -5.616707006000000320e+02
2.478878284999999778e+03 5.476796167999999625e+02 -5.616696140000000241e+02
2.478878048999999919e+03 5.476860546999999997e+02 -5.616696611999999504e+02
2.478867678999999953e+03 5.476538706999999704e+02 -5.616713929999999664e+02
2.478878491999999824e+03 5.476807086999999683e+02 -5.616698450000000093e+02
2.478880338999999822e+03 5.476921195999999554e+02 -5.616700895000000173e+02
2.478863058999999794e+03 5.476374776000000111e+02 -5.616727929999999560e+02
2.478870524999999816e+03 5.476588123999999880e+02 -5.616692759999999680e+02
2.478864662999999837e+03 5.476529116000000386e+02 -5.616769570999999814e+02
2.478878068999999869e+03 5.476758528999999953e+02 -5.616706668000000491e+02
2.478873392999999851e+03 5.476688153000000057e+02 -5.616693009000000529e+02
2.478876126000000113e+03 5.476694467999999461e+02 -5.616736365000000433e+02
2.478876871999999821e+03 5.476786929999999529e+02 -5.616701752000000170e+02
2.478879475000000184e+03 5.476805517999999893e+02 -5.616691942999999583e+02
2.478876705000000129e+03 5.476630133999999543e+02 -5.616685645999999679e+02
2.478880320000000211e+03 5.476889459999999872e+02 -5.616690091000000393e+02
2.478873142999999800e+03 5.476780307000000221e+02 -5.616695541999999932e+02
2.478880897000000004e+03 5.476915633999999500e+02 -5.616695707999999740e+02
2.478871983000000000e+03 5.476714950000000499e+02 -5.616713554000000386e+02
2.478872268999999960e+03 5.476631131000000323e+02 -5.616688487000000123e+02
2.478873778000000129e+03 5.476692559000000529e+02 -5.616707489000000351e+02
2.478877366000000166e+03 5.476791190000000142e+02 -5.616687223999999787e+02
2.478879068000000188e+03 5.476775394999999662e+02 -5.616691323999999668e+02
2.478875723000000107e+03 5.476820367999999917e+02 -5.616672185999999556e+02
2.478856530999999904e+03 5.476327982999999904e+02 -5.616692954000000100e+02
2.478872210999999879e+03 5.476724172000000408e+02 -5.616661354999999958e+02
2.478866004999999859e+03 5.476585774999999785e+02 -5.616713674999999739e+02
2.478867690000000039e+03 5.476682194999999638e+02 -5.616740117000000510e+02
2.478876323999999840e+03 5.476780479000000241e+02 -5.616696052999999438e+02
2.478858505000000150e+03 5.476453906000000416e+02 -5.616659610000000384e+02
2.478875853000000006e+03 5.476778705000000400e+02 -5.616692925999999488e+02
2.478876245999999810e+03 5.476822764999999436e+02 -5.616701437000000396e+02
2.478881326000000172e+03 5.476814477000000352e+02 -5.616683699000000161e+02
2.478884317999999894e+03 5.476980406999999786e+02 -5.616692739999999731e+02
2.478883624999999938e+03 5.476964285000000245e+02 -5.616686241999999538e+02
2.478879660999999942e+03 5.476854048999999804e+02 -5.616690241000000015e+02
2.478868681999999808e+03 5.476578118999999560e+02 -5.616689194000000498e+02
2.478870737000000190e+03 5.476657076999999845e+02 -5.616680556999999681e+02
2.478864230000000134e+03 5.476546032999999625e+02 -5.616684029000000464e+02
2.478872597999999925e+03 5.476739884999999504e+02 -5.616648192999999765e+02
2.478864940999999817e+03 5.476497918000000027e+02 -5.616690114000000449e+02
2.478870597999999973e+03 5.476624126000000388e+02 -5.616673048999999764e+02
2.478872111000000132e+03 5.476798297999999932e+02 -5.616707794999999805e+02
2.478875215999999909e+03 5.476792123000000174e+02 -5.616697906000000557e+02
2.478875521999999819e+03 5.476820238000000245e+02 -5.616691872000000103e+02
2.478873806000000059e+03 5.476768501000000242e+02 -5.616670027000000118e+02
2.478880388999999923e+03 5.476936467000000448e+02 -5.616666993999999704e+02
2.478879469999999856e+03 5.476881193000000394e+02 -5.616682858000000351e+02
2.478876612999999907e+03 5.476869509000000562e+02 -5.616685919000000240e+02
2.478881674000000203e+03 5.476955176999999821e+02 -5.616685692999999446e+02
2.478875946000000113e+03 5.476843816000000515e+02 -5.616702304000000368e+02
2.478882363000000169e+03 5.476947245999999723e+02 -5.616688920000000280e+02
2.478873077000000194e+03 5.476737269000000197e+02 -5.616694314000000077e+02
2.478877011000000039e+03 5.476870916000000307e+02 -5.616681737000000112e+02
2.478871974000000137e+03 5.476792438999999604e+02 -5.616705015000000003e+02
2.478879137999999784e+03 5.476868977000000314e+02 -5.616688994999999522e+02
2.478876573000000008e+03 5.476802940000000035e+02 -5.616668511000000308e+02
2.478860675999999785e+03 5.476487515999999687e+02 -5.616693113000000039e+02
2.478872741000000133e+03 5.476719190999999682e+02 -5.616681782000000567e+02
2.478869563000000198e+03 5.476667549999999665e+02 -5.616702129000000241e+02
2.478863268999999946e+03 5.476482955000000175e+02 -5.616707225999999764e+02
2.478858439000000089e+03 5.476370474000000286e+02 -5.616687170999999807e+02
2.478867314000000079e+03 5.476527178000000049e+02 -5.616688716999999542e+02
2.478873035999999956e+03 5.476783467000000201e+02 -5.616687988999999561e+02
2.478856400000000122e+03 5.476328690000000279e+02 -5.616708330999999816e+02
2.478880881000000045e+03 5.476917200000000321e+02 -5.616714471999999887e+02
2.478875344999999925e+03 5.476860732000000098e+02 -5.616683997999999747e+02
2.478874287000000095e+03 5.476822382999999945e+02 -5.616690267999999833e+02
2.478871146999999837e+03 5.476801011000000017e+02 -5.616701339999999618e+02
2.478870612000000165e+03 5.476675787000000355e+02 -5.616683551999999509e+02
2.478875806999999895e+03 5.476934148999999934e+02 -5.616667846000000281e+02
2.478866657999999916e+03 5.476577174999999897e+02 -5.616683721000000560e+02
2.478868139000000156e+03 5.476616314000000330e+02 -5.616695469000000003e+02
2.478867450000000190e+03 5.476644777999999860e+02 -5.616681961000000456e+02
2.478868065000000115e+03 5.476649902999999995e+02 -5.616689902000000529e+02
2.478872006999999940e+03 5.476715788000000202e+02 -5.616701921000000084e+02
2.478874784000000091e+03 5.476831130000000485e+02 -5.616694989000000078e+02
2.478872014999999919e+03 5.476729652000000215e+02 -5.616688870000000406e+02
2.478869063999999980e+03 5.476631579999999531e+02 -5.616699061000000484e+02
2.478870702000000165e+03 5.476610081000000037e+02 -5.616655855999999858e+02
2.478870946999999887e+03 5.476587858999999980e+02 -5.616680307000000312e+02
2.478870033000000149e+03 5.476715881000000081e+02 -5.616700709000000415e+02
2.478867138000000068e+03 5.476618369000000257e+02 -5.616704473999999436e+02
2.478871971999999914e+03 5.476677263000000266e+02 -5.616698578000000452e+02
2.478873696999999993e+03 5.476783433000000514e+02 -5.616730658000000176e+02
2.478862392000000000e+03 5.476494937999999593e+02 -5.616702821999999742e+02
2.478864363000000139e+03 5.476577790999999706e+02 -5.616756804000000329e+02
2.478869055000000117e+03 5.476692573999999922e+02 -5.616691144000000122e+02
2.478866965000000164e+03 5.476608102000000144e+02 -5.616703277999999955e+02
2.478864944999999807e+03 5.476551994000000150e+02 -5.616700660999999855e+02
2.478869889999999941e+03 5.476696792000000187e+02 -5.616706774000000451e+02
2.478873461000000134e+03 5.476780053999999609e+02 -5.616664236999999957e+02
2.478875246000000061e+03 5.476888036999999940e+02 -5.616725930000000062e+02
2.478862282000000050e+03 5.476459192999999459e+02 -5.616700908999999911e+02
2.478862004000000070e+03 5.476478184000000056e+02 -5.616706818000000112e+02
2.478878017999999884e+03 5.476927571999999600e+02 -5.616703148999999939e+02
2.478864567999999963e+03 5.476532300999999734e+02 -5.616727458000000297e+02
2.478876839000000018e+03 5.476876141000000189e+02 -5.616698503000000073e+02
2.478867591000000175e+03 5.476608132000000069e+02 -5.616707328999999618e+02
2.478875821000000087e+03 5.476808624999999893e+02 -5.616728090000000293e+02
2.478868140999999923e+03 5.476649875000000520e+02 -5.616711351000000150e+02
2.478869927000000189e+03 5.476724792999999636e+02 -5.616717426999999816e+02
2.478880056999999852e+03 5.476966784999999618e+02 -5.616706728999999996e+02
2.478866727000000083e+03 5.476647656999999754e+02 -5.616694595000000163e+02
2.478868724999999813e+03 5.476667379000000437e+02 -5.616712430000000040e+02
2.478870772000000215e+03 5.476781263999999965e+02 -5.616714200999999775e+02
2.478871251999999913e+03 5.476717311999999538e+02 -5.616712033999999676e+02
2.478869224999999915e+03 5.476723273000000063e+02 -5.616708452000000307e+02
2.478881855999999971e+03 5.477059683999999606e+02 -5.616689750000000458e+02
2.478871924999999919e+03 5.476793950999999652e+02 -5.616691998999999669e+02
2.478861682000000201e+03 5.476519792000000280e+02 -5.616692653000000064e+02
2.478857489999999871e+03 5.476439506000000392e+02 -5.616712274000000207e+02
2.478866732999999840e+03 5.476676440999999613e+02 -5.616718369999999823e+02
2.478860649000000194e+03 5.476499463999999762e+02 -5.616683884000000262e+02
2.478866285000000062e+03 5.476614307999999482e+02 -5.616694446000000198e+02
2.478871611000000030e+03 5.476753982000000178e+02 -5.616695677000000160e+02
2.478870312000000013e+03 5.476734139000000141e+02 -5.616695234999999684e+02
2.478876072999999906e+03 5.476843549000000166e+02 -5.616652701000000434e+02
2.478867693000000145e+03 5.476669431000000259e+02 -5.616691813999999567e+02
2.478858721999999943e+03 5.476535586999999623e+02 -5.616697666999999683e+02
2.478877046999999948e+03 5.476856100999999626e+02 -5.616683802000000014e+02
2.478864215000000058e+03 5.476607424999999694e+02 -5.616715083000000277e+02
2.478870695999999953e+03 5.476767383000000109e+02 -5.616710140000000138e+02
2.478868954999999914e+03 5.476745018999999957e+02 -5.616706157999999505e+02
2.478867522999999892e+03 5.476661834999999883e+02 -5.616698936999999887e+02
2.478870291000000179e+03 5.476720636999999670e+02 -5.616717190000000528e+02
2.478864403000000038e+03 5.476484822999999551e+02 -5.616678925999999592e+02
2.478866491000000224e+03 5.476642905999999584e+02 -5.616718689000000495e+02
2.478876170999999886e+03 5.476904528000000028e+02 -5.616704174000000194e+02
2.478860713000000032e+03 5.476466112000000521e+02 -5.616689933000000110e+02
2.478867180000000189e+03 5.476666760000000522e+02 -5.616677472999999736e+02
2.478871510999999828e+03 5.476806228000000374e+02 -5.616692011999999750e+02
2.478873254999999972e+03 5.476880615999999691e+02 -5.616701755000000276e+02
2.478868089000000055e+03 5.476660309999999754e+02 -5.616698324000000184e+02
2.478857108000000153e+03 5.476408441999999468e+02 -5.616705514999999878e+02
2.478867295000000013e+03 5.476670018999999456e+02 -5.616719338999999991e+02
2.478868590000000040e+03 5.476620159999999942e+02 -5.616705180999999811e+02
2.478872451000000183e+03 5.476824619000000212e+02 -5.616710554000000002e+02
2.478865756000000147e+03 5.476634268000000247e+02 -5.616693883000000369e+02
2.478869349000000057e+03 5.476813568000000032e+02 -5.616690856999999824e+02
2.478873001999999815e+03 5.476877512999999453e+02 -5.616696431999999959e+02
2.478863611000000219e+03 5.476498000000000275e+02 -5.616699230000000398e+02
2.478864321999999902e+03 5.476611417000000301e+02 -5.616707644000000528e+02
2.478867111999999906e+03 5.476789219999999432e+02 -5.616678702000000385e+02
2.478873686999999791e+03 5.476852913000000171e+02 -5.616709952999999587e+02
2.478869573999999830e+03 5.476748218000000179e+02 -5.616678325999999970e+02
2.478869705999999951e+03 5.476764222000000473e+02 -5.616698861999999508e+02
2.478870769999999993e+03 5.476765550999999732e+02 -5.616680679999999484e+02
2.478872127000000091e+03 5.476771367999999711e+02 -5.616690890999999510e+02
2.478871786000000156e+03 5.476898350999999820e+02 -5.616672439999999824e+02
2.478851555000000189e+03 5.476303189999999859e+02 -5.616704181999999719e+02
2.478865573000000040e+03 5.476657987999999477e+02 -5.616688539000000446e+02
2.478871932000000015e+03 5.476832404000000452e+02 -5.616703334000000041e+02
2.478872383999999784e+03 5.476904448000000230e+02 -5.616736355000000458e+02
2.478862017999999807e+03 5.476549304999999777e+02 -5.616693136999999751e+02
2.478867169000000104e+03 5.476737457000000404e+02 -5.616697420000000420e+02
2.478867537000000084e+03 5.476616567999999461e+02 -5.616728335000000243e+02
2.478864994999999908e+03 5.476637057000000368e+02 -5.616692620000000034e+02
2.478853266000000076e+03 5.476316587000000027e+02 -5.616688623000000007e+02
2.478863526000000093e+03 5.476598960000000034e+02 -5.616715282999999772e+02
2.478874678000000131e+03 5.476912509999999656e+02 -5.616717918000000509e+02
2.478870139000000108e+03 5.476676092000000153e+02 -5.616715423000000555e+02
2.478868715000000066e+03 5.476793281000000206e+02 -5.616701914999999872e+02
2.478860139999999774e+03 5.476499376000000439e+02 -5.616704832000000351e+02
2.478868144000000029e+03 5.476710067999999865e+02 -5.616703095999999960e+02
2.478869732000000113e+03 5.476771439999999984e+02 -5.616682256999999936e+02
2.478871414000000186e+03 5.476799537000000555e+02 -5.616699270000000297e+02
2.478866587999999865e+03 5.476550008000000389e+02 -5.616698970999999574e+02
2.478863440000000082e+03 5.476595721999999569e+02 -5.616711215999999922e+02
2.478870249000000058e+03 5.476811725000000024e+02 -5.616694599999999582e+02
2.478872597999999925e+03 5.476879149999999754e+02 -5.616701657999999497e+02
2.478871012999999948e+03 5.476787497999999914e+02 -5.616689655000000130e+02
2.478867830000000140e+03 5.476745333999999730e+02 -5.616655359000000090e+02
2.478877344999999877e+03 5.477028510999999753e+02 -5.616684547999999495e+02
2.478878893999999946e+03 5.477061314999999695e+02 -5.616685086999999612e+02
2.478878541999999925e+03 5.477026459999999588e+02 -5.616666424999999663e+02
2.478880592999999863e+03 5.477019731999999976e+02 -5.616674147999999605e+02
2.478870957999999973e+03 5.476811722999999574e+02 -5.616695085000000063e+02
2.478868132999999943e+03 5.476700405999999930e+02 -5.616701703999999609e+02
2.478871287999999822e+03 5.476869466000000557e+02 -5.616687511999999742e+02
2.478864235999999892e+03 5.476643868999999540e+02 -5.616691561999999749e+02
2.478863504999999805e+03 5.476613694999999780e+02 -5.616697897000000239e+02
2.478870183999999881e+03 5.476774208000000499e+02 -5.616685738999999558e+02
2.478868019999999888e+03 5.476770420999999942e+02 -5.616681304999999611e+02
2.478868145999999797e+03 5.476714941000000181e+02 -5.616706976000000395e+02
2.478872706999999991e+03 5.476918200999999726e+02 -5.616684275000000071e+02
2.478868926000000101e+03 5.476736009999999624e+02 -5.616691263000000163e+02
2.478861512999999832e+03 5.476550238999999465e+02 -5.616705177000000049e+02
2.478867464999999811e+03 5.476731703000000380e+02 -5.616694750000000340e+02
2.478866538000000219e+03 5.476691372000000229e+02 -5.616676787000000104e+02
2.478861127000000124e+03 5.476584648000000470e+02 -5.616698900000000094e+02
2.478857352999999875e+03 5.476484897999999930e+02 -5.616685285999999451e+02
2.478864124000000174e+03 5.476649306000000479e+02 -5.616685337000000118e+02
2.478868155999999999e+03 5.476783755000000156e+02 -5.616691143000000466e+02
2.478869337000000087e+03 5.476907079999999723e+02 -5.616704772000000503e+02
2.478876663999999892e+03 5.477035021000000370e+02 -5.616695615999999518e+02
2.478867172000000210e+03 5.476735367999999653e+02 -5.616695015999999896e+02
2.478872874000000138e+03 5.476865725000000111e+02 -5.616678349000000026e+02
2.478866179000000102e+03 5.476722717999999759e+02 -5.616681515000000218e+02
2.478865616000000045e+03 5.476698681999999962e+02 -5.616686240000000225e+02
2.478865069999999832e+03 5.476663856000000123e+02 -5.616706220999999459e+02
2.478870630999999776e+03 5.476812486000000035e+02 -5.616659893999999440e+02
2.478869247999999970e+03 5.476775311999999758e+02 -5.616676562000000104e+02
2.478859004999999797e+03 5.476485602000000199e+02 -5.616684437000000116e+02
2.478876689000000169e+03 5.476999130000000378e+02 -5.616674415999999610e+02
2.478856904000000213e+03 5.476510395000000244e+02 -5.616696957999999995e+02
2.478867978000000221e+03 5.476876048000000310e+02 -5.616705148999999437e+02
2.478852452999999969e+03 5.476350147000000561e+02 -5.616692103000000316e+02
2.478861037000000124e+03 5.476645657999999912e+02 -5.616764273000000003e+02
2.478865022999999837e+03 5.476721668000000136e+02 -5.616698344000000134e+02
2.478870512999999846e+03 5.476804124000000229e+02 -5.616685381999999436e+02
2.478861025000000154e+03 5.476549837999999681e+02 -5.616691583000000492e+02
2.478866075999999794e+03 5.476807294999999840e+02 -5.616704968999999892e+02
2.478866997999999967e+03 5.476833976000000348e+02 -5.616667942999999923e+02
2.478868291000000227e+03 5.476725473000000193e+02 -5.616703535999999986e+02
2.478861996000000090e+03 5.476538682000000335e+02 -5.616695062000000007e+02
2.478861565000000155e+03 5.476660008999999718e+02 -5.616683527000000140e+02
2.478866861999999855e+03 5.476792265999999927e+02 -5.616678692000000410e+02
2.478868386999999984e+03 5.476848797999999761e+02 -5.616701465999999527e+02
2.478863950999999815e+03 5.476709522999999535e+02 -5.616745290000000068e+02
2.478868698000000222e+03 5.476796345000000201e+02 -5.616685728999999583e+02
2.478869012000000112e+03 5.476878286999999546e+02 -5.616693407000000207e+02
2.478870640000000094e+03 5.476906977999999526e+02 -5.616682128999999577e+02
2.478874009999999998e+03 5.476908241999999518e+02 -5.616677938000000267e+02
2.478868715000000066e+03 5.476823200999999699e+02 -5.616681102999999666e+02
2.478864727000000130e+03 5.476666042000000516e+02 -5.616687186000000338e+02
2.478862766000000192e+03 5.476642521999999644e+02 -5.616702695999999833e+02
2.478870558999999957e+03 5.476859580999999935e+02 -5.616678793999999471e+02
2.478866532000000007e+03 5.476753071000000546e+02 -5.616702146000000084e+02
2.478864770000000135e+03 5.476619505999999546e+02 -5.616688069000000496e+02
2.478862125000000106e+03 5.476524910000000546e+02 -5.616685704000000214e+02
2.478872487000000092e+03 5.476928870000000416e+02 -5.616686276000000362e+02
2.478864062000000104e+03 5.476715397000000394e+02 -5.616676377000000002e+02
2.478867589999999836e+03 5.476790314999999509e+02 -5.616687060000000429e+02
2.478852396000000226e+03 5.476310369999999921e+02 -5.616688781000000290e+02
2.478861500999999862e+03 5.476616129999999885e+02 -5.616677322000000459e+02
2.478861581000000115e+03 5.476619477000000416e+02 -5.616705621999999494e+02
2.478866708999999901e+03 5.476777938000000177e+02 -5.616688210999999455e+02
2.478865010999999868e+03 5.476777782999999999e+02 -5.616676261000000068e+02
2.478866687000000184e+03 5.476846212000000378e+02 -5.616686330999999655e+02
2.478863699999999881e+03 5.476684215000000222e+02 -5.616678021000000172e+02
2.478870046000000002e+03 5.476819688000000497e+02 -5.616689062000000376e+02
2.478862798000000112e+03 5.476715127999999595e+02 -5.616700918999999885e+02
2.478864791999999852e+03 5.476769362999999657e+02 -5.616702417999999852e+02
2.478871360999999979e+03 5.476936193999999887e+02 -5.616678353999999445e+02
2.478868907999999919e+03 5.476849886999999626e+02 -5.616702072000000499e+02
2.478870520999999826e+03 5.476900736999999708e+02 -5.616687303999999585e+02
2.478867878000000019e+03 5.476771430000000009e+02 -5.616692051999999649e+02
2.478865999999999985e+03 5.476726697999999942e+02 -5.616686170000000402e+02
2.478869467999999870e+03 5.476822193000000425e+02 -5.616701368000000230e+02
2.478863968999999997e+03 5.476682445999999800e+02 -5.616702616999999691e+02
2.478868603999999777e+03 5.476868171999999504e+02 -5.616684936999999991e+02
2.478866642999999840e+03 5.476730370000000221e+02 -5.616688471999999592e+02
2.478854228000000148e+03 5.476480784999999969e+02 -5.616732173999999986e+02
2.478864449000000150e+03 5.476723031000000219e+02 -5.616691254999999501e+02
2.478867984999999862e+03 5.476760156000000279e+02 -5.616702493000000231e+02
2.478855857000000015e+03 5.476530791000000136e+02 -5.616695737999999665e+02
2.478873035000000073e+03 5.476909623000000238e+02 -5.616699042000000190e+02
2.478867299999999886e+03 5.476781008000000384e+02 -5.616695885999999973e+02
2.478869552000000112e+03 5.476838966000000255e+02 -5.616661954999999580e+02
2.478856702999999925e+03 5.476497096000000511e+02 -5.616685721000000058e+02
2.478865765999999894e+03 5.476694387999999662e+02 -5.616674265000000332e+02
2.478865753000000041e+03 5.476697997999999643e+02 -5.616696623999999929e+02
2.478869153999999980e+03 5.476846504999999752e+02 -5.616694046999999728e+02
2.478860650000000078e+03 5.476736006999999518e+02 -5.616712297999999919e+02
2.478861800000000130e+03 5.476680774999999812e+02 -5.616717280000000301e+02
2.478866343000000143e+03 5.476771862000000510e+02 -5.616661057999999684e+02
2.478871881999999914e+03 5.476976250000000164e+02 -5.616708188000000064e+02
2.478875958999999966e+03 5.477016816999999946e+02 -5.616686131000000159e+02
2.478871337000000040e+03 5.476932994999999664e+02 -5.616689175999999861e+02
2.478866004999999859e+03 5.476796530000000303e+02 -5.616710882999999512e+02
2.478867280999999821e+03 5.476781875000000355e+02 -5.616682323999999653e+02
2.478865428000000065e+03 5.476707596999999623e+02 -5.616690899000000172e+02
2.478865208000000166e+03 5.476827498000000105e+02 -5.616692480000000387e+02
2.478861820000000080e+03 5.476632498000000169e+02 -5.616689098000000513e+02
2.478871232999999847e+03 5.476869623000000047e+02 -5.616672807999999577e+02
2.478864095999999790e+03 5.476669374000000516e+02 -5.616680480999999645e+02
2.478867228000000068e+03 5.476780287999999928e+02 -5.616681964000000562e+02
2.478860187000000224e+03 5.476542111999999634e+02 -5.616678985999999441e+02
2.478863233999999920e+03 5.476690158999999767e+02 -5.616691306999999824e+02
2.478861143999999967e+03 5.476633411999999907e+02 -5.616677468999999974e+02
2.478859769000000142e+03 5.476594503000000032e+02 -5.616679279999999608e+02
2.478861777999999958e+03 5.476657850999999937e+02 -5.616681013999999550e+02
2.478859500999999909e+03 5.476601613999999927e+02 -5.616682266000000254e+02
2.478867209000000003e+03 5.476833298999999897e+02 -5.616685253000000557e+02
2.478862231000000065e+03 5.476647911000000022e+02 -5.616698457999999619e+02
2.478874741999999969e+03 5.476953666000000567e+02 -5.616673489999999447e+02
2.478868128999999954e+03 5.476856063999999833e+02 -5.616698754000000235e+02
2.478860264999999799e+03 5.476599691999999777e+02 -5.616706024000000070e+02
2.478865527999999813e+03 5.476697315000000117e+02 -5.616685208999999759e+02
2.478857790999999906e+03 5.476432370999999648e+02 -5.616716003000000228e+02
2.478865742999999839e+03 5.476713816999999835e+02 -5.616691256000000294e+02
2.478862248999999792e+03 5.476614710000000059e+02 -5.616680692999999565e+02
2.478866374000000178e+03 5.476777646000000459e+02 -5.616694850000000088e+02
2.478850339999999960e+03 5.476372367999999824e+02 -5.616698687000000518e+02
2.478865055000000211e+03 5.476665878000000021e+02 -5.616654671000000008e+02
2.478867658000000120e+03 5.476803721999999652e+02 -5.616686952999999676e+02
2.478863448000000062e+03 5.476761857999999847e+02 -5.616720867999999882e+02
2.478863619000000199e+03 5.476640248999999585e+02 -5.616677647000000206e+02
2.478862845999999990e+03 5.476648752999999488e+02 -5.616685394999999517e+02
2.478866135000000213e+03 5.476782508000000007e+02 -5.616681535999999824e+02
2.478862261000000217e+03 5.476681670000000395e+02 -5.616708280000000286e+02
2.478854319999999916e+03 5.476406313999999611e+02 -5.616687365999999884e+02
2.478859358000000157e+03 5.476533411000000342e+02 -5.616674410000000535e+02
2.478866222000000107e+03 5.476783186999999771e+02 -5.616698221999999987e+02
2.478864199000000099e+03 5.476704051000000391e+02 -5.616693920999999818e+02
2.478863343999999870e+03 5.476701005999999552e+02 -5.616724020000000337e+02
2.478872476999999890e+03 5.476956440999999813e+02 -5.616672162999999500e+02
2.478863022000000001e+03 5.476718123000000560e+02 -5.616691296999999850e+02
2.478872680999999830e+03 5.476933215000000246e+02 -5.616649518000000398e+02
2.478852151000000049e+03 5.476367072000000462e+02 -5.616686013999999432e+02
2.478851962000000185e+03 5.476431989000000158e+02 -5.616701634999999442e+02
2.478866546000000199e+03 5.476839473999999655e+02 -5.616687779000000091e+02
2.478865429999999833e+03 5.476804236000000401e+02 -5.616687580000000253e+02
2.478868562000000111e+03 5.476847638000000416e+02 -5.616678996000000552e+02
2.478861899999999878e+03 5.476630238999999847e+02 -5.616679861000000074e+02
2.478862200000000030e+03 5.476679047999999739e+02 -5.616684403000000430e+02
2.478866904999999861e+03 5.476780132999999751e+02 -5.616722173000000566e+02
2.478860165000000052e+03 5.476624061999999640e+02 -5.616686664999999721e+02
2.478858350999999857e+03 5.476653234000000339e+02 -5.616701613999999836e+02
2.478855047000000013e+03 5.476500244000000066e+02 -5.616677886999999600e+02
2.478862861000000066e+03 5.476644166999999470e+02 -5.616687213000000156e+02
2.478865980999999920e+03 5.476742719999999736e+02 -5.616683159000000387e+02
2.478866230999999971e+03 5.476784284999999954e+02 -5.616672569999999496e+02
2.478846298999999817e+03 5.476248765000000276e+02 -5.616674474000000146e+02
2.478867420999999922e+03 5.476858955999999807e+02 -5.616659494000000450e+02
2.478852179999999862e+03 5.476413409000000456e+02 -5.616692789999999604e+02
2.478865030999999817e+03 5.476847312999999531e+02 -5.616694324999999708e+02
2.478869017999999869e+03 5.476893452000000480e+02 -5.616682107999999971e+02
2.478859566000000086e+03 5.476622614000000340e+02 -5.616698903000000200e+02
2.478858588999999938e+03 5.476601763999999548e+02 -5.616677038999999922e+02
2.478865545000000111e+03 5.476785380999999688e+02 -5.616636827999999468e+02
2.478864301999999952e+03 5.476784427000000051e+02 -5.616671668999999838e+02
2.478862993000000188e+03 5.476728269999999839e+02 -5.616665005999999494e+02
2.478863838000000214e+03 5.476676308999999492e+02 -5.616685655999999653e+02
2.478860303999999815e+03 5.476683427000000393e+02 -5.616646287999999458e+02
2.478856670000000122e+03 5.476528353999999581e+02 -5.616674544999999625e+02
2.478865016000000196e+03 5.476771124000000555e+02 -5.616656255999999985e+02
2.478871477000000141e+03 5.476971056999999519e+02 -5.616670223999999507e+02
2.478869536000000153e+03 5.476883834999999863e+02 -5.616665034999999762e+02
2.478849567000000206e+03 5.476335120999999617e+02 -5.616673467000000528e+02
2.478870618999999806e+03 5.476867026999999553e+02 -5.616648398999999472e+02
2.478873733999999786e+03 5.476882465999999567e+02 -5.616633094000000028e+02
2.478865416999999979e+03 5.476660746999999674e+02 -5.616629089000000477e+02
2.478861242999999831e+03 5.476613225999999486e+02 -5.616651712000000316e+02
2.478862806000000091e+03 5.476749089999999569e+02 -5.616646438000000217e+02
2.478866050000000087e+03 5.476778626000000259e+02 -5.616649995999999874e+02
2.478860753999999815e+03 5.476644247000000405e+02 -5.616658774999999650e+02
2.478858110000000124e+03 5.476701784000000544e+02 -5.616663622999999461e+02
2.478855946000000131e+03 5.476566341000000193e+02 -5.616661239999999680e+02
2.478861996000000090e+03 5.476678402000000006e+02 -5.616662479000000303e+02
2.478859375999999884e+03 5.476660253000000012e+02 -5.616655127999999877e+02
2.478862419999999929e+03 5.476768260000000055e+02 -5.616661332999999559e+02
2.478863257999999860e+03 5.476753300999999965e+02 -5.616638910000000351e+02
2.478861927999999807e+03 5.476680456999999933e+02 -5.616634941999999455e+02
2.478858129000000190e+03 5.476654859999999871e+02 -5.616642553000000362e+02
2.478858004000000165e+03 5.476556388999999854e+02 -5.616659628999999541e+02
2.478862462000000050e+03 5.476812466000000086e+02 -5.616652906000000485e+02
2.478859649999999874e+03 5.476644304999999804e+02 -5.616639076999999816e+02
2.478853754000000208e+03 5.476482177999999976e+02 -5.616651815000000170e+02
2.478856757999999900e+03 5.476585245999999643e+02 -5.616663935000000265e+02
2.478864900000000034e+03 5.476849522999999635e+02 -5.616655184999999619e+02
2.478848394000000098e+03 5.476371904999999742e+02 -5.616649399000000358e+02
2.478852307999999994e+03 5.476444957999999588e+02 -5.616647252000000208e+02
2.478865197999999964e+03 5.476879982000000382e+02 -5.616638073999999961e+02
2.478861170000000129e+03 5.476716208999999935e+02 -5.616644900000000007e+02
2.478856382999999823e+03 5.476613803999999845e+02 -5.616643583999999692e+02
2.478866227999999865e+03 5.476884862000000567e+02 -5.616656743999999435e+02
2.478866724999999860e+03 5.476882887000000437e+02 -5.616643331999999873e+02
2.478867623000000094e+03 5.476902096000000029e+02 -5.616629556999999977e+02
2.478861729000000196e+03 5.476728285000000369e+02 -5.616653390000000172e+02
2.478860979000000043e+03 5.476708052999999836e+02 -5.616642243999999664e+02
2.478861070999999811e+03 5.476640548999999965e+02 -5.616657444999999598e+02
2.478856355999999778e+03 5.476718558999999686e+02 -5.616673889999999574e+02
2.478851444999999785e+03 5.476502626000000191e+02 -5.616656600999999682e+02
2.478865830000000187e+03 5.476912194000000227e+02 -5.616640942000000223e+02
2.478863792000000103e+03 5.476776111000000355e+02 -5.616650935000000118e+02
2.478853927000000112e+03 5.476584576999999854e+02 -5.616688500999999860e+02
2.478864728999999897e+03 5.476790555999999697e+02 -5.616684566000000132e+02
2.478859303000000182e+03 5.476776982999999746e+02 -5.616656900000000405e+02
2.478861116999999922e+03 5.476766430000000128e+02 -5.616644768999999542e+02
2.478854964000000109e+03 5.476542527000000291e+02 -5.616637207999999646e+02
2.478861793000000034e+03 5.476745568999999705e+02 -5.616630083000000013e+02
2.478855435999999827e+03 5.476637051000000156e+02 -5.616622386000000233e+02
2.478846895000000131e+03 5.476359225999999580e+02 -5.616639549999999872e+02
2.478862846999999874e+03 5.476783080999999811e+02 -5.616613869000000250e+02
2.478857304000000113e+03 5.476653579999999693e+02 -5.616651053000000502e+02
2.478852170000000115e+03 5.476534755000000132e+02 -5.616635267000000340e+02
2.478855314999999791e+03 5.476567244999999957e+02 -5.616645762000000559e+02
2.478854452999999921e+03 5.476540950999999495e+02 -5.616645108000000164e+02
2.478854812999999922e+03 5.476551441999999952e+02 -5.616645773000000190e+02
2.478862775999999940e+03 5.476734887999999728e+02 -5.616634519000000410e+02
2.478856947000000218e+03 5.476677273999999898e+02 -5.616622989999999618e+02
2.478859918999999991e+03 5.476788327000000436e+02 -5.616657602000000225e+02
2.478855708999999933e+03 5.476557338999999729e+02 -5.616625824999999850e+02
2.478859094999999797e+03 5.476751918999999589e+02 -5.616638402999999471e+02
2.478853032999999868e+03 5.476598788999999670e+02 -5.616643060000000105e+02
2.478859659000000192e+03 5.476722203000000491e+02 -5.616597179000000324e+02
2.478860279999999875e+03 5.476756652000000258e+02 -5.616633554000000004e+02
2.478860234000000219e+03 5.476753760000000284e+02 -5.616623608999999533e+02
2.478857881999999790e+03 5.476686779999999999e+02 -5.616628706000000193e+02
2.478863084999999955e+03 5.476872101000000157e+02 -5.616619938000000047e+02
2.478858673000000181e+03 5.476821667000000389e+02 -5.616624931000000061e+02
2.478861391999999796e+03 5.476713836000000128e+02 -5.616604201999999759e+02
2.478856844999999794e+03 5.476660865000000058e+02 -5.616626424999999472e+02
2.478847052000000076e+03 5.476413367000000108e+02 -5.616608275999999478e+02
2.478859354000000167e+03 5.476773587000000134e+02 -5.616635218999999779e+02
2.478858875999999782e+03 5.476723083000000543e+02 -5.616614563000000544e+02
2.478863138000000163e+03 5.476749161000000186e+02 -5.616657697000000553e+02
2.478866352000000006e+03 5.476922428000000309e+02 -5.616649059999999736e+02
2.478859895000000051e+03 5.476755203999999821e+02 -5.616639993999999660e+02
2.478855340000000069e+03 5.476723368000000391e+02 -5.616639096999999765e+02
2.478850771999999779e+03 5.476571791999999732e+02 -5.616643524999999499e+02
2.478856984000000011e+03 5.476670033999999987e+02 -5.616622650000000476e+02
2.478860400999999911e+03 5.476797479000000521e+02 -5.616615319999999656e+02
2.478858870999999908e+03 5.476672181999999793e+02 -5.616655243999999811e+02
2.478856867999999849e+03 5.476722911000000522e+02 -5.616634049000000459e+02
2.478858980999999858e+03 5.476796215000000529e+02 -5.616632267999999613e+02
2.478857867000000169e+03 5.476692835000000059e+02 -5.616633183999999801e+02
2.478853215999999975e+03 5.476585417000000007e+02 -5.616624279000000115e+02
2.478849601999999777e+03 5.476560965999999553e+02 -5.616642861000000266e+02
2.478852683999999954e+03 5.476556786999999531e+02 -5.616641360999999506e+02
2.478850734000000102e+03 5.476522552999999789e+02 -5.616628130000000283e+02
2.478861128999999892e+03 5.476820890999999847e+02 -5.616628320999999460e+02
2.478862306999999873e+03 5.476954845000000205e+02 -5.616622287999999799e+02
2.478846781000000192e+03 5.476466347000000496e+02 -5.616617502000000286e+02
2.478859050999999909e+03 5.476794641999999840e+02 -5.616595204000000194e+02
2.478855961000000207e+03 5.476644161000000395e+02 -5.616611509000000524e+02
2.478847276999999849e+03 5.476530831000000035e+02 -5.616646729999999934e+02
2.478857539999999972e+03 5.476812655999999606e+02 -5.616614918000000216e+02
2.478852808999999979e+03 5.476643229999999676e+02 -5.616620338000000174e+02
2.478861288000000059e+03 5.476958280999999715e+02 -5.616607120999999552e+02
2.478850554000000102e+03 5.476538597999999638e+02 -5.616640667000000349e+02
2.478850754999999936e+03 5.476570044000000053e+02 -5.616614898999999923e+02
2.478853435999999874e+03 5.476733553000000256e+02 -5.616625043000000232e+02
2.478855697999999848e+03 5.476712568000000374e+02 -5.616619402999999693e+02
2.478849334999999883e+03 5.476422543999999561e+02 -5.616619257999999490e+02
2.478856040000000121e+03 5.476717777000000069e+02 -5.616614221999999472e+02
2.478849948000000040e+03 5.476586267999999791e+02 -5.616600944000000482e+02
2.478849978000000192e+03 5.476560025999999652e+02 -5.616614322000000357e+02
2.478856985999999779e+03 5.476711017999999740e+02 -5.616627291999999443e+02
2.478857849999999871e+03 5.476776194999999916e+02 -5.616634079000000384e+02
2.478851317999999992e+03 5.476641309999999976e+02 -5.616634484999999586e+02
2.478862121999999999e+03 5.476917188999999553e+02 -5.616630575000000363e+02
2.478853344000000106e+03 5.476682684999999537e+02 -5.616629486000000497e+02
2.478861503000000084e+03 5.476940154999999777e+02 -5.616609069999999519e+02
2.478836402999999791e+03 5.476223453999999720e+02 -5.616644520999999486e+02
2.478847920000000158e+03 5.476511885999999549e+02 -5.616619323999999551e+02
2.478854248000000098e+03 5.476701448999999684e+02 -5.616601379999999608e+02
2.478854546999999911e+03 5.476728600000000142e+02 -5.616604648999999654e+02
2.478858865000000151e+03 5.476795219000000543e+02 -5.616625669999999673e+02
2.478837724999999864e+03 5.476275702000000365e+02 -5.616626897999999528e+02
2.478841540999999779e+03 5.476304261999999881e+02 -5.616606835999999703e+02
2.478852253999999903e+03 5.476642885999999635e+02 -5.616625436000000491e+02
2.478859155000000101e+03 5.476814206000000240e+02 -5.616609830999999531e+02
2.478853697000000011e+03 5.476761811999999736e+02 -5.616618284999999560e+02
2.478855810999999903e+03 5.476724872999999434e+02 -5.616623789999999872e+02
2.478844251999999869e+03 5.476435450999999830e+02 -5.616640112999999701e+02
2.478848397000000205e+03 5.476600736000000325e+02 -5.616632375000000366e+02
2.478856419000000187e+03 5.476730046999999786e+02 -5.616633776999999554e+02
2.478854914999999892e+03 5.476621179999999640e+02 -5.616594932000000426e+02
2.478849208999999973e+03 5.476588878999999679e+02 -5.616632726999999932e+02
2.478852530000000115e+03 5.476661390000000438e+02 -5.616647964000000002e+02
2.478855775999999878e+03 5.476760107999999718e+02 -5.616618846999999732e+02
2.478853154999999788e+03 5.476686888000000408e+02 -5.616613985000000184e+02
2.478848532999999861e+03 5.476536376000000246e+02 -5.616610884000000397e+02
2.478854964000000109e+03 5.476751855999999634e+02 -5.616628844000000527e+02
2.478847193999999945e+03 5.476547971999999618e+02 -5.616626158000000260e+02
2.478850187999999889e+03 5.476601465999999618e+02 -5.616622423999999683e+02
2.478854979000000185e+03 5.476813193000000410e+02 -5.616602249999999685e+02
2.478859669999999824e+03 5.476896050000000287e+02 -5.616628715000000511e+02
