2.641688244865799788e+03 1.613368720407797241e+02 -9.452143487216758899e+00
2.890561893367348148e+03 3.255618925735063129e+01 -1.953766152475546676e+02
2.722763860400973499e+03 -1.333555834480001501e+01 -5.577321625393327054e+01
2.987935927686185551e+03 -1.382505023484803530e+02 -2.414449993543782114e+02
2.405209018750999803e+03 1.956613834252865445e+02 -2.769607306192743295e+02
2.788816494875082753e+03 -7.675161199808152901e+01 4.095520294098272984e+01
2.633423722656123573e+03 6.155513071192902999e+02 -2.601328087630969890e+02
2.878069006164138500e+03 1.354291788562115357e+02 -1.214740337121860136e+01
2.630253131837939691e+03 2.665261744085817668e+02 -2.640379131469539402e+02
2.901840546893818100e+03 1.767358240711715922e+01 -5.202333453157669396e+01
2.545655338374747771e+03 3.271448760847297308e+02 1.601443378442086640e+01
2.726277798101911230e+03 3.359532953415300085e+02 2.117520704807709464e+01
2.862341720398702364e+03 7.504094453821076627e+01 2.174551903426797494e+01
2.502243241571000908e+03 4.227174860355901842e+02 -1.338387435594846409e+02
2.656717144429849213e+03 -2.480313778445870980e+02 -3.909382134019471664e+02
2.643987838085651674e+03 4.305627239388487482e+01 -1.217043315364217619e+02
2.560938796019368056e+03 -5.637667679430365553e+01 -7.276785222868927860e+01
2.807100703816469377e+03 2.379658270529217035e+01 2.671188816981959491e+01
2.449762228080948717e+03 4.883101966512973604e+02 -2.228003337608862182e+02
2.718371278090683063e+03 2.051747924627529471e+02 4.018409467880680097e+01
2.536157752918218193e+03 6.390375951209617256e+01 -2.359135028760350679e+02
2.499832279740003742e+03 -9.136973030222706882e+01 -3.879587613648478168e+02
2.817460715439357500e+03 3.273397644507848554e+02 -3.956146309236641656e+01
2.630760035856671948e+03 7.736929531329199250e+00 -1.906469673619821776e+02
2.451232726513652324e+03 8.490318706970919038e+01 -4.077167744995545604e+02
2.701843788659028633e+03 4.001304476090820685e+02 -4.215556967636241836e+01
2.702618481255698953e+03 1.154790149110094717e+02 -9.371411649361272111e+01
2.765460606082199774e+03 -2.708727027323226366e+02 -3.632174398600197378e+02
2.903871856330062201e+03 -4.453110507847388533e+01 -2.300982502982519975e+02
2.448537047954137051e+03 3.578383408419478684e+01 -8.066753507206159668e+01
2.517180254306128518e+03 3.543519320205373333e+02 -7.870918344039004921e+01
2.721706067400112715e+03 3.184052341180275789e+02 5.762911386823724058e+00
2.670855723968778420e+03 5.253422231781720484e+02 -2.104804197130846433e+02
2.303025359929367823e+03 3.379607371930341628e+02 -3.506457835484150678e+02
2.660890005580853995e+03 3.558964966241633192e+02 4.757125820613933342e+01
2.766896471375904184e+03 4.802843959773927054e+02 -1.690775410840017798e+02
2.865046132026557189e+03 -2.032133379242101796e+02 -2.312874941061530762e+02
2.626321330840319661e+03 4.375187076786176021e+01 -1.227037600340383250e+02
2.717439022296378880e+03 -9.637859782203241465e+00 -1.224927728077929316e+02
2.769656462101950183e+03 -1.034863045660880800e+02 -1.616871761733573294e+02
2.515101597221600059e+03 1.742713520521301120e+02 -2.787878101644784010e+02
2.741213522715862382e+03 1.748867920588036213e+02 9.406731654729880177e+01
2.513591325000591951e+03 2.926508147483997391e+02 -1.672228811899615266e+02
2.601997929698598000e+03 1.484029180099358314e+02 -9.374033217457855471e+01
2.796371653383338071e+03 -9.602368067957368680e+01 -1.214773062329908555e+02
2.684584233005885835e+03 1.992575352438502421e+02 -1.533579433217933854e+02
2.762138799404351630e+03 2.293024769986161004e+02 1.086614096478370755e+02
2.596253127393110844e+03 5.165976844949825590e+02 -5.436402687777550824e+01
2.373975340866653369e+03 3.137723234230908815e+02 -1.473228432694810976e+02
2.746612176798663313e+03 -2.048267919488277755e+02 -1.868132938398779004e+02
2.506762481487346577e+03 -7.725329828205629212e+01 -3.877912713563725902e+02
2.586754233432302044e+03 3.720996153784498688e+02 -1.402933820743437252e+02
2.565065830326152536e+03 5.808224280845180374e+02 -1.686906680496205695e+02
3.037511679331529649e+03 -3.365208542546082526e+01 2.151433757147011860e+01
2.907447488778888328e+03 5.306035768437435962e+01 1.242493284955444750e+02
2.558826945558153511e+03 1.376439480894536018e+02 -3.567396829085968761e+02
2.554309804517236444e+03 2.373443075009152778e+02 -1.492679575850633000e+02
2.677373150771570181e+03 2.684282428159036158e+02 -2.505646431273384778e+01
2.805702160697141153e+03 4.411180247260123792e+02 -5.814425764752143522e+01
2.681303454145834166e+03 -2.156056689746674238e+02 -2.931676450272692023e+02
2.850564077732379246e+03 -1.410663006625747187e+02 -1.871070321468499174e+02
2.747161887770230805e+03 3.185674550643422549e+02 -6.396789885393183539e+01
2.649997566339945934e+03 -9.705316851569203607e+01 -3.369143014580471345e+02
3.018132733566934803e+03 2.534869096768759960e+02 1.114969030219461104e+02
2.686797869160654955e+03 2.854080102583048415e+02 -2.488111111095832086e+02
2.628854208688158906e+03 1.111950607697349795e+02 -9.003636319924059705e+01
2.804069663017176481e+03 -1.018621054718779533e+02 -1.582963519265003640e+02
2.643275989118837060e+03 -1.476392721044972234e+02 -3.905730047319420351e+02
2.933551774712397673e+03 2.058883376734264630e+02 6.842785966786894392e+01
2.807241118660138909e+03 2.840285697277108738e+02 -1.939873982031336084e+02
3.051725140077739070e+03 -1.544947599806870926e+02 -4.834257175034282028e+01
2.458836711558033130e+03 3.232187294872662164e+02 -3.805760170694579188e+02
2.404061777666816397e+03 5.356722403943971500e+01 -1.971153374950445141e+02
2.474243276305112886e+03 2.624870825299655621e+02 8.071610549307255411e+00
2.627053095237926755e+03 5.851025649039421523e+02 -1.726148708641754013e+02
2.412948177746966394e+03 9.046189692329052434e+01 -2.460561839639349557e+02
2.605506610235305288e+03 2.486218641782063230e+02 4.546052339839755518e+01
2.923346628666335164e+03 -1.475019791697704079e+02 -3.626646483061308146e+01
2.582122018978919641e+03 2.310546593650337286e+02 -9.325499026467400654e+01
2.621942062381198866e+03 5.504215597539511009e+02 -1.236540048135780410e+02
2.483937871617140445e+03 3.002802401791556122e+02 -1.086807144751674485e+02
2.496222674605655357e+03 7.373644704305415587e+01 -1.203129191058073815e+02
2.822944266381185116e+03 3.244257862186501598e+02 1.188460742188522659e+02
2.594172007533955366e+03 3.207366722426481829e+02 -2.231953976080139626e+02
2.378923810758230502e+03 3.363781245621891003e+01 -3.063140164095921705e+02
2.739476453391774612e+03 6.856557486790629810e+02 -6.219680779845143093e+01
2.846810060548037200e+03 1.336921334629281830e+02 -1.355531137989698891e+02
2.896832917999367965e+03 1.476942864410839995e+01 -1.140970895970938130e+02
2.618364206358060073e+03 -1.705563221308640038e+02 -4.039724660697400509e+02
2.504063825828543486e+03 2.525601736461486624e+01 -2.842620970737577295e+02
2.867992563079636966e+03 2.939374509066951902e+01 -1.497854883898243941e+02
2.556547931856056493e+03 3.656699515741883033e+02 -2.437969923903572464e+02
2.946282205708266247e+03 -1.521322147278547163e+02 -2.516337549227811792e+02
2.675270306952464125e+03 3.888398380675375847e+02 -2.436257942523086513e+02
2.333557881447687578e+03 2.137671002109948120e+02 -3.505954943382596980e+02
2.577827205660824802e+03 7.432022764798231265e+02 -3.569175896269069312e+02
2.703906476317555644e+03 2.160309724733049279e+02 7.384373274569046686e+00
2.459066038354043485e+03 2.517578394396568342e+02 -2.246154884611479190e+02
2.570058586118349922e+03 1.828946698928293131e+02 -1.668407592061430478e+02
2.519178425433180109e+03 1.301417659259255970e+02 -1.024630750540195123e+02
2.845245543859460213e+03 1.608456780722164865e+02 -4.602225574141220932e+01
2.737694805594801892e+03 4.440069726473753775e+01 6.377526011657702298e+01
2.620593036852226305e+03 3.109261210005188332e+02 4.328956327434764972e+01
2.614747669656061134e+03 2.076700432486557020e+02 1.051669892279112446e+02
2.563519581284258493e+03 3.209121890007932620e+02 -2.896878254125335275e+02
2.492743748554907143e+03 1.662274044333108804e+02 -3.030896759173201076e+02
2.534806856549727399e+03 -4.696745646478944280e+01 -3.093012444398105458e+02
2.414609665802139716e+03 9.382738963469226690e+01 -1.003037703075439850e+02
2.662485890433641543e+03 -2.310520678500980978e+02 -4.126098014997324981e+02
2.471683121345575273e+03 8.137797742003047574e+01 -1.640034804657379368e+02
2.441497985707037969e+03 3.166426118942765129e+02 -1.685659847407176812e+02
2.683983161317473332e+03 3.307843966335361756e+02 6.267815696055484054e+00
2.588663873170828992e+03 2.372181333010311377e+01 -6.272095483420609696e+01
2.543098112087296158e+03 2.796580445009882965e+02 -7.229834380047023501e+01
2.871544143761117084e+03 2.718240917789025843e+02 -1.040972026013745904e+02
2.422366553473182648e+03 -2.567529972665014526e+01 -3.774325697661996628e+02
2.735402763614627929e+03 1.762953099014762302e+02 -9.921952919775962698e+01
2.609966201756558803e+03 6.308541793540767912e+02 -1.304979803975867014e+02
2.605914099205886487e+03 2.832090603915646625e+02 -2.780496116132030124e+02
2.409591921036248095e+03 1.271878177164844033e+02 -3.543467157232210525e+02
2.841656572132236761e+03 3.509770224900200901e+02 -7.186410069429416581e+01
2.490906961499473709e+03 -1.301799006166919241e+02 -3.867587874030178341e+02
2.796119402977010850e+03 -2.766472116472299447e+01 -2.255849512347090169e+01
2.753648962390963788e+03 -2.023536856898227541e+02 -2.367775799565223735e+02
2.766903106383635986e+03 1.310967530490957813e+02 -1.600351769091350036e+02
2.498198415889547960e+03 3.413320244061723088e+02 -1.142104763472290507e+01
2.507749300047411907e+03 5.296736319828479509e+02 -1.425056456272650678e+02
2.833720934474684782e+03 2.248156902965329778e+02 -1.606838792150598749e+02
2.756593114507694281e+03 -9.799275174901208629e+01 -2.012403441452300683e+02
2.585626808569925743e+03 2.962737089975462936e+02 -1.571257334601626212e+02
2.667405519906611516e+03 1.495601680405648892e+02 -2.342368608171135804e+02
2.680971434120947833e+03 3.970352444220009147e+02 5.177303828033106470e+01
2.566745441232280882e+03 3.130658787291230638e+01 -8.292237600854433310e+01
2.475317574543677893e+03 -1.337664158394563607e+01 -4.161401958333072457e+02
2.363007074134683535e+03 -1.486599564757774772e+00 -3.997572013706932239e+02
2.559900398409993159e+03 -5.527477013322085497e+01 -4.104341490208140044e+02
2.902982124077378103e+03 -3.506466988182781108e+01 -2.072091423675990143e+02
2.488346712021254461e+03 1.119167174876204314e+02 -2.231822630557667537e+02
2.523585474139479629e+03 1.987996625954453691e+02 -1.086497506021351427e+02
2.650720100537197595e+03 1.812169772562408809e+02 -1.472760186735632715e+02
2.791166341707709762e+03 -5.939512601965046201e+01 -1.257669922194228462e+02
3.076978030978148126e+03 -1.157098501197856990e+02 -1.576907339402984860e+02
3.063377067779698791e+03 1.812084747686425032e+02 8.593471090752525754e+01
2.438187817414659548e+03 -6.736959988697502411e+01 -4.059927450113823966e+02
2.679494741168082783e+03 6.715751523855849427e+02 -2.282908978339631858e+02
2.717754459947448595e+03 4.936194538020918685e+02 -8.520900933982923675e+01
2.681658640385907802e+03 2.451798562578923679e+02 -1.268551050403667944e+02
2.549528031046382239e+03 4.854512844862603629e+02 -1.251919077661416537e+02
2.564156599179977547e+03 -1.700613016152622095e+02 -2.594623444340289211e+02
2.714369111012755184e+03 1.504028246897948691e+02 -1.446041071359060481e+02
2.593928312935780014e+03 6.420747959415433570e+01 -1.941322799086715065e+02
2.732318806102413419e+03 -1.338707754415424347e+02 -1.289750078376429769e+02
2.746885472854964519e+03 -1.247277006394827907e+02 -1.925779293562367513e+02
2.693371255849183854e+03 1.350506772275091976e+02 -1.407066703019285967e+02
2.893503090120571414e+03 -1.192963768671527873e+02 -3.599049750476799403e+01
2.942984182041035183e+03 -4.393037322967136760e+01 -1.654199888845971600e+02
2.700664183450730889e+03 1.656437472172200103e+02 9.014279638479607115e+00
3.053310207556830846e+03 4.968744818957211606e+01 -1.256450288861170463e+02
2.656384694424224563e+03 3.876843931299038104e+02 1.586816027468881529e+01
2.494741453251705479e+03 3.089843716925259400e+02 -9.601528982132280987e+01
2.655910507443002643e+03 2.724809528321108019e+02 -1.819151225454103837e+02
2.914871062646599967e+03 5.394616840845424832e+01 -5.223381665330423829e+01
2.777890301866614209e+03 2.254839880330940218e+02 -2.122961105690189072e+02
2.753030553325194433e+03 -1.669194027304991721e+02 -3.761254926970539714e+02
2.685890008011498594e+03 2.576556171079243427e+02 -1.314396860208904911e+02
2.628251681490574811e+03 7.235574351230087586e+02 -2.494863049356456486e+02
2.480364363434975530e+03 4.347404555710846807e+02 -1.616544311123583668e+02
2.995990296328721342e+03 2.374482115246586034e+02 1.090739007430925938e+02
2.335748882876573134e+03 3.735259674910268473e+02 -4.154804780723292765e+02
2.656897366166784195e+03 4.182450819905053550e+02 2.698178015102212868e+01
2.986690355197679764e+03 3.050253739667161881e+02 1.446974490805204141e+02
2.549477250452476710e+03 4.091564905379137826e+02 -1.519625274849211678e+02
2.445960612395842873e+03 6.389687368515275239e+02 -3.408977415610216326e+02
2.732867326086302455e+03 -2.293139651363523512e+02 -3.019930581456874847e+02
2.661434877144143684e+03 -8.673784260188431006e+01 1.150778315517958461e+01
2.481728481209572237e+03 4.385285721288618674e+02 -1.458021754598059090e+02
2.439862347994258926e+03 4.495568859607582226e+02 -1.803533879294491271e+02
2.959172183234730710e+03 2.190177388094337516e+02 -2.617106912579696143e+01
2.364583904512936897e+03 -2.165073799499867135e+01 -3.557836166733580399e+02
2.481402173253730780e+03 2.553623043498274967e+02 -1.846035734312880834e+02
2.907455244386613685e+03 -5.064275548692847906e+01 8.626241191932969343e+01
2.905930374106626005e+03 7.222800023807178604e+02 -1.731357233202596149e+02
2.701307143886463109e+03 2.350397648632798564e+02 -2.465905726075719713e+02
2.935798721764345828e+03 -4.718160681273408130e+01 2.454944105549410338e+01
2.562983897632023854e+03 2.086266055396447996e+02 -2.867949953949423048e+02
2.763757920626263967e+03 1.332998995522163455e+02 -3.946039138009933112e+01
2.757466836411153508e+03 -5.740035998875810463e+01 -3.202638489023478883e+02
2.372705990558662961e+03 2.715581483679278207e+01 -2.406894884190248547e+02
3.000355766205874716e+03 -1.306610410047298672e+02 -1.998953071055844930e+02
3.002370245000145133e+03 3.483925377043958633e+02 4.302610379833124910e+01
2.534348134929399293e+03 4.418255054451848309e+02 -2.767425018665072756e+01
2.509939962951050347e+03 5.293609857613312215e+02 -2.847503397071607765e+02
2.746839712774900363e+03 1.234072151083954623e+02 3.201817161618027985e+00
2.467742706337180607e+03 2.189262377873990033e+02 -1.129259608787915710e+02
2.403131394708580501e+03 3.221908674802505743e+02 -9.474003014363657371e+01
2.996554968432898477e+03 7.350531445395667163e+01 8.591960683925965725e+01
2.674309769736633825e+03 3.149142435585728776e+02 -1.849086289913969949e+02
2.623717611789927105e+03 -1.903037107989233334e+01 -1.056467600707107550e+02
2.924730067199556743e+03 2.392234816853642769e+02 7.755273116418061363e+01
3.002701235246255237e+03 -3.687363984235194891e+01 -8.332958728906517365e+01
2.897145025566974709e+03 -1.031219076774116843e+02 -1.036488315324846781e+02
2.910593181262292546e+03 5.946284202292122956e+01 -6.846675305005835810e+01
3.005315481774550790e+03 -1.917524754157539348e+02 -2.223381003378744083e+02
2.746738904678130893e+03 4.600828573152424497e+02 -2.194253065044950901e+01
2.544043524962994525e+03 4.555897198673217758e+02 -2.281442887173599274e+02
2.654428733829097837e+03 -1.730844855560517601e+02 -3.683838413107037582e+02
2.758622510237218648e+03 2.763279669063711097e+01 4.333652846842587891e+00
2.839563323524273983e+03 -1.303634734686769150e+02 -2.724332698859275297e+02
2.958124293515033514e+03 7.632437409564039399e+01 1.408552624495742123e+02
2.910487506900065455e+03 4.014128249642262176e+02 2.914787788021582315e+01
2.385404613126625918e+03 -2.081190923092824363e+01 -2.752784901353598457e+02
2.989140583975753543e+03 2.064513745386076664e+02 1.897728357750072803e+02
3.100080830866639189e+03 8.663791125738910637e+01 -1.457534210753846082e+02
2.599363461611351795e+03 2.372155013587732526e+02 7.347880201549530454e+01
2.896848734588108073e+03 1.355360207016841514e+02 -9.225072511877046111e+01
2.804788949934565153e+03 1.771949364253784722e+02 -3.188840542350877172e+01
2.685331761099770119e+03 2.202322949486416235e+02 -1.511340945353403811e+02
2.716209334602851413e+03 3.446004664175314929e+02 -4.823136060116319612e+01
2.920362442796783853e+03 8.432507463752135379e+01 -1.551037598996373106e+02
2.601519627119618690e+03 -2.366299580575525567e+02 -3.659698360874712080e+02
2.867553934869399654e+03 -2.371965409873690191e+02 -2.853990798978775345e+01
2.418589029263371231e+03 4.302864103298191480e+02 -3.115207722587972512e+02
2.738414211253586018e+03 2.057470551531235969e+02 1.029463265547244504e+02
2.751603832517235332e+03 9.032554205587146612e+01 -2.741368228896620849e+02
2.374634109663802519e+03 2.173509133007091236e+02 -2.331145899560773671e+02
2.526208320425927923e+03 -8.853418725912801790e+01 -1.814574885202853807e+02
2.920323782775071777e+03 1.362474492899847860e+02 -6.948271526210150739e+01
2.884575219575199753e+03 2.837947967666790987e+02 3.936544081221048685e+01
2.953230080547219131e+03 -1.662508131165850500e+01 -1.863051809407822930e+02
2.691766260536490790e+03 4.970487315033587805e+01 -1.827448469684610899e+01
2.705212934363974000e+03 -7.541431113156184551e+01 -3.324367509564851275e+02
2.565622207830794196e+03 4.337321655724412039e+01 -9.044524822130763653e+01
2.999182457340051315e+03 3.789075651942180798e+02 9.963247418199573247e+01
2.783863552407668067e+03 1.570958385307277467e+02 -1.141409054317459066e+02
2.561942210215237992e+03 4.195837420524430286e+02 -1.677742356611582011e+02
2.632486772207565991e+03 4.899669234045417738e+02 -1.454220540952791225e+02
2.458366997546918356e+03 8.705120307659558421e+01 -2.508054048663927915e+02
2.913529644886924871e+03 -7.106294656236386231e+01 -2.611030948395532505e+02
3.023351348502072597e+03 3.788745963664665055e+02 1.158130886191773712e+01
2.638531324647482961e+03 -8.156673884304127853e+01 -1.097343270638882444e+02
2.540119921768543009e+03 4.550059587029102772e+02 -2.257060287627252819e+02
2.664609317935872696e+03 -2.348110149738168388e+02 -4.074852143008506005e+02
2.651897926345347969e+03 2.965155676998986110e+02 -7.594218398799176839e+01
2.844694048297113113e+03 -1.996184281660734996e+02 -2.618164834778262957e+02
2.356182744068320972e+03 2.660801664090525378e+02 -4.153524711385477985e+02
2.463783354130483986e+03 1.247625036511496575e+02 -5.450017480127365843e+01
2.447719831335676645e+03 5.484856640315909999e+02 -3.190844887661382927e+02
2.560364557286692161e+03 5.421882218761555805e+02 -7.935363168684915536e+01
2.743170790461706019e+03 3.324627035668049047e+01 -2.779137707442936289e+02
2.563490896092665935e+03 3.074234967586371567e+02 -1.433917020349744575e+02
2.504507785443823195e+03 2.768334374703564436e+02 -1.449779411728593459e+02
2.459460640858243551e+03 6.367833144942811714e+02 -3.757591402958595381e+02
3.062472542155680003e+03 -1.359653640178572864e+01 1.707854208137006324e+01
2.665514704325126786e+03 4.381775527884930170e+02 7.812646381722341005e+01
2.899049669623463160e+03 1.526811436220974372e+02 -6.788685394657784400e+01
2.749516980297207738e+03 -2.130980006722672897e+02 -3.719282380179742518e+02
2.499230951820446990e+03 2.424956431293656678e+01 -3.187820073864888855e+02
2.364411545794213453e+03 -1.908073674951165444e+01 -3.888167373693224249e+02
2.730211714451640546e+03 1.822956745420976574e+02 -2.275006951941194622e+00
2.717896340295477785e+03 -1.940663008848978848e+02 -3.954295609217655851e+02
2.310294323540093501e+03 1.438282043572951920e+02 -3.578152919504425427e+02
2.826698069342319741e+03 2.772125631646641182e+02 -9.883642924476613700e+01
2.655449544860229707e+03 1.174455312832336773e+02 3.395854344310588857e+01
2.620484551356294105e+03 1.827190640241961432e+02 -2.221677855881467423e+01
2.719333691018901845e+03 -2.248950251775848699e+02 -2.415394611473104476e+02
2.669513518124860184e+03 4.093449437353322082e+02 5.456200261403091645e+01
2.482450142047314785e+03 1.419707072473801190e+02 -4.204709998613496964e+02
2.961737357158935083e+03 4.487594988265960438e+01 -5.375313741673713253e+01
2.648246538107765446e+03 6.462596617233832603e+02 -2.363906507511172492e+02
2.882612350664996939e+03 1.980178446259906764e+02 8.241924779206247820e+01
2.592434071824463444e+03 1.417818606265843471e+02 -5.327796277611403752e+01
2.547564023349637409e+03 3.651910751926736225e+02 1.719382392991199282e+01
2.328951001877551334e+03 1.897706227196556767e+02 -2.858553780792395287e+02
2.504900393628179245e+03 3.306441721139763246e+01 -2.325913079718353629e+02
2.738877565343811511e+03 2.526273547231932355e+02 1.058734940844808818e+02
2.878447786732502664e+03 1.510594730439866566e+02 1.762248030931191778e+01
2.694165986909717958e+03 2.584142274647091995e+02 -2.653404908973657257e+02
2.494919386454598225e+03 2.865664821432634994e+02 -3.241788136165684477e+02
3.113811476940277771e+03 -1.894485684006271242e+02 -2.457525937092700588e+02
2.436019383251520594e+03 3.259209224704230792e+02 -2.457857809408018568e+02
2.802682210917087559e+03 -2.678455123434962388e+02 -2.637278135832561361e+02
2.599675216835131323e+03 1.427632771893994459e+02 3.726207880726956034e+01
2.861886808545809345e+03 -2.967400993256601893e+01 -2.110341541768094373e+02
2.680648511320875969e+03 3.625147940405101963e+02 -3.128796213690091932e+01
2.498315171143937278e+03 4.441554447969723185e+01 -2.636853524071519246e+02
2.586032879138609587e+03 2.935103862297713704e+02 -2.627694365446023426e+02
2.866597716109874909e+03 -2.797682626098056176e+02 -1.140414294973587914e+02
2.632137277627200092e+03 5.324116832148910134e+02 -1.983565524309034913e+02
2.834733825720776622e+03 4.754805424144234394e+02 -1.550102695331119662e+02
2.915405328609566823e+03 8.408938507201786194e+01 3.478160349567505705e+01
2.677472113957065176e+03 4.567675531446916466e+02 -1.470986306666490009e+02
2.734768399140709789e+03 1.469849142334346652e+02 -1.413500722926831941e+02
2.636735973275724064e+03 2.342979392455756837e+01 -7.781528737459315437e+01
2.913681150868992063e+03 -2.536109408154181040e+02 -3.300770201239004109e+02
2.812107043728413373e+03 -5.897540003640432360e+01 -2.308731723089802301e+02
2.733610618476618583e+03 9.992850692592578810e+01 -1.074786652845758681e+02
2.900517615333518734e+03 3.311878599952599984e+02 9.814610269210645299e+01
2.592357261129551716e+03 3.019851193425586757e+02 -6.320345669176227865e+00
3.009785255207902537e+03 -1.229929036804380615e+02 -1.556808350204030091e+02
2.709559503136611511e+03 -1.078638731884279593e+02 -1.210740671533011579e+02
2.918396188430770508e+03 7.487027908794206041e+02 -1.594750566599328465e+02
2.468591935240679504e+03 4.238528842778341641e+02 -2.328695765387592189e+02
2.748486998457506161e+03 -1.276239217578104146e+01 -4.405228806892897531e+00
2.727622443609172024e+03 1.080733484965965090e+02 5.821670430046322764e+01
2.593203715254731378e+03 8.137605293558237918e+01 -3.212142229827114761e+02
2.331251799820577162e+03 2.986807217634706149e+02 -3.193994878910390298e+02
2.526042096222110104e+03 1.570744535947077907e+02 -3.989187035854672558e+01
2.807687100414141696e+03 1.071964016455800817e+02 1.870283126262038564e+01
2.761564016219989298e+03 -2.919814797389870265e+01 -9.202995313085871487e+01
2.329350368945838454e+03 1.935565670176185904e+02 -3.808438850754280338e+02
2.467915595995300464e+03 5.766968581940326430e+02 -1.644076866821367560e+02
2.726704070581276483e+03 3.315860426810703530e+02 -2.054840326879011627e+02
2.569941451341592256e+03 1.085011552271442525e+02 -2.270171119290241961e+02
2.858246728095197795e+03 6.042146742544457538e+01 -1.420563281092166790e+02
2.628169701176697345e+03 -6.261859399260890058e+01 -1.449783546645942067e+02
2.565077729620784794e+03 -5.834724745520964717e+01 -3.142438855367662995e+02
2.894126113989502755e+03 2.110552657847433693e+02 7.946210883353617760e+01
2.377912637544758581e+03 2.540046097626985500e+02 -3.300534654878212564e+02
2.752999315412963369e+03 4.245324079932100290e+02 -9.175061944534300551e+01
2.833100686981400031e+03 -2.597961841181627278e+02 -2.230081874727717377e+02
2.386009548807399369e+03 -4.967700005828022825e+01 -2.794005492985516526e+02
2.819770282935890464e+03 4.177789463951195330e+02 1.051707428185346771e+02
2.675206056877840638e+03 4.228746103136036254e+02 -1.716880106263033667e+02
2.484576537959344478e+03 1.985829225221927459e+02 -1.948222184869256637e+02
2.645685191471677172e+03 8.837172534482085950e+01 -3.398243156650309515e+01
2.713843409187080852e+03 2.418582126461658390e+02 -1.883510229905654683e+02
2.698163714968468412e+03 3.844113525290152893e+02 1.377028397915019013e+02
3.090279682362778203e+03 -2.005866551436445988e+01 -3.736626148527418678e+01
2.678739389047766963e+03 3.008389129918685398e+02 -1.073294772902125089e+02
2.704152154492656791e+03 1.254747201858030934e+02 -6.709004055247507381e+01
2.753831728527091400e+03 7.335822588287771850e+01 -1.485523429091408616e+02
2.516393212406369457e+03 -1.173567814684799373e+02 -2.883337683174983681e+02
2.820832588048159323e+03 6.983791697902443047e+02 -1.809608436761311339e+02
2.495088931856448198e+03 9.866290596678338432e+01 -1.879657230997156603e+01
2.764050482291685512e+03 1.748795455049166208e+02 -2.154988790486141284e+02
2.465983463376173404e+03 3.834669435777670969e+02 -3.170398059751890969e+02
2.576676002844433242e+03 -2.529042731197523608e+01 -4.166353706092523339e+02
2.567920719255717813e+03 1.415713087024689969e+02 -2.153140390017128709e+02
2.815997577750525579e+03 -1.211266545518591542e+01 -2.503941665441123803e+02
2.568090087451159434e+03 -1.334700353232281778e+01 -3.430087279246471894e+02
2.828644678658904922e+03 1.460009195741551480e+02 -1.223911473807250729e+02
2.428767578045714345e+03 2.784581708920896972e+02 -2.655608173310592406e+02
2.858977674545100399e+03 4.168108722488903339e+01 -2.332996878152899285e+02
2.592393283471204541e+03 2.252274983210047665e+01 -7.563770386278670799e+01
2.610040886252951168e+03 2.333282044252999015e+02 6.556433094835844599e+01
2.914940254333419489e+03 -1.082722554269451933e+02 -2.518758687832113310e+02
2.616098689452668168e+03 1.505694150493064001e+02 4.757409736590845739e+01
2.710472965500537157e+03 -2.435377173025937623e+02 -3.755437832497628392e+02
2.658988867215571190e+03 3.337755349163290930e+02 4.481738951437989016e+01
3.114578788665407046e+03 -1.026430863116023176e+02 -1.677628320068344010e+02
2.887003154523350986e+03 2.818707988809388212e+02 5.259562441442680125e+01
2.692829123231817448e+03 1.177290500240703466e+02 -1.256038970659757581e+02
2.523260597496793253e+03 2.416943310328702239e+02 -5.116301518367318124e+01
2.515357756947470079e+03 1.926988796369532224e+02 5.113140664174742511e+01
2.419578165692260427e+03 4.304424160356809352e+02 -1.405188503735428753e+02
2.577262789809335118e+03 -4.521963058077836450e+01 -1.727756342848034592e+02
2.658504411807135966e+03 -1.182801388562952098e+02 -1.477408146941619691e+02
2.716595044538113598e+03 4.046734480254633013e+02 -6.677072380354694303e+01
2.723531500604765370e+03 2.269997403395505842e+01 -1.901963867527699961e+02
2.599604446702456698e+03 -5.893491718186594852e+01 -1.881303420769791614e+02
2.594954707281572610e+03 5.191430040231393832e+02 -1.567963293738035020e+02
2.705774065289092050e+03 9.031107273031406635e+01 -2.782716615156883222e+02
2.555356136926141971e+03 8.738771294606863194e+01 -4.170738369234849188e+02
2.322006161189570321e+03 2.654429666058958333e+02 -3.393318945222596881e+02
2.587862534295210480e+03 5.373772606200100199e+02 -1.459626789242890652e+02
2.524726706873804233e+03 1.697905699048484109e+02 -2.368403416286335812e+02
2.466722374863063123e+03 3.001037148358261675e+02 -1.515216406338486479e+02
2.478017271460935262e+03 3.692779577653855085e+02 -3.488583364867228624e+02
2.656662306871713099e+03 2.749019423155413051e+02 -3.521157329087837695e+01
2.498695067386633127e+03 8.055530533079468114e+01 -3.119086493679562864e+02
2.585826273837337794e+03 2.006145517569746772e+01 -9.520800584088172513e+01
2.625146509319090910e+03 -1.701219380323798589e+02 -3.373789343558026985e+02
2.369768717854369697e+03 4.387870364632963742e+02 -2.123926829514295207e+02
2.491676666783707788e+03 7.035524071760947606e+01 -3.182512557415280412e+02
2.456303469955905712e+03 5.656768588199802252e+02 -3.034085719983339686e+02
2.502961607831699439e+03 3.109296758365953792e+02 -2.744397189151798671e+02
2.807232862635838046e+03 3.461485536416867035e+02 -1.262602379973146896e+02
2.603756451967102748e+03 6.504741586224184857e+02 -1.870982006378272047e+02
2.738409374643770207e+03 6.592013086839496339e+01 3.650875877387130686e+01
2.424658962433240504e+03 2.268603291018501409e+02 -2.970953676513285586e+02
2.856327942595800323e+03 3.866711993764319004e+02 7.100195335751126891e+01
2.485882267229870649e+03 2.363541997637843224e+02 -3.969287346130165020e+02
2.655275476005065229e+03 1.914319744546049833e+02 5.693405417787054290e+01
2.308996812259008038e+03 3.813391567154802146e+02 -3.636300419635936692e+02
2.507545699060549850e+03 -5.824165143324331240e+01 -2.740323021269094284e+02
2.712161548918939388e+03 3.253391898249043379e+01 3.265117611076394866e+01
2.855096262173412015e+03 -2.914147976844503205e+02 -3.213821302587977584e+02
2.883574522028570755e+03 3.100268463269691210e+02 5.925663625016034075e+01
2.361209253545222964e+03 6.658439584947747392e+01 -4.244067765944998314e+02
2.727305433770285163e+03 2.489456326181314694e+02 -7.091763296519158644e+01
2.688586335890720420e+03 4.883439101427539981e+02 -6.789889522766642926e+01
2.571379487362444706e+03 1.232326040745031293e+01 -3.132250739587482826e+02
2.575385164472932047e+03 1.383357919172126174e+02 1.666337476532864059e+01
2.578585491439754605e+03 4.618930433776368432e+02 4.075338923830626214e+01
2.716313034490635800e+03 3.080826781723230283e+02 -1.202611182703913784e+02
2.788502397748916337e+03 3.237436164387885356e+02 -2.124660715469910883e+02
2.528400961519592329e+03 5.628509417384873359e+02 -1.083171279693569318e+02
3.151375361763817637e+03 1.628767917322808501e+01 6.660387134023029887e+01
2.430581797016827295e+03 2.420957852828915406e+02 -2.326733350296134404e+02
2.439545152861034239e+03 -7.409994148039565687e+01 -3.649328723294715928e+02
2.929704502230060370e+03 8.987460882571265586e+01 -3.817156974500949218e+01
2.590618045302875089e+03 2.518914037021536103e+02 -2.587334115035084210e+02
2.711335008871815262e+03 2.446923442999509462e+02 1.012787417151856602e+02
2.571458469716393665e+03 -1.926882396784257026e+02 -4.238299862911323430e+02
2.353577071402526144e+03 3.765170591177093939e+01 -3.752345355377283909e+02
2.564212224354972477e+03 3.795257085364904697e+02 -1.348413554843114923e+02
2.655129917823307096e+03 2.299422073146737091e+02 1.373494649548630946e+02
2.602992757917216750e+03 3.090103442603119106e+02 4.932366820899806825e+00
2.768697242014946823e+03 6.723036230400429076e+02 -1.772622050202355126e+02
2.910196258309699260e+03 9.574547520185383576e+01 1.127428209186994792e+02
2.345345291942131553e+03 3.682742786637212475e+02 -3.677468127863891709e+02
2.924451346611609097e+03 -1.709661115968177398e+02 -3.602609437844383677e+01
2.922889042820203940e+03 -5.935147715580629146e+00 -1.430656094057993855e+01
2.625659346248980455e+03 5.451514608742994596e+02 -2.312244524694692700e+02
2.700989018868319818e+03 5.488991666388823205e+02 -1.436095813299473605e+02
2.446070486404730218e+03 3.294928465404047984e+02 -2.822964839553898173e+02
2.554460798030447677e+03 7.042986891676137873e+01 -1.863599999897735131e+02
2.379036411290856904e+03 2.545186527459557055e+02 -1.715543242560499948e+02
2.680430205237345490e+03 -7.502576994496386931e+01 -3.122330376769344298e+02
2.432704822152989891e+03 1.564559222711098698e+02 -1.616094021938876040e+02
2.865525773106415272e+03 8.376891001215966526e+01 1.518146991396198757e+02
2.657838227036864282e+03 -2.457667933642947844e+02 -1.589016913503852777e+02
2.847883484108355333e+03 5.885279929456678474e+02 -1.122755212630877395e+02
2.990469742687158487e+03 -1.028736868424408613e+02 -5.208364008445494164e+01
2.806682483267997668e+03 -1.163270740917832029e+02 7.255475617204933769e+01
3.031814272719648216e+03 -1.320766783036932850e+02 -2.101431789209003966e+02
2.485702995314257350e+03 2.413147570155018329e+01 -3.961484194549879589e+02
2.443594857358695663e+03 1.649948079681724664e+02 -2.050450309864606879e+02
2.544263889506276428e+03 -2.085966030143933381e+02 -4.027910036245543210e+02
2.768466356646570603e+03 3.874889580519772494e+02 2.903848579957319131e+01
2.479679970960305127e+03 1.398686946268829345e+01 -3.176012035897226724e+02
2.788758925734997320e+03 -6.803056616145970281e+01 -3.865414738771897873e+01
2.538181528144760250e+03 -2.019221911282806445e+02 -4.142473864279592135e+02
2.818040740269955222e+03 3.407380249112265602e+01 -2.632460459360412415e+02
2.960468087356739034e+03 -1.650300513327491103e+02 -1.772127728659791330e+02
2.650669803012387547e+03 -3.247149476524530343e+01 -1.911959464758004685e+02
2.573653053969731445e+03 2.670389621526754240e+02 -3.242899073694668743e+01
2.573719770235800752e+03 2.257782970746285969e+02 -1.889645676442470403e+02
2.789236566564346504e+03 4.112970262483435135e+01 -6.357550411841918248e+01
2.696271176621975428e+03 2.924545531530660369e+01 -1.997504579814548435e+02
2.589059311425199212e+03 -3.305735107329098099e+01 -1.247885975619042043e+01
2.532994727157749367e+03 1.107259008688896387e+02 -3.860817696064870006e+02
2.643451777485576713e+03 3.052704090970133279e+02 -1.657337905856735745e+02
2.772035472572349136e+03 3.352771907799707947e+02 -1.964587221242521196e+02
2.447451607086525655e+03 2.539787972732206356e+01 -1.126978168132727092e+02
2.635812653693972152e+03 -1.818496145541046758e+02 -1.630875357060086799e+02
2.790821730261485300e+03 2.057144985592042588e+02 -1.129608027293754446e+02
2.658835111740224875e+03 -8.223804154216001905e+01 -3.496364573275623115e+02
2.640166477607066554e+03 4.071587913445000027e+02 -1.817966983047165570e+02
2.717017749956687112e+03 2.747014132703087625e+02 -1.660934486281477405e+02
2.339236383241034673e+03 2.523333652042273627e+02 -3.560143286280987240e+02
2.627328618121803174e+03 4.885683907258147229e+01 -1.047485895365300195e+02
2.501465618238695242e+03 1.083022842668044063e+02 -8.526981686216223011e+01
2.511657911428475927e+03 -8.567007642146606372e+01 -2.053126413733762377e+02
2.858358107729591666e+03 1.493180577638876798e+02 -1.273478915176478949e+02
2.446356423852836997e+03 4.406986626839182009e+02 -1.054815311522566645e+02
2.803534642183323285e+03 1.687796362164736763e+02 -1.254923928601895682e+02
2.787297283322650401e+03 2.053433614683776227e+02 -3.742338519928600249e+01
2.671290854400302578e+03 2.803553394306070459e+02 -1.528834036398211254e+02
2.610158406554829980e+03 -2.910879276881565048e+01 -2.554029894308664268e+02
2.896160386630037465e+03 -1.969120097546529280e+02 -2.082366955781099307e+02
2.306930796573625230e+03 1.076585834298491449e+02 -4.131680176698251330e+02
2.531776912446119695e+03 1.193668376659833186e+01 -4.214549417183788478e+02
2.562007434453999849e+03 2.089591370804196515e+02 -1.564138999146849471e+02
2.480081548558200666e+03 3.761291770990574150e+02 -7.659470066928466281e+01
2.681065781367244199e+03 -2.334902164685876187e+02 -3.804386808637651711e+02
3.058896637955700044e+03 -1.369700042311008019e+02 -2.219028807790771793e+02
2.805891633291493690e+03 3.166647292169680128e+01 -1.762890216929102110e+02
2.833514122374399903e+03 2.755794186348451831e+02 1.763988260072231640e+01
2.962202564100626660e+03 6.755352202184133148e+01 -1.243384442216121784e+02
2.463269513297255799e+03 4.401114726143839562e+02 -2.325290538114363983e+02
3.011028527447892884e+03 -1.608302816483366016e+01 -3.027015193959730510e+01
2.392102267845494225e+03 1.565966759925526617e+02 -2.675398000372199476e+02
2.543240833824052061e+03 2.127965831566405654e+02 -4.906040435774145436e+01
2.852567332128398448e+03 5.434561590213819926e+01 -1.560815818642971067e+02
2.438671973321237601e+03 8.693353074566377359e+01 -1.875964658282180153e+02
2.466786517430800814e+03 5.495851552054000422e+02 -3.281939705255222179e+02
2.421175025030853703e+03 8.698955721807422492e+01 -1.406186338274435457e+02
2.904387282919351946e+03 2.795558297802672314e+02 5.209843395782450415e+01
2.573912569709289983e+03 3.967562614769174729e+02 -2.497028804541259888e+02
2.491591377147070489e+03 1.250828021995706791e+02 -2.712973521850458383e+02
2.474984823255319043e+03 2.802671922774283644e+02 -2.473125223826758656e+02
2.818201557950512779e+03 3.367091600936920486e+02 5.454224624918899167e+01
2.735017963935083117e+03 1.218998384400654800e+02 1.395494735672075848e+01
2.857394398754557187e+03 9.916811922331004325e+01 -1.594315431904785214e+02
2.540874420411525080e+03 4.485067769739695223e+02 -1.748456767182864837e+02
2.896674744158701287e+03 1.088920655573619030e+02 -8.822587068647492003e+01
2.688576412901463300e+03 8.617131674434821775e+01 -2.842716923052394691e+02
2.723157492795783128e+03 1.232087551425636605e+02 -1.917309531986674074e+02
2.745172863581879938e+03 2.489435626107152189e+01 -2.279693632345759227e+02
2.449016103836569528e+03 2.257051245511592583e+02 -1.893408672909109782e+02
2.784548200627706137e+03 -3.336560255718596579e+01 6.140582055605354839e+01
2.930460951616528291e+03 3.727509778418911424e+01 -1.565953291638667508e+02
3.034322075029655480e+03 -1.845409418045098562e+02 -2.224605299404174730e+02
2.952920516811342623e+03 2.140635642454544296e+00 -2.304161398091252693e+02
2.545432493075553793e+03 5.377041702569500785e+02 -1.212774910732777727e+02
3.023510114156036252e+03 -8.100491576811234040e+01 -5.080461668930052355e+01
2.634397110626588528e+03 -1.943422741430144072e+02 -3.854921466847158058e+02
2.743663805899928775e+03 4.253986676035942764e+02 -3.766385783904388518e+01
2.735626485422265432e+03 1.049375457452071032e+02 -1.662199662996384859e+02
2.724043203943087065e+03 -3.471681402790920856e+01 5.470421137599237937e+01
2.616316314433674052e+03 8.694860907643779058e+01 -1.572728991730770929e+02
2.448680259261690480e+03 1.544519815417477275e+02 -3.652894275355042168e+02
2.899337522983461895e+03 -1.797738526531871344e+02 -2.313453573921811994e+02
2.888961189563732660e+03 1.486825549297152520e+02 -5.666456880151466180e+01
2.281390530433032382e+03 2.321901140084160886e+02 -3.176742807246459961e+02
2.661109940408339753e+03 4.263944555293668941e+02 -7.864447038771550069e+01
2.704411299633155068e+03 2.929091224864234846e+02 -2.292887369743857846e+02
2.470321778214284677e+03 -1.246748900011619412e+02 -2.727083897380644544e+02
3.058598444563367593e+03 -2.094699425787232485e+02 -2.425448446741574742e+02
2.979469644283758043e+03 8.262738593671788578e+01 -3.101221111485294202e+01
2.732028587885035904e+03 1.669874193257981076e+01 -1.657373442632352862e+02
2.528407745680288826e+03 -8.483975288051411212e+01 -2.260840883633555620e+02
2.850685713505110016e+03 2.171572518401603418e+02 -6.581583205920090052e+01
2.389375573674766656e+03 9.656058654193014945e+01 -1.639225012340423007e+02
2.595549171050672612e+03 1.863273540141115348e+02 -3.096726975616834565e+01
2.501289686829478342e+03 5.081621823097904667e+02 -2.304261239880580376e+02
2.845928807697264801e+03 1.334305800663266837e+02 -4.392260473486053485e+01
2.438961774152231101e+03 8.236195948094109553e+01 -2.906669483922444783e+02
2.558805790034303755e+03 1.448482940226840583e+02 5.968671450439854453e+01
2.488528334703488781e+03 3.456587013764034282e+02 -2.725095944003323893e+02
2.552754903614557406e+03 2.464531897888832646e+02 -2.880316076228764928e+02
2.519839930221679879e+03 -2.842089879965707944e+00 -2.105122812187643717e+02
2.881289890523052236e+03 2.874745029434989192e+02 -6.010222077134751828e+01
2.986139017006498307e+03 -2.477315872123416227e+02 -3.133459932475420828e+02
2.735952626304368096e+03 -8.542883563064417274e+01 -2.630359154310461918e+02
2.865866932279963748e+03 -4.962384823795963484e+01 -2.124669488853927533e+02
2.630924829493881134e+03 -1.180462473024331587e+02 -3.966473016318236091e+02
2.465802657699821793e+03 -6.112304117035465278e-01 -3.194645204196922919e+02
2.652706351293288208e+03 -4.100365742695478133e+01 -6.796684660519112242e+01
2.404737138815785329e+03 5.275536840610338913e+02 -3.438279901759290738e+02
2.528499661647419543e+03 4.812949297879695791e+02 -2.093707987534777146e+02
2.425540011207100179e+03 6.002967253142297288e+00 -2.127005899938747291e+02
2.777794458274089720e+03 3.831069587856046610e+02 -1.025476074415843328e+02
2.508573978385983992e+03 5.802881856643306264e+02 -2.684762198072489241e+02
2.662154286290023720e+03 -2.027825917058235632e+02 -2.451894830437797737e+02
2.706325554006092716e+03 -7.334090076359758825e+01 -2.538190457575492474e+02
2.717685720971395767e+03 -8.007776974232702116e+01 -1.598497885888965575e+00
2.825394831304898162e+03 2.781754309075566880e+02 -1.956789142959278394e+01
2.411167838876078349e+03 2.509151227432231224e+02 -1.373605931748752766e+02
3.046024277838945636e+03 1.783940938951749899e+01 -1.501500771638694118e+02
2.459744620351229514e+03 4.440629644160630392e+02 -9.021571346886582887e+01
2.786862896844339048e+03 3.072706176674168432e+02 8.992138309647327787e+01
2.916678560763900805e+03 4.791166574635076780e-01 5.980314082858853197e+01
2.616066256305399293e+03 5.590858601104937406e+02 -2.438223406513628220e+02
2.631963128726669765e+03 3.558978724300072827e+01 -1.688751019216008231e+01
2.700180396883301910e+03 5.230732375878163793e+02 -4.993781319080027536e+00
2.762386474345462830e+03 -5.544247854018027510e+01 -1.593865564713779648e+01
2.974010583889858026e+03 -1.242844513892709415e+02 -1.086015168255202390e+01
2.662812548698687351e+03 4.351583252564954307e+01 -2.622278096560907157e-01
2.725943373118273030e+03 2.038733987398140357e+02 9.465468431848581332e+00
2.842584253004915354e+03 4.379182678672880229e+02 -1.281514843787141444e+02
2.368911925843767222e+03 4.168266239177642092e+02 -1.871093568839947636e+02
2.554373217639791619e+03 -2.317975137838531055e+02 -4.094925109619114210e+02
2.573776996476902696e+03 7.953434752101165373e+01 -1.414720295087715556e+02
2.474012220224700286e+03 -1.771839789622591033e+00 -3.352924576040261400e+02
2.519483487044286449e+03 5.453849064285937942e+01 -2.903775490072583239e+02
2.711152627295509319e+03 2.570472575301023994e+02 7.852407902532459616e+01
2.578716308263743031e+03 -1.820198838447288381e+02 -3.539793856555904767e+02
2.723437193494473377e+03 2.007331078257646197e+02 -1.437839790663759345e+02
2.695090190446408997e+03 4.392748368167527815e+02 -1.305355095649245243e+02
2.883820060334490336e+03 2.634120417660719227e+02 7.239231685260169513e+01
3.072091685096842866e+03 3.837210298249520974e+02 1.354173105058108888e+02
2.950335256513432341e+03 3.246563382054375779e+02 5.361351129545752769e+00
2.621367215651228889e+03 4.832693428357334255e+02 -7.352986978511219185e+00
2.671193000562847374e+03 -5.802899457147052686e+01 -3.840564491518697992e+02
2.624604550294038745e+03 -3.189102224263740837e+01 -7.079953922928986287e+01
2.501463245570751496e+03 -9.293122961241216728e+01 -1.496754870953308512e+02
3.089100363606397877e+03 -4.087642403757082832e+01 8.189077261275353692e+01
2.663664668896162311e+03 -9.904843192263591334e+01 -2.961999658929804582e+02
3.073925112922611788e+03 -1.479437706692899042e+02 -1.709848909784495561e+02
2.561557551845943635e+03 2.650463478728663631e+02 -1.024274581201880778e+02
2.537976372336862369e+03 3.538282191754217365e+02 3.413172217896762817e+01
2.615229846087765964e+03 3.757381775171711524e+02 -2.240621359458194775e+02
2.744133652728938614e+03 7.499699719865341763e+01 -2.362029014869732748e+02
2.676521617840017370e+03 5.915972654578455376e+02 -1.943222640487868205e+02
3.007734189479017914e+03 2.086921461722667175e+02 8.878124685075761136e+01
2.704601364474702677e+03 4.149116594085261340e+02 -1.997730927372613792e+02
2.597632685232681069e+03 6.822381391273499958e+02 -9.880274449734608311e+01
2.623850865512687051e+03 3.464092112310507900e+02 2.668886492454150527e+01
2.969594481638193429e+03 3.353832744159570325e+02 1.352786287825699496e+01
2.327083383411492832e+03 3.384314716437881430e+02 -2.684024291004964766e+02
2.560262446206399545e+03 4.585996307350388292e+02 -2.272802784133070020e+02
2.437002200757288847e+03 2.768295535623086039e+02 -8.654627530565944937e+01
2.520440726338166769e+03 5.888767814976097270e+02 -2.716614117446202954e+02
2.891182607258716871e+03 1.296247411430641421e+02 -1.855174681018617378e+01
2.558609573408432425e+03 -1.079832133543666259e+02 -3.167984437967226654e+02
2.490156350101519820e+03 2.236525202846700608e+02 -1.504806727856473572e+02
2.861137502621456406e+03 -7.720335003337083890e+01 -2.202100123732485599e+02
2.623142250943694307e+03 -1.218658687749123430e+02 -2.589386219899215575e+02
2.843824844869451681e+03 -2.911011908493282476e+02 -2.341270676761134553e+02
2.880669294495651229e+03 -1.291400048284349396e+02 -2.596641496292962756e+02
2.512865124958469096e+03 3.890766437180899970e+02 -1.307462700834769578e+02
2.713393740027672720e+03 -2.510642617456302617e+02 -3.439876079642442619e+02
2.865600990330689910e+03 4.179912558545998422e+02 -7.105353456259517486e+01
2.697931004992267390e+03 3.718519946982391389e+02 -4.390231983818029704e+01
2.379220055264182520e+03 5.022983521622147123e+02 -3.101290212442504526e+02
2.335679726757575736e+03 3.780264661376045865e+02 -3.897407512268707706e+02
2.922803967954934251e+03 -5.428832805352687529e+01 -2.436931664520286915e+02
2.521503691734698805e+03 5.466622471592551165e+02 -9.856582893106524068e+01
2.560552140332820272e+03 -4.295710996586740293e+01 -1.429669294688299885e+02
2.648938459089255048e+03 -3.464807512831027481e+01 -2.289853888130579662e+02
2.386010847073379864e+03 1.520224498402497488e+02 -2.641314748581700087e+02
2.471713112815576551e+03 6.559702761892464196e+01 -1.025861439376446915e+00
2.959567153102776047e+03 1.160388550224306847e+01 6.066888490960734259e+01
2.750443069253182784e+03 3.995635559352361952e+02 -4.969029964086153228e+01
2.775302392878350020e+03 4.555107726354905395e+01 1.264863547236969765e+02
2.653859808906748640e+03 9.526083945408242215e+00 -1.379302846945547572e+02
2.680428521268389886e+03 2.848191882189983648e+00 -2.618820277072452427e+02
2.738704772158050673e+03 -4.864510368592410572e+01 -1.936021691068553991e+02
2.638894065399668762e+03 4.935061919900172711e+01 -7.864442874917706661e+01
2.504565381981618430e+03 6.021164702198122853e+01 -3.046937602552370095e+02
2.742482183012807582e+03 4.756714286742940345e+01 -7.739939050920028762e+00
2.785654707784578022e+03 3.702464917167041563e+02 -1.756558716782433294e+02
2.554038032011713767e+03 -1.094721533169323351e+02 -1.505992153817625194e+02
2.369863180536778600e+03 6.366758234455802778e+01 -2.464381190013693015e+02
3.046067678306021207e+03 -6.128426287920355975e+01 -1.451110035278040016e+02
2.929164531632991384e+03 -1.575507135460059374e+02 -6.374993783420415383e+01
3.024759728425694448e+03 -1.961079127958756771e+02 -2.284279261781166497e+02
2.644633706080919637e+03 8.507060139663987286e+01 -2.091367784088621420e+02
2.815630619505464892e+03 9.717030796698659856e+01 -2.184569527503430209e+02
2.403125339734614045e+03 6.479293069398319176e+02 -3.466378958283935390e+02
2.513421969865750270e+03 -4.878327361635877679e+01 -2.136688336419681207e+02
2.561512897340611289e+03 -3.481847719012937858e+01 -3.955779288418370925e+02
2.998665807879865042e+03 2.699427490562459866e+02 8.344819995159166126e+01
2.345778275205293085e+03 5.646678870567528463e+01 -4.219173256256605669e+02
2.686883175284282970e+03 4.899855539674575766e+02 -5.001870594051872132e+01
2.524745579232602722e+03 3.525968736037254558e+01 -3.859003666397235577e+01
2.868843442222051635e+03 2.435973403499248207e+02 1.390554977756782584e+01
2.477268415312596517e+03 7.041395937185056653e+01 -9.441611707821486732e+01
2.716534075104177646e+03 9.258016377714017864e+00 -1.625809182496227550e+02
2.914574801548219966e+03 3.916337751433162566e+02 4.298171800711490675e+01
2.754194705655728740e+03 -1.084458281606093948e+02 -2.539424696560603252e+02
2.537045813149471542e+03 7.084592796628625422e+01 -1.141674072139376932e+02
2.375852774009185850e+03 4.259635652130779704e+02 -3.130538092206020337e+02
2.671868502673410148e+03 9.338775415933201884e+01 4.172739388609223710e+01
2.416560431368552145e+03 2.328944038304917683e+02 -2.273481377886930375e+02
2.719385677149079584e+03 8.033373904644257664e+02 -2.622917694255507399e+02
2.562445008772785968e+03 2.810973596271647352e+02 -2.841905651076052663e+02
2.443685592418223678e+03 -3.499938229923928645e+01 -2.695308074611840539e+02
2.644387172756381915e+03 -1.005266826159978564e+02 -3.977544001132604308e+02
2.509111004810051782e+03 8.581602014770808751e+01 -1.013373787638609684e+02
2.604905880058990988e+03 -9.758186687941783077e+01 -1.390019791988981410e+02
2.341267718562509799e+03 1.652976658961064231e+02 -2.870860182452539107e+02
2.677635246649181681e+03 1.595956772990707861e+02 -1.073771503518781145e+02
2.554081723316453463e+03 1.884734852019093978e+02 -4.652982599487805260e+01
2.816664934895317401e+03 2.478840458095689314e+02 -6.206771340427397377e+01
2.753542562429777263e+03 -7.183224503495290492e+01 -1.294255677582894464e+02
2.469994840754623510e+03 -5.957200449115531171e+01 -3.199108274544970527e+02
2.818581367084087105e+03 3.500638893968296088e+02 -2.631078337700033032e+01
2.370198594805721768e+03 1.038338468255523281e+02 -3.003630263959400395e+02
2.759498542216016631e+03 1.274940583386591868e+02 3.983049276210851986e+01
2.495163264124529178e+03 2.243028128500828586e+02 -2.826599833250088523e+02
3.129068863153110215e+03 -1.346028412779110113e+02 -1.417986518740499093e+02
2.864333664681669688e+03 1.859089577481842781e+01 -8.178371851932891445e+01
2.860328887617274177e+03 -1.970394807453217254e+02 -1.685323259091072146e+02
2.615623233693283510e+03 6.312441838193471710e+01 2.688552524566329893e+01
2.957174438437455137e+03 5.658619764793894547e+02 -1.616259418259600693e+02
2.582416409555713017e+03 -6.483859153380831231e+01 -3.619310136799507518e+02
2.515731815089998236e+03 9.588429545149618605e+01 -4.969453348857727093e+01
2.688839391109473127e+03 3.533880380812844919e+02 -2.377564303492128772e+02
2.714313872523530335e+03 4.980246199097245494e+02 -1.438388058814066142e+02
2.949636947737459195e+03 -6.681720277614692804e+01 -5.926223378364195327e+00
2.492582557416154032e+03 -1.266486104877373293e+02 -2.769046579851206502e+02
2.465039451599229778e+03 1.858351670730295666e+02 -1.368228623747500308e+02
2.638629656877209527e+03 5.070336130077637904e+01 -2.218785798943235932e+02
2.602495636643712260e+03 4.777100354010879073e+02 -1.476769524406843459e+02
3.170422718547749810e+03 -1.662792095313909897e+02 -1.811852982479016418e+02
2.415872017004988265e+03 4.116733147754254105e+02 -1.226859527734502535e+02
2.706841569939228521e+03 4.170091147378900018e+02 3.778776084740412244e+01
2.817001459715685087e+03 -1.566405121066140964e+02 -2.539787908201260223e+02
2.556789025316959396e+03 1.080615575512496385e+01 -1.831494796935274962e+02
2.464023547251163109e+03 2.913349143195089255e+02 -2.776125077640692780e+02
2.711301030704813002e+03 4.578600598578189533e+02 -3.346300534557870243e+00
2.504057483774890898e+03 2.460841072248202011e+02 -2.459591159605731718e+02
2.635490031230837303e+03 1.457120785666115239e+02 -1.901748683813591754e+02
2.737234390450605133e+03 7.498937910063821732e+01 -1.666341488273136662e+01
2.702218017036868787e+03 2.359879480797661984e+02 9.710306455664741065e+01
2.554464848266874014e+03 4.778695310395336264e+02 -1.241165293142023387e+02
2.542012931083467265e+03 -2.350386110553891399e+02 -3.653994744568916531e+02
2.436361483213084739e+03 1.767785794912031179e+02 -3.744332896816036964e+02
2.562866736091320035e+03 5.030479188061185027e+02 -1.237578185920996816e+02
2.678134541975180127e+03 5.354124978240165547e+02 -1.863510519579893998e+00
2.790758268678348031e+03 -1.541305412039172609e+02 -3.028476957478958980e+02
2.737754842849876695e+03 1.021534396613783358e+01 -2.102866747868254436e+02
2.946324450283734677e+03 -8.683327995037359415e+01 -1.241520726134652222e+02
2.729291728879830771e+03 -9.747039075077363179e+01 -1.291617337724273114e+02
2.651894921989370687e+03 -2.233140351970964161e+02 -3.828887640470761653e+02
2.429651035467742986e+03 8.994569011741202758e+01 -2.304796639522219834e+02
2.611582313907414573e+03 5.899764980028788841e+02 -4.101176153213244646e+01
2.721096374837514304e+03 7.516643629096620316e+01 1.271565850921350815e+01
2.464020154127148999e+03 3.722054260907094090e+02 -2.070645017906845169e+02
2.409826751365804739e+03 -2.559739476418469906e+01 -2.793680203995237434e+02
2.614772358840370998e+03 1.586530448521912717e+02 -7.934728673041789193e+01
3.001747450333546112e+03 7.516329991052282367e+01 -5.938233349550695550e+01
2.812152234289452281e+03 1.760951127041343796e+02 1.631390361698614981e+02
2.498319643718053157e+03 9.436791539323333211e+01 -3.722439622736080196e+02
2.517133976897811408e+03 4.361279387705942412e+01 -3.504411357157917450e+02
2.556889764997851671e+03 3.952536719568217336e+02 -1.529735633439012190e+02
2.551029625779546222e+03 5.145431897217720234e+02 -7.980302529371111575e+01
2.528463788709918845e+03 3.829172740219537445e+02 -2.384388727308574971e+02
2.544513853692769317e+03 1.260873867976723233e+02 -5.841398056246391235e+01
2.592407205658396379e+03 7.546006588403536171e+02 -3.639875913151851705e+02
2.652212638489402707e+03 7.643275759588713072e+02 -3.631569088512019334e+02
2.851654447918287588e+03 5.026190625270253349e+02 1.408648635067419264e+01
3.036956483054259024e+03 4.042729660366434246e+02 3.547817416835233928e+01
2.964877675484708107e+03 5.071784507076421988e+01 -3.052193539766803454e+01
2.887486315095173723e+03 -5.240996791755755169e+01 7.359666164750794337e+01
2.372030185843830168e+03 5.796209896030105710e+02 -4.048476679392744586e+02
2.533478917440058467e+03 -2.490985052561278579e+01 -1.214426017786875036e+02
2.431886796161519669e+03 6.424142042443160960e+01 -2.030767922486186308e+02
2.968083924498851502e+03 1.203628385091782604e+02 -1.189438692739526715e+02
2.386072328407189161e+03 3.582502812027083792e+02 -3.972629710820808668e+02
3.099539851880081187e+03 9.042373465359558438e+00 -1.722509424060671392e+02
2.532423499288027415e+03 5.588923679822106578e+02 -1.046533666246884877e+02
2.882781308550481754e+03 4.726522594949633316e+01 5.632193890021776639e+01
2.561807762330835885e+03 -7.674054946070157257e+01 -4.502406621353114247e+01
2.596873768718892279e+03 1.501474776448678483e+02 5.948546945745768255e+01
2.823487655647337760e+03 -3.550758544860730836e+01 -1.651999832760506024e+02
2.335613201786860373e+03 8.149613009732179592e+01 -3.860828412307968733e+02
2.403738140016061607e+03 -3.479243722741593103e+01 -3.422835726823443565e+02
2.390677016060814367e+03 1.629447805249184000e+02 -1.511106252474338589e+02
2.420442196872077602e+03 4.424409975295038748e+02 -1.720942580726642177e+02
2.529422701288233384e+03 4.775967033621643054e+02 -2.883858373713670744e+02
2.726973539194625118e+03 7.122969791425269932e+02 -2.164243646214069656e+02
3.006042353286951766e+03 6.511446606212863308e+00 -1.556144005533361110e+02
2.744681498152005133e+03 4.845746605305745902e+02 -1.453505197386645307e+02
2.347504873280674019e+03 3.508655009735479098e+02 -3.906258849996310119e+02
2.857145171657617993e+03 -1.452156130114513033e+01 3.271085155190237259e+01
2.463066352484662730e+03 2.327341832944112809e+02 -3.964678953297075736e+02
2.899361555726553433e+03 1.910507173069906059e+02 -3.967722315086930962e+01
2.748667721588803488e+03 1.146276605708171275e+02 -1.198136632903548993e+01
2.722197753147107960e+03 -1.674846876562087914e+02 -1.108590491589928178e+02
2.564877805239598274e+03 7.692306558692163208e+02 -3.631635555635442074e+02
2.533931736174769412e+03 -7.493700164678132580e+01 -3.509925954147632297e+02
2.647754341403187937e+03 3.786038481889862624e+02 -1.231665699899786972e+02
2.788207528697721045e+03 -2.707075394055335096e+02 -3.235443440149119851e+02
2.773957514286329115e+03 -7.362118331191204845e+01 -7.520081829156630704e+01
2.391674052528862376e+03 3.304249974773921963e+02 -3.353760738209726924e+02
2.774634485718195720e+03 2.795996644925958776e+02 7.267994209417261686e+01
2.513381626465565205e+03 -1.858561681479207905e+01 -1.455560258322067284e+02
2.456460825717863372e+03 3.792580215264629828e+02 -3.656659229424196269e+02
2.707682068590529070e+03 1.922975407091641955e+02 7.315494601008958853e+01
2.787401102394570444e+03 5.396197207293285913e+01 -3.597081530771537672e+01
2.931609731125881808e+03 -1.688653444642868067e+02 -5.472430601685276486e+01
2.449419052010228825e+03 6.978443081118928148e+01 -2.729493558012641188e+02
2.936432518811743194e+03 1.482018148124696211e+02 -1.559886703043314355e+02
2.764987747027749265e+03 2.066960518107733265e+02 -2.139860883711708937e+02
2.782335594317172308e+03 -4.471863631367203773e+00 -6.275714260887867368e+01
2.544048102391122939e+03 3.930476210712823786e+02 -1.520267703716152710e+02
2.464259512380489923e+03 5.018177321754818081e+02 -2.150391226487268739e+02
2.522887584368661010e+03 5.613224177474602357e+02 -2.591420840752418826e+02
2.894255557040690292e+03 2.798075498897792954e+02 -9.681514866500219796e+01
2.519524262606786124e+03 3.666901795502693062e+02 -1.487199248395095310e+02
2.696473235860446493e+03 1.486497789530156233e+01 3.842572853121884346e+00
2.567756925880222752e+03 1.332547245662618707e+01 -1.454992306130592681e+02
2.689210788269186651e+03 4.858980860549086174e+02 -1.724874109197898804e+02
2.647722800095694765e+03 1.743112321438090646e+02 3.263222049731736263e+01
2.862621827223762466e+03 -6.609266330049821647e+01 -1.424714387937261506e+02
2.642144119484469229e+03 -9.438049660808064800e+01 -2.234047761865094799e+02
2.621306489762860565e+03 5.702215555908702527e+02 -4.543344923819889658e+01
2.316337074535463671e+03 3.102546150728041994e+02 -4.187149564605098817e+02
2.757255365611689740e+03 1.408592519654978048e+02 -2.497599472901557647e+02
2.572607454930274798e+03 -1.803216572223203684e+02 -3.829588919530517614e+02
2.613471084924012757e+03 2.028074952757121707e+01 -3.484610162372562741e+02
2.309689906424623132e+03 2.234014383640697758e+02 -2.456383358215928752e+02
2.674068929831344576e+03 2.846788583848111784e+02 -2.359119513949363807e+02
2.372154804104087361e+03 3.989215651983936937e+02 -2.888119937041066123e+02
2.647870611376850775e+03 3.689015891844889552e+02 -6.472423462867038779e+01
3.089805018096386902e+03 -9.471771746834814110e+01 -7.364415221470542861e+01
2.845702131366633694e+03 2.507217853985047213e+02 -1.334505634884398617e+01
2.503144071185282428e+03 1.061227041044572417e+02 -2.286363148186848093e+02
2.520215004489976309e+03 2.484324050374440844e+02 -9.795236751978704604e+01
2.602574779586769637e+03 5.921783177974358523e+02 -1.076355573541249839e+02
2.407606759427477300e+03 5.188200446691635079e+02 -3.396862591297042968e+02
2.662138241720832411e+03 5.092589402499372682e+02 -2.179783323708156786e+02
2.821278565044678544e+03 1.217659623399863449e+02 -4.021486298405609894e-01
2.579279536692385136e+03 1.211558451106144645e+02 -2.033796252196043781e+02
2.537921168324354312e+03 4.989783362767494168e+02 -1.793236987124830932e+02
2.433501016761406390e+03 1.806106741720515174e+02 -3.995019566388670569e+02
2.451542526469869244e+03 5.179508859303731469e+02 -2.735425235786183293e+02
2.962945737060108968e+03 2.882578142716207736e+01 -9.945312292850406521e+00
2.594040793950301577e+03 -1.354746933906252764e+02 -3.123128378295298262e+02
2.562204639844522262e+03 1.469414754831066432e+02 5.905563166148347420e+01
2.919289660714227921e+03 1.384844069995351390e+02 1.783973537758936345e+02
2.786490581857071447e+03 -1.716148969623164362e+02 -3.523167969272674895e+02
2.849663826952656564e+03 3.786097705083557230e+02 6.136364514812301962e+01
2.457624507264008571e+03 3.626978682203667859e+02 -2.368949608962946058e+02
2.830649255891175471e+03 2.878233507203523232e+02 2.644305267034499352e+01
2.440805925053102783e+03 -2.349854521970375387e+01 -2.171498053626782507e+02
2.708212836105925817e+03 5.425839518463447320e+01 -2.323179367598320084e+02
3.124775976297075886e+03 -1.572782741870374679e+01 -7.595997378328439709e+01
2.676839612951729578e+03 4.175003260579526341e+02 6.477857298600915215e+01
2.505006843636107078e+03 7.166108461846140187e+01 -1.254275897235011996e+02
2.597718782277557239e+03 1.244268735086276934e+01 -1.744153691022415558e+02
2.605286628914909215e+03 2.032080417316481089e+02 -7.928502687769639401e+00
2.650569766343575338e+03 6.197445152154691641e+02 -1.709676275273667443e+02
3.047796757925457769e+03 4.151366727393772749e+02 5.659011116344002801e+01
2.656009418968723367e+03 5.899319804451702112e+02 -2.495076194964387923e+02
2.857406106589128285e+03 6.607185699208099550e+01 -7.150715615068489228e+01
2.582900318984239220e+03 2.635914173398428488e+02 -3.543340494205560987e+01
2.703031811360242955e+03 8.462959998845812493e+01 -2.362854477176904879e+02
2.490511150070159601e+03 3.410069070811917413e+02 -1.059408170783244145e+02
2.743014440990667026e+03 -9.479697185229274226e+01 -8.987233100649496009e+01
2.861463644740550990e+03 2.838002649034601745e+02 -7.032319909708580674e+00
2.625983957513010409e+03 5.278455777925299230e+01 -1.123750163727946045e+02
2.750667285399758839e+03 1.234954688430233176e+02 -2.179960804428487791e+02
2.675869282948895034e+03 -7.496588419223047595e+01 -1.160504949664501169e+02
2.994741113896932802e+03 -5.940448860026272371e+01 -1.888409803873304043e+02
2.431257719077533238e+03 1.359851408382549209e+02 -2.107767932107085187e+02
2.418180932335464604e+03 7.311348182889290115e+01 -3.273957335318228274e+02
2.813802926003808807e+03 -5.113718967073371147e+01 -1.193196479333289091e+02
2.367772376100725978e+03 9.412709764543593849e+01 -2.075067353222302415e+02
2.620476079064659189e+03 4.212034522567586237e+02 4.013642543075037850e+01
2.478218629664112541e+03 9.355600421735631755e+01 -1.284155792474282975e+02
2.998371336957341555e+03 3.660374844963382657e+02 6.925214357107695662e+01
2.570285322915664892e+03 4.630105244999319325e+02 -1.701932688844598260e+02
2.886013184180541884e+03 -1.571299086538789993e+02 -1.760855265231039368e+02
2.783580744614801915e+03 3.945196526063431008e+01 -2.196971511933694217e+02
2.464225866153018160e+03 2.217621921869828938e+01 -3.846514622204386455e+02
2.586179472805308251e+03 2.017946335315150463e+02 -6.241687807508828456e+01
2.506194481676687246e+03 7.192766639864589706e+01 1.234753144021477489e+01
2.679344575880590128e+03 2.753737694202027910e+02 -2.554859267098117215e+01
2.767952447352392483e+03 -2.630659058775046333e+02 -2.696066996712877426e+02
2.771350503166477665e+03 3.486599096006153786e+01 1.073095872258909935e+02
2.623520906463871597e+03 4.217004358609400470e+02 -1.333310320757682632e+02
2.401011001216443674e+03 3.687131124025182771e+02 -4.044007262989208016e+02
2.938214924505398812e+03 -9.448413699350936668e+00 -1.515981606534958530e+02
2.639062501123427865e+03 3.016993507811084285e+01 -1.930297438228384692e+02
2.534253750610394491e+03 4.360852439653964439e+02 -1.384577292590722664e+02
3.183008206501754103e+03 -1.069774166620732387e+02 -1.857238570330335676e+02
2.347904222839047634e+03 4.029329980987330373e+01 -3.690288208533371517e+02
2.316133342727518084e+03 1.776644950765653164e+02 -2.774661526597197962e+02
2.794639555068334630e+03 3.212909828504305665e+02 2.404625420375866440e+01
2.607392634968030507e+03 1.927647584030048620e+02 -1.238719013899412147e+02
2.498792283079550543e+03 2.841946422835493991e+02 -7.350481854908275636e+01
2.958152151125875662e+03 3.484021064534863399e+02 6.559920554248901681e+01
2.359218232558250293e+03 3.340997760303770292e+02 -4.133464953283709065e+02
2.848041164938189013e+03 4.287364193925781706e+02 -2.240147311606674663e+01
2.611072713280668268e+03 -1.956072814164809870e+02 -2.412381344561274261e+02
2.793485272076517958e+03 -2.251113630654006670e+02 -1.864997365557515536e+02
2.870999754810615741e+03 5.100600286134514363e+02 -1.727551796255707188e+02
2.710554700629748368e+03 3.128460216511030012e+02 -1.485020688451882336e+02
2.677420903548077149e+03 4.811903286673196476e+02 -9.963869295496934342e+01
2.917067590980288060e+03 -6.656476641370883840e+01 -4.679227556692006118e+01
2.729926193480048369e+03 -8.176322550317223659e+00 -2.371872398565449203e+02
2.789822252647966252e+03 2.973602297407200012e+02 1.184882210063343280e+02
2.309870109562668404e+03 1.979580994383416623e+02 -3.082925152970581735e+02
2.637433957532220575e+03 -5.237831524726116328e+01 -3.156967584646309533e+01
2.358846348605520689e+03 2.685168124674557788e+01 -3.654746432685797117e+02
3.068878913429170552e+03 -4.505094555551782065e+01 -1.167469993250284688e+02
2.801816961034006454e+03 1.500144008610626258e+02 -4.873488612518823970e+01
2.710220794677656613e+03 2.624309817547829198e+02 -2.456362040336486814e+02
2.617228106745717923e+03 -2.600274624631762208e+02 -3.634232445129329108e+02
2.538559025128704889e+03 5.899670439666076618e+02 -1.267859712628696371e+02
3.002451071820233665e+03 -2.572607295016356943e+02 -2.309234393014240538e+02
2.864633831165040647e+03 2.362273927173604875e+02 -6.044863403642683153e+01
2.642459784967295036e+03 5.590456443393778727e+02 -2.145881588804799094e+02
2.632691856090249530e+03 1.507030802202951669e+01 -1.064265237992564295e+02
2.354719470239355360e+03 1.804176585637562198e+02 -4.038769823111069854e+02
2.824033306285371964e+03 2.576550197465465999e+02 -1.081796721623101973e+02
2.582328554891647855e+03 3.727952322244374841e+02 4.023249295812607329e+01
2.426522121511188288e+03 3.864278428922187345e+02 -3.946581770527291724e+02
2.911627347388658109e+03 5.685586157297796461e+01 -4.792029659839851519e+01
2.692452692838912753e+03 -1.049686161820912567e+01 3.827468400304614704e+01
2.573682921908915432e+03 -5.728368945133125578e+01 -1.695999059782829192e+02
2.690197656016730434e+03 2.971167168763851123e+02 -4.715669641524475253e+01
2.675945362876031595e+03 7.235517747130204498e+02 -2.559435040107126156e+02
2.821989778477423442e+03 3.706583376475643377e+02 -5.941715064695735293e+01
2.697231691735666573e+03 -2.283775816976306317e+02 -3.585909541358843171e+02
2.634724190014529086e+03 5.792809253645492618e+02 -3.954220987025825451e+01
3.000380652455552081e+03 3.627754335604395806e+02 1.508451843084693778e+01
2.740709584965136401e+03 4.302617398006592708e+01 -2.017163026103768004e+02
2.727172331973165910e+03 -1.911707474001242701e+01 -2.613910996521003227e+01
2.478505533350733458e+03 3.815177280550082060e+02 -1.269770464985754188e+02
2.779445840934646185e+03 3.189920284069640957e+02 -1.075022255261980462e+02
2.896506851940596789e+03 -2.702637285630234132e+01 -1.949304821755081889e+02
2.433635983745520662e+03 2.083962734994838968e+02 -1.446671981609936779e+02
2.350891723885105421e+03 8.022615967013449279e+01 -2.940565367076868029e+02
2.597077336850416032e+03 1.977530933084195794e+02 -5.915281774294720663e+01
2.438552363439760484e+03 1.818706235009202601e+02 -8.900504445775294471e+01
2.619003424598068705e+03 2.910490322056449486e+02 -7.625343542215335901e+01
2.820994187968042752e+03 1.616536763807887098e+02 9.920050870165825074e+01
2.943951962418991116e+03 -4.414784231511611701e+00 -2.176932530356591826e+02
2.687819497308428708e+03 -5.950389717717136051e+01 -4.540757292173847759e+01
2.608357363571617498e+03 1.974894069540892616e+01 -9.816798147300012545e+01
2.493310141086775275e+03 4.717344628944136957e+02 -2.264417414315179258e+02
2.468061648960439015e+03 1.905321476687365134e+02 -1.666963989885484239e+02
2.524550939414338245e+03 -5.796403244275898814e+00 -3.992434905685014996e+02
2.346393522255051721e+03 1.594258292679950841e+02 -1.937473980122792625e+02
2.625125246847984727e+03 5.455556613302649112e+02 -1.750474837538457678e+02
2.885635407321575258e+03 -2.650895676708684618e+02 -3.478478320344424901e+02
2.888883875708874257e+03 -2.049106976804031319e+02 -1.815240941399690371e+02
2.442935715038988292e+03 6.840194193503010638e+02 -2.824232348770510157e+02
3.124522856945282001e+03 8.054225650985127061e+01 -9.004688948609607735e+01
2.482345029109964798e+03 9.925156507559660213e+01 -7.205310445753569581e+01
2.634155484835865536e+03 6.172912342128911405e+02 -2.334178056957000535e+02
2.765002279176098455e+03 4.292186663908099149e+02 -2.069459766220658636e+01
2.892460427175466521e+03 3.183291863200716421e+02 2.935972981176035290e+01
2.484605219141110865e+03 3.654535380216303224e+02 -1.795300961651261318e+01
2.677126873969254575e+03 1.066290531499865892e+02 -3.355250262039956510e+01
2.766431706134535943e+03 3.917335910581628156e+01 -1.315710349071494534e+02
2.395579085608407240e+03 2.361943902072920594e+02 -1.655123779120419556e+02
2.625820317726762823e+03 -9.249561239086894204e+01 -1.195769252951820221e+02
2.637837857920119404e+03 6.150275111343910339e+02 -1.776928823616418924e+02
2.586362631342119585e+03 4.559882485193498383e+02 -5.777641499767514688e+01
2.798449729837014729e+03 -9.476330506237071916e+01 -1.172997140111729379e+02
2.924181161313250868e+03 2.474761353628243796e+02 -2.328335927139085371e+01
2.669406239534102042e+03 1.171269048024043258e+02 3.715950403228307497e+00
2.551465131374115572e+03 3.755446148424159674e+02 -2.578581614653689940e+02
2.845846357531374906e+03 -1.568188730421175308e+02 -1.920177272238762498e+02
2.704099701523841759e+03 2.750781938082963620e+02 7.673389140736995273e+01
2.519931606072605518e+03 5.668228513629849630e+01 -2.923330814105629543e+02
2.628796365763318136e+03 -8.902647426377103557e+01 -9.327002472676420552e+01
2.782210887708075006e+03 2.593531027162788973e+02 -7.776048233750799454e+01
2.810722068697375107e+03 4.050243847815195863e+01 -2.214491676642923323e+02
2.553823302659660385e+03 -2.645636014725756624e+01 -3.722894684324796799e+02
2.813119730285845890e+03 -9.277408337623091938e+01 -3.559643248349058808e+01
2.887145009540200135e+03 -5.322473746271088402e+01 2.271762085816217791e+01
2.483216974579259386e+03 6.774096128365178515e+01 -1.837179584330648368e+02
2.743193969539000591e+03 4.612790826957257764e+02 -1.592356589269427616e+02
2.598982951338794464e+03 1.092786573860625197e+02 -1.499299382591583196e+02
2.685539369186092699e+03 4.292515658518313444e+02 2.165176563912325491e+01
2.448023585042659761e+03 1.416875229099460682e+02 -1.292871555719383139e+02
2.717930337638961646e+03 2.696542508231601687e+02 -9.646738787124620274e+01
2.355733064470800855e+03 1.982214583406735926e+02 -3.796475965857842425e+02
2.624457331637984225e+03 3.507638902427264611e+02 -2.036524406145364310e+02
2.837975065597989214e+03 1.574044138154771701e+02 -1.004507336830618272e+02
2.736250496343966006e+03 2.746771995961525477e+02 -1.187563844886379627e+02
2.573507152657659390e+03 1.869450305004123436e+02 9.998688188401025911e+00
2.573039025592851885e+03 6.488232477582245110e+02 -2.278786430836082104e+02
2.768202342571547433e+03 3.019719167469387457e+02 6.618878317960984248e+01
2.749819847764430506e+03 2.813983307175221285e+02 -1.461405718963791287e+02
2.895540013402899604e+03 -2.715594797350738077e+01 1.148022718088885519e+01
2.567408734217510300e+03 -1.098081306747812533e+02 -3.134838395648080223e+02
2.833016908960289129e+03 1.835350517840238354e+02 -4.322938162357643499e+00
2.940396691680452477e+03 1.079610592337204338e+02 -1.137002533114555192e+01
2.925119255323861580e+03 2.863943822530326884e+02 7.017090146696331487e+01
2.950178953509474923e+03 3.918633136618711319e+02 1.047676540572216766e+02
2.934522486792430300e+03 9.745134107049756267e+01 -1.854457744128738454e+02
2.386152064767574757e+03 3.210916263275453844e+02 -3.693575615187686481e+02
2.333313269797438352e+03 1.297073615827061133e+02 -3.397118479260688559e+02
2.612209993239747746e+03 1.256039334245106147e+02 -1.467631868699040751e+02
2.815128740261997336e+03 2.561444743875889571e+02 3.245321396752873966e+01
2.565565388529388201e+03 3.325595419307214229e+02 -2.364853752394387527e+02
2.508394672837881444e+03 3.026320773821319676e+02 -6.917230318703794012e+01
2.620243114432060793e+03 4.780527427138218286e+02 -2.205589847377119668e+02
2.967316164907428629e+03 4.505523179592518801e+01 -4.484532508067302103e+01
2.487814595940380514e+03 1.066482762999176828e+02 -1.060912350108541489e+02
2.341442989338285770e+03 7.985752543306618634e+01 -2.076342708363852694e+02
2.411858953708167974e+03 1.358555325637359772e+02 -5.236624013240017916e+01
2.665929647843681778e+03 -8.925218111960234069e+01 -1.276073444950357043e+02
2.850412362311293236e+03 3.101996850993490398e+02 -7.031285463158130078e+00
2.677958252097131663e+03 6.572137596646678048e+02 -2.346788188820029291e+02
2.339919636302121489e+03 3.517320704794671826e+01 -3.565664849450097904e+02
2.835357028662481298e+03 1.761653925573781123e+02 -1.394236310949461881e+02
3.005009655779042987e+03 -3.263938361961992030e+01 -1.672655261481900482e+02
2.430862912178197803e+03 7.124144728220230149e+00 -2.740372059430104059e+02
2.832382074706704316e+03 1.556493998042546139e+02 -1.861184238420770143e+01
2.391429234322066804e+03 2.490387128577728220e+02 -3.694791929320560939e+02
2.772187528204038244e+03 5.276515218023090483e+02 6.784571120132325461e+01
2.620772330219947435e+03 1.183031225310766743e+01 -3.244534474764920446e+02
2.364080737108661197e+03 1.481147386439650404e+02 -2.338937456271260658e+02
2.357415299250435510e+03 4.376775138516074435e+02 -2.916296396530526067e+02
2.621611567674629441e+03 2.598968970342837679e+02 -1.973517598935330497e+01
3.106764251000568493e+03 -2.299771992951622792e+02 -1.869130270843747610e+02
2.524648860218479513e+03 4.463397105445384341e+02 -1.505599670371892103e+02
2.620238774454001486e+03 -2.558621847153610318e+01 1.815507802923633918e+01
2.639061180872718523e+03 4.613605673859819123e-01 -2.845336433086911256e+02
2.749863149008328037e+03 2.757850672739931497e+02 1.494599242277732287e+02
2.593933425149954019e+03 4.453233731111516249e+02 3.089388593856452303e+01
2.741681794805224854e+03 -8.331232669220367981e+00 -2.682367742036414597e+02
2.789185975095861068e+03 6.764761400562235849e+02 -1.515144096509450264e+02
2.395309112338124123e+03 3.446090610886732293e+02 -3.674001654436746662e+02
2.595707323064205411e+03 6.691979822979550363e+02 -2.562597239787010608e+02
2.604892401773327492e+03 -2.217415090744098336e+02 -4.240582042523008681e+02
2.606009458347520194e+03 1.222875551174955966e+01 -3.842489429738313333e+02
2.512641584697024882e+03 2.889101154680261629e+02 -2.948310451785125679e+02
2.447945052384086466e+03 3.690320004014251936e+02 -2.286917048774682542e+02
2.957164563193313825e+03 2.744856598485145582e+02 2.166025084020403213e+01
2.536044073879847474e+03 -1.647854164462956703e+02 -3.747520539997405535e+02
2.518821082887079683e+03 -1.123762184364313441e+02 -3.510494018034522696e+02
2.515423609918007060e+03 1.770440273708056509e+02 -1.431354095444781080e+02
2.824609670895088129e+03 3.165794713970242356e+02 8.221980908285713596e+00
2.870563743589623300e+03 1.178365165513605746e+02 1.023237217294236530e+02
2.960475868057362277e+03 1.079182938178740301e+02 -7.064626395369798217e+01
2.754611567392683355e+03 -1.576891831842315241e+02 -2.579007153160270605e+02
2.448731483434540678e+03 9.074713958455359375e+01 -8.016319520232349305e+01
2.732624299474095096e+03 3.309643744425466707e+02 -5.724490961476297457e+01
3.064668977689966141e+03 1.964657067256681433e+00 8.285834841165178943e+01
2.746961679004073630e+03 -5.707268858559535829e+01 -3.543994027903058708e+01
2.447747581594500843e+03 3.430736453455115225e+02 -1.365675599097663167e+02
2.701648026985456909e+03 2.979878387278958485e+02 -4.605118473744134633e+01
2.447245315093524368e+03 2.821826239471951681e+02 -2.192527088824982116e+02
3.077814513802480633e+03 -2.046058497116843569e+02 -1.363414407073513246e+02
2.519519144430862980e+03 4.706316584483457746e+02 -1.781826908612518992e+02
2.325478869818560725e+03 1.426536740367733955e+02 -3.110571969726794919e+02
2.822780859318312650e+03 -4.540033149063801687e+01 -2.662831366572601723e+02
2.430966263677499228e+03 5.676617687039906741e+02 -2.395033717319519724e+02
2.890436323312233981e+03 3.370017309410154667e+02 -3.200358988397879756e+01
