2.638394705832642103e+03 1.338728601579112762e+02 -1.570145254119736364e+02
2.876440855103907325e+03 2.907397187609851130e+01 -3.448030063163522527e+02
2.715578107923748121e+03 1.528252153919413558e+01 -2.029776535935137360e+02
2.970174891898519945e+03 -2.228794103205749479e+02 -3.641734371777819774e+02
2.382001311429347879e+03 2.123330901175366137e+02 -4.243487641369694643e+02
2.785742245569752868e+03 -1.132320733662707255e+02 -1.046452807015719060e+02
2.635037955764289109e+03 5.358224692166114664e+02 -3.873353345459364618e+02
2.877221739206965140e+03 5.537987560828846512e+01 -1.391559349570865720e+02
2.610468262771644731e+03 2.703553840001313802e+02 -4.128118087647895322e+02
2.894970491055327784e+03 7.982937006406892522e+01 -1.885122948942853043e+02
2.549831310523619777e+03 2.654711884146273633e+02 -1.208018423421994498e+02
2.720198124940037360e+03 3.596906904357066992e+02 -1.269441689827475557e+02
2.860098166679926180e+03 4.694703886703723583e+01 -1.257179504699562358e+02
2.491680681738175736e+03 4.102257037320727591e+02 -2.830773565657458448e+02
2.626845574055216275e+03 -3.113262352855325048e+02 -5.237584912674027464e+02
2.632749426039554237e+03 3.768558924228690898e+01 -2.713192698431976737e+02
2.551292177052544957e+03 -1.023380516306503409e+02 -2.153661364856706371e+02
2.804402620825103895e+03 1.719507042819371634e+01 -1.232511615831115819e+02
2.453329141141349737e+03 3.933484895427266110e+02 -3.390299651877244287e+02
2.718992504713952258e+03 1.682407912165508037e+02 -1.053331535662076703e+02
2.521033455405818586e+03 -6.280130109573228481e+00 -3.677666528941625756e+02
2.471678311802943881e+03 -1.347743450251055890e+02 -5.288955181656575633e+02
2.805644147680283368e+03 3.760900461641051606e+02 -1.810660731467395976e+02
2.616305580795622063e+03 -4.447922625250859596e+01 -3.306623869107559699e+02
2.422105161337164645e+03 8.064420118192423104e+01 -5.549350542526823347e+02
2.699481288890830001e+03 3.712315177995925524e+02 -1.894615313957868921e+02
2.690923322143379664e+03 1.767184187666372281e+02 -2.302891309586236162e+02
2.740944995104543978e+03 -2.795636839033261367e+02 -5.110796310112758647e+02
2.887871391283235425e+03 -9.049137940348838072e+01 -3.721243542708237442e+02
2.439429909441577820e+03 1.891377376974759272e+00 -2.266406055810954285e+02
2.509789644162142849e+03 3.405643195239254055e+02 -2.280244757942409706e+02
2.723515894669238605e+03 2.686375712376401452e+02 -1.358692889210622070e+02
2.644137701326183560e+03 5.846189236747229643e+02 -3.458029823243693386e+02
2.271905807417916094e+03 3.656427700189933603e+02 -4.948853565423843861e+02
2.661250432948580055e+03 3.401812516838149349e+02 -1.017360660480663910e+02
2.755793372638082928e+03 4.673030228096603196e+02 -3.182351123181545063e+02
2.847202958630752619e+03 -2.301552512134893789e+02 -3.779010350184893809e+02
2.616780610013498517e+03 -2.506012165996546770e+01 -2.557964354583095883e+02
2.707682966331922216e+03 7.001625732806655833e+01 -2.493778267218568487e+02
2.755643278391605236e+03 -1.378140367600640843e+02 -3.071691798442302002e+02
2.497718082334401515e+03 1.300022635268167335e+02 -4.211880809460945443e+02
2.744121500286410537e+03 1.408280162577062526e+02 -5.212201057596576703e+01
2.504066948730971944e+03 2.519557496723252541e+02 -3.114205713327021954e+02
2.591572687059611781e+03 1.576834481301026472e+02 -2.432226454560502020e+02
2.784695605896382403e+03 -1.291706315241544587e+02 -2.674386897293197762e+02
2.668843496946361938e+03 2.424248554935391837e+02 -2.962865534673422303e+02
2.763216362164017028e+03 2.362054974266442855e+02 -4.130846424302905717e+01
2.604243999972464280e+03 4.401476214726258149e+02 -1.833264622094304741e+02
2.366977420324205923e+03 2.630489192768314979e+02 -2.884537799462775070e+02
2.730980136812198452e+03 -2.218458020570990357e+02 -3.351567080117554838e+02
2.479372145005148468e+03 -1.373756836385678639e+02 -5.226053809807298194e+02
2.573283650418821253e+03 3.778678983524026194e+02 -2.897090646922751489e+02
2.556959162499915692e+03 5.536004572198293090e+02 -3.161119085354141589e+02
3.034347479786928034e+03 -6.441790226977899181e+01 -1.253979773055234119e+02
2.910241199300661719e+03 -3.264570453199362987e+01 1.016045701253588618e+00
2.532172808044206249e+03 1.864625153845582872e+02 -4.961888863771501974e+02
2.537695913952711180e+03 2.760694342930495964e+02 -2.933655602806535398e+02
2.676088945523136772e+03 2.241240264507088966e+02 -1.684972644238563362e+02
2.788694017239410641e+03 5.049179854684499560e+02 -1.929777252019745788e+02
2.658770704879950699e+03 -2.430383683171565110e+02 -4.390425850432930019e+02
2.839786862432651560e+03 -8.928090398689134588e+01 -3.276129047248263078e+02
2.731012154000287865e+03 3.952825204512605524e+02 -1.920060211035724080e+02
2.626024509048132586e+03 -1.263857747905666997e+02 -4.821887542726410629e+02
3.025685469490946161e+03 1.728680729767675359e+02 -1.492831304097575185e+01
2.675180924397313447e+03 2.318096287460632539e+02 -3.885681717577191989e+02
2.620837424084900704e+03 7.698723331673863868e+01 -2.359998230545895694e+02
2.791817462283049281e+03 -9.190443889166476765e+01 -3.075964000203339879e+02
2.615573456777758111e+03 -2.083928030972768966e+02 -5.250399303351323397e+02
2.937139863545513890e+03 1.430615446829504549e+02 -6.787949746457138644e+01
2.797782726195168379e+03 2.386593160940644793e+02 -3.367877677547476765e+02
3.042694403340641202e+03 -2.138528856726893537e+02 -1.859464765484653981e+02
2.425320766665646261e+03 3.865086742704817198e+02 -5.125261600579408423e+02
2.387867669411592033e+03 2.337210750356039313e+01 -3.432857233554363461e+02
2.478019594873421283e+03 1.861512090739743144e+02 -1.211504841139299486e+02
2.600050558319622269e+03 6.466809075946798657e+02 -3.068487958563722486e+02
2.394102473203568934e+03 6.448345905738304396e+01 -3.927181629962773854e+02
2.599347795194664741e+03 2.922035446331111075e+02 -9.807512385828506751e+01
2.915120514789468871e+03 -1.960986427023655949e+02 -1.780778580659862769e+02
2.583443680664218391e+03 1.232990921003286076e+02 -1.977861666725969769e+02
2.624995939188081138e+03 4.842807027325830518e+02 -2.583976012339662134e+02
2.466458101707299647e+03 3.556838173417702933e+02 -2.471172601878451758e+02
2.483066594719789464e+03 1.518425397927309746e+02 -2.478516651588743116e+02
2.836477454242332442e+03 2.018690485758731086e+02 3.319285015783108861e+01
2.587724806166298094e+03 2.458508610793378466e+02 -3.531581799278419567e+02
2.354996527484609487e+03 2.815756517518337887e+01 -4.544262303294971161e+02
2.714290270378702644e+03 7.574258387197801312e+02 -1.916359296594733053e+02
2.833815490058185787e+03 1.776543079662949935e+02 -2.785155013632970622e+02
2.886861260013758056e+03 4.863463351945594582e+01 -2.600199796559938932e+02
2.595978268015233880e+03 -1.172431805864390242e+02 -5.425233758846828778e+02
2.482513013096270242e+03 5.172395584459505358e+01 -4.304632824676237419e+02
2.858818354560510215e+03 -6.554991071986555085e+01 -2.657221608742083845e+02
2.554443065842844135e+03 2.707507845716108932e+02 -3.600970232672935936e+02
2.929433934721330843e+03 -1.545528321938040506e+02 -4.007982690781507245e+02
2.649444657398206346e+03 4.527869133445847183e+02 -3.769808965018491449e+02
2.313650088962629525e+03 1.532339021992477228e+02 -4.865336701543842537e+02
2.537037460406826085e+03 8.065210839383948951e+02 -4.867894542147047900e+02
2.706016219923784320e+03 1.397148829897549263e+02 -1.218873536235731194e+02
2.439107524166573967e+03 2.681341923007984178e+02 -3.725115623974396613e+02
2.562517966481050735e+03 1.068167790057885327e+02 -2.960501608804723901e+02
2.506604741600441685e+03 1.697694372149543938e+02 -2.467243867438003520e+02
2.839961480648237284e+03 1.388806187357546662e+02 -1.944452686191280577e+02
2.737656276595777399e+03 -3.151994837543228556e+01 -6.574628244862364568e+01
2.618337737823682801e+03 3.130851762183002620e+02 -1.068104967330737622e+02
2.621417043562180879e+03 1.330745732104994659e+02 -2.495146145783887448e+01
2.550652895510010694e+03 2.627288349481661953e+02 -4.274881215506278522e+02
2.482211913432337042e+03 6.037826766620985097e+01 -4.090369109071187950e+02
2.513164109567671858e+03 -1.287394454487672135e+01 -4.539006906884411592e+02
2.405004375591805456e+03 5.991735088128142195e+01 -2.462408237898262655e+02
2.635055281878363985e+03 -2.327731359986582049e+02 -5.602051115406964072e+02
2.461423072592555400e+03 -1.993610982345131788e+00 -2.884369388048181690e+02
2.420547664465966591e+03 3.665708768305420335e+02 -3.085946543327804079e+02
2.685853930338323153e+03 2.828190623043090568e+02 -1.359840835296813566e+02
2.580368438113736829e+03 4.028518084028885937e+01 -2.117062444480105228e+02
2.533045036600063668e+03 2.904842206634109516e+02 -2.217021773868989669e+02
2.866544873044503220e+03 2.266609140038053170e+02 -2.471883294154787905e+02
2.394502106122124133e+03 -4.177224236598363660e+01 -5.240757998140240943e+02
2.721844981661789916e+03 2.454868424228225194e+02 -2.317657259868033179e+02
2.588686388424053348e+03 6.706695274541152685e+02 -2.736820699731382547e+02
2.591569689826239028e+03 2.349073627749060620e+02 -4.194743613364074690e+02
2.381839892661003887e+03 1.935787649314297596e+02 -4.861110620249997964e+02
2.838908079406300658e+03 3.102099981277432903e+02 -2.163295686087895433e+02
2.462532056082054623e+03 -2.042446701945668792e+02 -5.142305511677900540e+02
2.790907808830604608e+03 -8.786339187911394788e+00 -1.714081571579002059e+02
2.734381059083540094e+03 -2.371596944125051039e+02 -3.815431337540518371e+02
2.761447533403559191e+03 2.600248080051208532e+01 -2.671108817696340907e+02
2.500293397074708537e+03 2.869324137245629913e+02 -1.513355548128430428e+02
2.489989009846458430e+03 5.519430822775304932e+02 -2.899112750412181185e+02
2.822257226235857161e+03 2.105976623333963857e+02 -3.097013512833633513e+02
2.742174385506250474e+03 -7.933874985459779339e+01 -3.495100456175106274e+02
2.576421469833548599e+03 2.599010045690752122e+02 -3.024944509295023636e+02
2.650862665328575531e+03 1.337425681424070376e+02 -3.826144649332496783e+02
2.683000412536342083e+03 3.730987216238774522e+02 -9.642514669606421762e+01
2.557263076964849461e+03 3.729842077929886557e+01 -2.326352966723761142e+02
2.445822224689846280e+03 -2.152585455606315890e+01 -5.631211149089077708e+02
2.333187789547065222e+03 6.314606774821697854e+00 -5.466916335290644611e+02
2.534803287159097181e+03 3.498354905721825503e+00 -5.462856513584401910e+02
2.888415582260154679e+03 -2.522290291221268888e+01 -3.563088787515912372e+02
2.480667238024620474e+03 -6.250320502782150456e+00 -3.154717679795816707e+02
2.516962167943222084e+03 1.469257839807643791e+02 -2.493800189876997990e+02
2.634121627034360245e+03 2.528769162406541113e+02 -2.781542816873229640e+02
2.779559345594320348e+03 -1.395015971920007587e+02 -2.522106825519589393e+02
3.066656145918697348e+03 -8.813120696258970099e+01 -3.049070816663598862e+02
3.068199189239301631e+03 9.221556640776900338e+01 -3.488244562860202791e+01
2.413314858952632221e+03 2.911404900191030265e-01 -5.376860859833402628e+02
2.646485270441533430e+03 7.421838255294699138e+02 -3.566052229367599011e+02
2.716957481392056707e+03 4.494613937514429836e+02 -2.286984042968037443e+02
2.670357758814877343e+03 2.434612460667568143e+02 -2.765518396811116304e+02
2.537698834203811202e+03 4.848032680720667713e+02 -2.748562859065653470e+02
2.543083922362246540e+03 -1.952738729921298955e+02 -4.059548167446392313e+02
2.702418268302500110e+03 1.442828038018547829e+02 -2.941350357433985323e+02
2.578538182005870112e+03 5.291816935437228153e+01 -3.430465883267790446e+02
2.722709322117452757e+03 -1.014123940653433920e+02 -2.752415016198933699e+02
2.730708617613212482e+03 -1.649772343037347753e+02 -3.363070506284088879e+02
2.687629276556338937e+03 4.093640974492510765e+01 -2.575369328086533756e+02
2.886841348247754468e+03 -1.375813626470902022e+02 -1.848563982262580794e+02
2.930327218449266184e+03 -9.441790456939142473e+01 -3.062411036338793338e+02
2.699488018390507477e+03 1.217784376915332416e+02 -1.345622754230620046e+02
3.044487267773910389e+03 -1.001537660740517310e+00 -2.666860100030493754e+02
2.658664372116420054e+03 3.477128950250738626e+02 -1.288275836718709115e+02
2.478132701713808729e+03 3.617253445817997317e+02 -2.355943536468778916e+02
2.635511051444389977e+03 3.396400139388576349e+02 -3.146302257311216977e+02
2.909690029586919536e+03 -1.346328690042911802e+01 -1.862819353971614760e+02
2.762470548779426281e+03 2.228175445897986435e+02 -3.616108693889927395e+02
2.729691895299707539e+03 -1.496274102264870010e+02 -5.234213512409506848e+02
2.688456514314310880e+03 1.386656433892463838e+02 -2.229523906427026532e+02
2.601919006679408085e+03 7.530482743867264617e+02 -3.943195074279747701e+02
2.470164948194383214e+03 4.109458961138716973e+02 -3.095380569008824523e+02
3.002422893415629915e+03 1.679052371390458802e+02 -2.382520503152355928e+01
2.314101033390987141e+03 3.223411110607573846e+02 -5.549482413448332636e+02
2.665681214718950287e+03 3.427360357597505072e+02 -1.024825155034455832e+02
2.998583319285798098e+03 2.012542509766629450e+02 3.685549367375378438e+01
2.544478556285314880e+03 3.590841442127084520e+02 -2.934105712942470632e+02
2.403859795703750478e+03 7.171895257748803942e+02 -4.619299906578644936e+02
2.708047071392160433e+03 -3.137231946606972883e+02 -4.236434294373422063e+02
2.655759184496897888e+03 -1.439755463223471850e+02 -1.271695678908928357e+02
2.460019071883815741e+03 4.880575681704108320e+02 -2.858570075978512932e+02
2.434874526128572143e+03 3.945186480292487659e+02 -3.199445406068442139e+02
2.952622047733089403e+03 2.361237654168988058e+02 -1.751819931749683121e+02
2.337366585889501948e+03 -3.281119208972523182e+01 -5.030060257649192295e+02
2.459277066293870121e+03 3.328007501519758762e+02 -3.113061490212717786e+02
2.905636386685929665e+03 -1.349215101615645267e+02 -3.796946472483221413e+01
2.881867453157509772e+03 7.691425667748704882e+02 -3.137225356504835077e+02
2.681953091308264902e+03 2.524111570166780325e+02 -3.944534526377752854e+02
2.932947127420846755e+03 -5.388662011293356358e+01 -1.254061760907714103e+02
2.539309296960548636e+03 2.459887950616456749e+02 -4.302640024471323841e+02
2.760731677062808558e+03 6.798932706646530733e+01 -1.746090017275653565e+02
2.737074079353355501e+03 -1.391058641290226490e+02 -4.445543230350824047e+02
2.353766594989996975e+03 -1.535488629861099241e+01 -3.834267137382913688e+02
2.985246028114394448e+03 -1.656321005646312869e+02 -3.451140962323286772e+02
3.004838203943251301e+03 3.114031831753899269e+02 -1.024574785659882821e+02
2.522290379697413755e+03 4.752897592576472334e+02 -1.735321610551178821e+02
2.480245026926405899e+03 5.722621949498711729e+02 -4.255248861707403307e+02
2.744600199098521443e+03 8.189264778075809659e+01 -1.410594083477525373e+02
2.463967008834217722e+03 1.415429234935087379e+02 -2.415235607188826634e+02
2.395542097468210613e+03 2.988185804069553342e+02 -2.428478107351162691e+02
2.998009594306132385e+03 1.720881755646559697e+01 -5.325066444025168977e+01
2.670756995456124969e+03 2.337022081243412401e+02 -3.111297009362745030e+02
2.614003300610156202e+03 3.472389659882872337e+01 -2.454891240810494537e+02
2.929780884076126313e+03 1.718797016046167698e+02 -5.653336222617947726e+01
2.994258697865097474e+03 -8.618518226243006097e+01 -2.248812430691855297e+02
2.886381142913865460e+03 -1.481750346247482923e+02 -2.464568512298054657e+02
2.904300261804507954e+03 7.915577282119251379e+00 -2.093321305202252347e+02
2.987779512744190015e+03 -2.430501698335469882e+02 -3.623410011826713912e+02
2.743494694831058041e+03 4.468106818444072701e+02 -1.714520633502496878e+02
2.517080879977755558e+03 5.120474503428117714e+02 -3.646188883772599638e+02
2.629087365634300568e+03 -2.829690384992009626e+02 -4.674947690123102575e+02
2.755291851509766730e+03 -4.390625034108676061e+01 -1.276165171780843934e+02
2.820030954894954903e+03 -1.616566336312427552e+02 -4.179633376043941553e+02
2.962284346565088526e+03 5.205740525482866587e+00 8.701526879566657158e+00
2.908773405315194850e+03 3.954950999382290320e+02 -1.208581829761593127e+02
2.363315215663524668e+03 -3.850802718676216330e+01 -4.227189250112222680e+02
2.999266120637944823e+03 9.543826809614895978e+01 8.920773440941900390e+01
3.090731747921441183e+03 4.402534330946226504e+01 -2.894076573802711891e+02
2.603884282680698107e+03 1.813413932563728963e+02 -6.579582642771157452e+01
2.885444097261917705e+03 2.010965332086274771e+02 -2.268298072773960143e+02
2.800658725840917214e+03 1.497819964916706397e+02 -1.794392369376017768e+02
2.672842761376788530e+03 2.165800873310768679e+02 -3.007016784992817975e+02
2.707965662046029593e+03 3.545852010377828947e+02 -1.978044960390222968e+02
2.908326911323562854e+03 8.673564579984707734e+01 -3.047336734737671122e+02
2.573348615645214068e+03 -2.776967626004974363e+02 -5.076020625915886626e+02
2.854058817092120989e+03 -3.375228861861691030e+02 -1.394104728959054569e+02
2.386265751625075609e+03 4.867330167161964027e+02 -4.468306472035038723e+02
2.744574965856975723e+03 1.320903622657185679e+02 -2.773080458527418557e+01
2.735895132677509991e+03 2.764313670318446725e+01 -4.096503968072588577e+02
2.364788035638762722e+03 1.360020261832508481e+02 -3.589127986015805618e+02
2.509686503013641868e+03 -1.413733785347713763e+02 -3.210097200399000599e+02
2.911030789603448284e+03 1.755491487483635069e+02 -2.140814448725947159e+02
2.877351117338256699e+03 3.353970863819912438e+02 -1.014350988199256562e+02
2.940600820675350406e+03 3.186547543824992346e+01 -3.278288312913360869e+02
2.686039629480938856e+03 6.900384395415608196e+01 -1.670512682688805342e+02
2.685734001747023740e+03 -1.628876973013886698e+01 -4.690548955986446344e+02
2.556241842098848792e+03 1.926094950418143981e+01 -2.383316344225731029e+02
3.010278787080864731e+03 2.921955004284737925e+02 -2.242351787786832062e+01
2.773633236389601734e+03 1.548589768208146893e+02 -2.639077675583001792e+02
2.544547638367160289e+03 4.386849776005677768e+02 -3.156672631443029786e+02
2.616980961730475883e+03 5.052335017544147604e+02 -2.939692766688057759e+02
2.437536608315941066e+03 1.360806270003423890e+02 -3.911691693555393954e+02
2.895704752776124678e+03 -9.801654617652599200e+01 -4.077167115211249779e+02
3.021014012402156368e+03 3.711309093543067092e+02 -1.383331603489854160e+02
2.628494838274934409e+03 -6.245795582842917781e+01 -2.583072023149488246e+02
2.537028612807131140e+03 3.815395342364361113e+02 -3.565987489284778462e+02
2.638951195699610707e+03 -2.204948415758943270e+02 -5.547145722765026221e+02
2.654348865635475704e+03 2.046144760756995424e+02 -1.946348887438012696e+02
2.824473754655604807e+03 -2.419075772720154021e+02 -4.044437722423529635e+02
2.322652254877024461e+03 2.949353400023524046e+02 -5.588197536766441544e+02
2.457281998414681311e+03 9.487093064995937652e+01 -2.014831743105508792e+02
2.416338480613663705e+03 5.843018972611130266e+02 -4.614649093705303926e+02
2.560984103605614109e+03 4.966767010667093700e+02 -2.224203767513230048e+02
2.724647371116519480e+03 -1.818460796896978593e+00 -4.227140589769584267e+02
2.551509200394634718e+03 2.994529075510359917e+02 -2.928329432746555199e+02
2.488902429600937467e+03 2.982267651294686175e+02 -2.927567431305822083e+02
2.416586337834110964e+03 7.113277075954190423e+02 -4.988229591247541634e+02
3.058927136998962851e+03 -1.016368111055366654e+02 -1.044785064174145930e+02
2.677973657122255645e+03 3.581403351932799524e+02 -4.828000042487349219e+01
2.896247260065825230e+03 7.257742009609677325e+01 -1.948329680474607812e+02
2.731025937709753634e+03 -1.562441436390271292e+02 -5.096435101988254814e+02
2.476070959262210181e+03 6.930082345082345796e+01 -4.601106127789092284e+02
2.336105098822241416e+03 1.439302965039193793e+01 -5.324065278497068903e+02
2.725654329501040593e+03 1.842956158254903585e+02 -1.523250198964528863e+02
2.692675327998896137e+03 -1.857252912182838145e+02 -5.431932371207901724e+02
2.280655964882856097e+03 2.024198745320906028e+02 -4.928277350422035852e+02
2.822906451544316951e+03 2.235620066955230811e+02 -2.390042477067742936e+02
2.657367931673500152e+03 1.822022757303081164e+00 -6.178747462324400885e+01
2.611325520001477344e+03 2.326619129569207303e+02 -1.635023046840962593e+02
2.697240074428013031e+03 -3.068654651040157546e+02 -3.653639134641905457e+02
2.660517467409204528e+03 4.582232233856850598e+02 -8.710578044660833541e+01
2.463482723658702071e+03 4.822515188951496157e+01 -5.361938748588619319e+02
2.954451574685489959e+03 9.482895625730569122e+01 -1.951440509694025138e+02
2.638967083506998279e+03 6.127051137415983249e+02 -3.824309189630850483e+02
2.883629031878372643e+03 1.862412298241825965e+02 -6.724722677887575628e+01
2.581630993059005505e+03 2.056353484130178799e+02 -1.887246367628464725e+02
2.539884066325689219e+03 3.935595415406062898e+02 -1.300339733250547738e+02
2.308235558819670132e+03 1.620852177239090679e+02 -4.319518006107657584e+02
2.486367397713902392e+03 7.356399304126466632e+01 -3.759652537479608441e+02
2.738296752235193708e+03 2.747005622688012068e+02 -4.262637821228058499e+01
2.877557188278065041e+03 1.070798117123715087e+02 -1.259211441778887774e+02
2.681988318109122247e+03 1.989582492891944696e+02 -4.026593422949389378e+02
2.466091740414124615e+03 3.422969285611627015e+02 -4.605711157204625010e+02
3.096742641655268471e+03 -2.181768928616275218e+02 -3.921189632859246217e+02
2.426805585017525573e+03 2.580330993563129596e+02 -3.793751716209887945e+02
2.779416420737850785e+03 -3.397410323624891362e+02 -3.934564269108770986e+02
2.600591905501329165e+03 7.938131972858965923e+01 -9.883223796495443025e+01
2.846665961885895740e+03 -4.753355660304070796e+01 -3.593215047062919325e+02
2.682027291009199871e+03 3.078751087280806473e+02 -1.711177860762266221e+02
2.477911584530080290e+03 4.481166871310868771e+01 -4.124244281278772064e+02
2.560548222747398086e+03 3.595141215101332932e+02 -3.951847495753650605e+02
2.847923583196624804e+03 -3.870133667983320720e+02 -2.174316625704274202e+02
2.630294191071154728e+03 4.688161769526014382e+02 -3.343418109060892789e+02
2.817759502115259693e+03 5.042791011470439457e+02 -3.013738280455780796e+02
2.914448456413642361e+03 3.659943376056897080e+01 -1.076387771645730282e+02
2.655322151465155457e+03 5.172352832504963089e+02 -2.827187201992535392e+02
2.721943003098284862e+03 1.627096034707983563e+02 -2.901049689250844494e+02
2.629920545580631369e+03 -7.785832434283122439e+01 -1.884228953884974374e+02
2.891070082649249798e+03 -2.761832435683130029e+02 -4.767706009301745098e+02
2.796208805176394435e+03 -3.891325055214274187e+01 -3.788073876764445913e+02
2.722768986502664575e+03 1.193661483534896774e+02 -2.559522757991985600e+02
2.902603399964912114e+03 3.218838970478751662e+02 -5.168333928549098033e+01
2.596674435430984431e+03 2.233841259640450971e+02 -1.341601741786630555e+02
2.997110157245333085e+03 -1.519748045020020868e+02 -3.024431163592449252e+02
2.698322836925959564e+03 -1.133885141024833558e+02 -2.706835306996097756e+02
2.887953107528773216e+03 8.249139511175346797e+02 -2.851924134080288127e+02
2.445702208842576056e+03 4.491493991665782346e+02 -3.790746471323490141e+02
2.744026507454821513e+03 -2.068908728604341718e+00 -1.540899953636571809e+02
2.727033111097793153e+03 9.490899867061790474e+01 -9.133639158264905689e+01
2.572909782081164394e+03 3.115395420266792570e+01 -4.612344821689496257e+02
2.308268757968078717e+03 2.812201058948285208e+02 -4.667313669534710812e+02
2.516011673152736421e+03 2.078718932326018773e+02 -1.808130775867597890e+02
2.801499775547888476e+03 1.824111063406758717e+02 -1.110825343068538444e+02
2.753385498280249521e+03 3.140843864491057502e+01 -2.291420583954896131e+02
2.298758113617838717e+03 2.149590621192336357e+02 -5.262599193520678682e+02
2.450592639384170525e+03 5.880866298812261448e+02 -3.131018835511995917e+02
2.728091123448450617e+03 2.215177932981447668e+02 -3.075763069768739228e+02
2.555248839808072262e+03 5.580837247929321165e+01 -3.668290345965346546e+02
2.850189382777509309e+03 -3.136092492417697031e+01 -2.605925991336787888e+02
2.614738505930018619e+03 -1.127103529934457526e+02 -2.858690732439980593e+02
2.542609730789677997e+03 -1.215469239993610557e+02 -4.485598035085878905e+02
2.898864275726699361e+03 1.402935399873438769e+02 -5.286364033456376887e+01
2.355632827485413145e+03 2.267347734860035757e+02 -4.759977767868056162e+02
2.740058133163442108e+03 4.489132185423210899e+02 -2.393239157639051200e+02
2.814021632620561377e+03 -2.994701858390628786e+02 -3.665412470079160130e+02
2.363542339080398506e+03 -5.945118103163749623e+01 -4.275203176644118344e+02
2.837149498325018158e+03 2.929062755533490758e+02 2.365660381998901585e+01
2.662115533700784454e+03 4.172547768227562983e+02 -3.211431262358374283e+02
2.464389373519214587e+03 2.584333621044308984e+02 -3.310212609984394021e+02
2.641908396477763290e+03 1.771386823682468759e+01 -1.663945871861931778e+02
2.706496444527233052e+03 1.723111796835651148e+02 -3.212005928948709652e+02
2.713420313205765524e+03 2.875059658922281756e+02 2.405268291359175237e+01
3.084633992733390642e+03 -2.543045563217140170e+01 -1.872963984388298400e+02
2.682885999673829701e+03 1.891434249267492476e+02 -2.075627026877008063e+02
2.697433243801552180e+03 9.791033582942289115e+01 -2.145174357731456212e+02
2.742750486115976855e+03 3.583452712658249339e+01 -2.934970013331270593e+02
2.497333841355950881e+03 -7.515042728393427751e+01 -4.311453222933031952e+02
2.795178643443283363e+03 7.491959343311718840e+02 -3.198827910968860238e+02
2.490132055251634483e+03 7.677915815384838538e+01 -1.672428820093292074e+02
2.751427191566767306e+03 1.310311103491042388e+02 -3.585294463167117556e+02
2.451493575079261063e+03 3.305127390327876924e+02 -4.567740940562630385e+02
2.550679836569529016e+03 -9.910576674744315540e+01 -5.447574643730026764e+02
2.549392952279498786e+03 1.733701837946075273e+02 -3.608658486817116682e+02
2.801306224033090984e+03 -1.090956319636281506e+02 -3.640526208734964939e+02
2.543763735885363076e+03 -2.922083411023282906e+01 -4.903044373993435556e+02
2.819326338789000602e+03 1.221391263169307422e+02 -2.703220747488434199e+02
2.401349424836311300e+03 3.552142350016148384e+02 -3.916422489709849515e+02
2.843381652438625679e+03 1.141799881269019323e+01 -3.795210456313861869e+02
2.583305712739063893e+03 6.116928998340059564e+01 -2.204259523496559439e+02
2.613410405764584539e+03 1.852929918562727494e+02 -7.663637439125014339e+01
2.897111695733383385e+03 -1.421451586848955628e+02 -3.970466124972796251e+02
2.615968590431981283e+03 1.214141945110876861e+02 -9.970024560321071760e+01
2.682416477669920368e+03 -2.937664287758744877e+02 -5.142149263968410651e+02
2.660287301247966752e+03 3.081301505046229749e+02 -1.031028735830484777e+02
3.102455007514013687e+03 -1.120878931353193479e+02 -3.171066817698189197e+02
2.889416608538147102e+03 2.425450516062090571e+02 -9.227478922609412848e+01
2.679366907868433827e+03 1.818342870369558000e+02 -2.606929908241498310e+02
2.510172387108140811e+03 3.006802189273190606e+02 -1.886007817745886541e+02
2.521670868676509144e+03 7.357149911151718413e+01 -4.002004829352895143e+01
2.400112901984286964e+03 4.653505064355892955e+02 -2.852334130159527490e+02
2.563985183315437098e+03 9.934836806420292987e-01 -3.150002072088491900e+02
2.647931570798716621e+03 -7.690910998984688263e+01 -2.916728434817646303e+02
2.708858642064766627e+03 4.028684827905915427e+02 -2.166929239096166100e+02
2.708760477891315986e+03 2.647051834092700062e+01 -3.395529259166144129e+02
2.585318666394740831e+03 -2.518235448283613209e+01 -3.337203722975298206e+02
2.589125183271262813e+03 4.817909791846387861e+02 -3.020912666484737201e+02
2.689937575765345173e+03 2.347672431516028979e+01 -4.117712921476087331e+02
2.526437965446788894e+03 9.711158810512627326e+01 -5.640737060307560569e+02
2.294004716923757769e+03 2.783412821481074957e+02 -4.862649693644313516e+02
2.569569449349784009e+03 5.637971175004499855e+02 -2.926157733784108359e+02
2.511171307420574067e+03 1.106653873318156229e+02 -3.741729300362727031e+02
2.455089721703127452e+03 2.816153812448052918e+02 -3.000566156695649624e+02
2.464153808334125642e+03 3.036411619045296106e+02 -4.831691377151609004e+02
2.655987194691562763e+03 2.207945477255854030e+02 -1.752533884090926790e+02
2.476447981397463991e+03 5.719446356791693375e+01 -4.585344115807864682e+02
2.576433940772166807e+03 -2.795410476238606634e+01 -2.371448438738543416e+02
2.599860705717870133e+03 -2.071876573959771122e+02 -4.806497844673051532e+02
2.353356961102892456e+03 4.286072923225650015e+02 -3.612778835488451250e+02
2.470207064624752093e+03 2.452377085447672300e+01 -4.595959000004954760e+02
2.462479807078572321e+03 4.606589768463470023e+02 -4.105200710677257803e+02
2.476761861603654779e+03 3.614717575734022148e+02 -4.133600096529590928e+02
2.795110439712002517e+03 3.560912815264450728e+02 -2.755718749585321916e+02
2.568863753898194773e+03 7.386154221880318573e+02 -3.035172419751539223e+02
2.736987105877185968e+03 2.730642344020113654e+01 -1.085661689620353627e+02
2.407412612668237671e+03 1.758977141409716296e+02 -4.372565291887013927e+02
2.860173460836727372e+03 3.548433508699789627e+02 -7.566766161533190882e+01
2.462044751491642273e+03 1.972829301803018041e+02 -5.399146942172295667e+02
2.651323378328454055e+03 2.282143421132394110e+02 -8.856925939523216584e+01
2.274091820643455321e+03 4.309583971574058978e+02 -5.009593849521103834e+02
2.486280683686793509e+03 -9.620474510386382860e+01 -4.177207795615412351e+02
2.710116432942136271e+03 -1.473192742732734928e+01 -1.098322726514625458e+02
2.832317843742274817e+03 -3.122796828669003730e+02 -4.683024356201476053e+02
2.886516268527619104e+03 2.725919057944337851e+02 -8.610411244849613865e+01
2.343090028972388154e+03 -5.097999950053834084e+01 -5.160041704124324724e+02
2.714098488143339182e+03 3.072569332884609139e+02 -2.086316290175697077e+02
2.687098728022458545e+03 4.522396778204671364e+02 -2.136179651485992963e+02
2.550229527855524793e+03 -4.213409725710845066e+01 -4.515249341048202041e+02
2.574030271313295088e+03 9.606991252478451315e+01 -1.273905582288238918e+02
2.592830956080400938e+03 3.671545015571472277e+02 -7.483835500959625620e+01
2.708945903640146753e+03 2.776273872568169168e+02 -2.670874665381895170e+02
2.783179515535497103e+03 2.482456501937045346e+02 -3.421252398505527594e+02
2.519475341901325464e+03 5.533113381828943602e+02 -2.578801754971644868e+02
3.150580904096284939e+03 -8.017970252297250511e+01 -4.843172755449069200e+01
2.407725233699393357e+03 2.872450815840036284e+02 -3.740200522331043658e+02
2.415458692436059664e+03 -2.323186893664487229e+01 -5.041164113247599516e+02
2.923485571565619466e+03 9.840128136596186437e+01 -1.879327017658222871e+02
2.575133311371839682e+03 2.157296600819431660e+02 -4.036207029434560241e+02
2.718597276285224780e+03 1.701013657826218832e+02 -2.881054033070989817e+01
2.540414851770469340e+03 -2.656604342046650800e+02 -5.513099004667593590e+02
2.326002642061299412e+03 8.271434644627490229e+00 -5.198589678240741705e+02
2.547695294964094046e+03 4.081643115207757546e+02 -2.812886066363160467e+02
2.664701425719475992e+03 1.399166722471250068e+02 1.758484088010462187e+01
2.612085562134468546e+03 1.960052962768247369e+02 -9.348996778405444275e+01
2.737808847188979598e+03 7.490131640949830398e+02 -3.025671501883682026e+02
2.913769888675815764e+03 7.519146569639008959e+00 -8.678429319715917245e+00
2.316193497134378504e+03 3.751537261825090468e+02 -5.148611287746573453e+02
2.915340599159233079e+03 -2.290512036333794299e+02 -1.741669365336018132e+02
2.918079664285171475e+03 -5.565261483246394647e+01 -1.558862884758506198e+02
2.620638473375056947e+03 4.888176412129096207e+02 -3.702966190065408796e+02
2.696758691498279404e+03 5.103844694168595311e+02 -2.886561198464223708e+02
2.417919360751202476e+03 3.862430305386543523e+02 -4.184093292271613223e+02
2.539711496319387606e+03 4.791666337970608680e+01 -3.340603371012896901e+02
2.363110489500393214e+03 2.566549523762108720e+02 -3.208244724652176956e+02
2.658613456947751274e+03 -8.024344349493019024e+01 -4.606802716833907425e+02
2.415268816042827439e+03 2.080250216576149569e+02 -3.015250538800526101e+02
2.870106342733467045e+03 -2.425336326364672246e+01 4.765144858746099032e+01
2.637493188123842174e+03 -3.484505982129982158e+02 -2.665208881546453767e+02
2.826629275861000679e+03 6.452260176081897498e+02 -2.496559002788673070e+02
2.983212092113581093e+03 -1.246434751038528930e+02 -2.004520286804703062e+02
2.802257455803915946e+03 -1.999277684256825296e+02 -5.206915383804920339e+01
3.015733699737978895e+03 -2.061664487811668209e+02 -3.397267310814642087e+02
2.459810344260157308e+03 9.755411902234207844e+01 -5.245168812224776502e+02
2.424099047235601574e+03 2.040978912970479371e+02 -3.486787253941183167e+02
2.513824085309013299e+03 -2.529674374927005545e+02 -5.429495683842721974e+02
2.776242063769986999e+03 3.113233712690607149e+02 -1.001053010278152584e+02
2.456303063510584707e+03 4.944455659899787037e+01 -4.616013720910262919e+02
2.781890919846955967e+03 -9.302583414816444929e+01 -1.865319448448346407e+02
2.508152371447439236e+03 -2.224413741421066675e+02 -5.599079122538190632e+02
2.800804671477500960e+03 -2.302586026907277983e+00 -4.078816300719660717e+02
2.949825741323406419e+03 -1.287931805308838875e+02 -3.225172998868837908e+02
2.635500345829179878e+03 -8.413905122024675620e+01 -3.313391842224329480e+02
2.570597629694628267e+03 2.347341402151317880e+02 -1.790128874290997487e+02
2.566305273787039823e+03 1.500137609857899292e+02 -3.183652485583267548e+02
2.781633050796018779e+03 3.965348365808128506e+01 -2.135080997502432751e+02
2.681338674059732966e+03 9.769507823878103636e+01 -3.325339110026648086e+02
2.583419872219790705e+03 -6.430813860089868683e+01 -1.592145435952822368e+02
2.505145772161969944e+03 1.685130501799611409e+02 -5.218199624171918458e+02
2.635655975256679540e+03 2.572247668868720893e+02 -3.077570902220223275e+02
2.758544823099112818e+03 3.244259034798221819e+02 -3.455896305506845465e+02
2.437533875112914302e+03 -5.149029953037005924e+01 -2.412653958925635038e+02
2.618332650375234152e+03 -2.532949097281336321e+02 -2.939683791814611027e+02
2.781156672769389843e+03 1.976329091210978106e+02 -2.625637789136795845e+02
2.637852975460689777e+03 -2.854042783001642647e+01 -4.882585773017623296e+02
2.631436576783788041e+03 3.700981361473308198e+02 -3.270209131428259752e+02
2.709855765767815228e+03 2.187015484522781037e+02 -3.052067011608008897e+02
2.310987330055900657e+03 2.599416710763390483e+02 -5.032688042248456668e+02
2.617316768570007753e+03 2.876467509390002419e+01 -2.531933392671253102e+02
2.496496096396798748e+03 1.949061929725758446e+01 -2.062142996853690704e+02
2.493921651365446905e+03 -1.625482680420085728e+02 -3.330426090376046204e+02
2.856604802478918828e+03 2.840030632343560058e+01 -2.163175448532436747e+02
2.428381097434051753e+03 4.793968038314205842e+02 -2.494228991436689853e+02
2.795079151137819736e+03 1.317045094767365185e+02 -2.707291497634780626e+02
2.777488911117134649e+03 2.556037369337751102e+02 -1.785526394314558161e+02
2.654247931668975525e+03 3.229220464999655746e+02 -2.958428039652930011e+02
2.592626509252332198e+03 -1.123060167150219399e+02 -3.791391216315803945e+02
2.881788462819599772e+03 -1.907842099186098039e+02 -3.575540548587021021e+02
2.275317983539819579e+03 1.131926585973367025e+02 -5.598301462903498305e+02
2.502616463163581102e+03 1.753010072646409867e+01 -5.686220501078781808e+02
2.546358908248926582e+03 2.345399956633687566e+02 -3.035210690436616687e+02
2.467480540619220847e+03 3.978709696042344603e+02 -2.246091761943382323e+02
2.652645719280140383e+03 -2.837583816447174740e+02 -5.190214631571062682e+02
3.042341469966724162e+03 -2.128156582929687488e+02 -3.504063401883761344e+02
2.793787399806534722e+03 -2.870678660146754879e+01 -3.132135738143735466e+02
2.825641833966694776e+03 3.230366899463036248e+02 -1.245768899061434922e+02
2.952908947219826132e+03 3.297719158922298988e+01 -2.701392740082096680e+02
2.440341409148832554e+03 4.644411153860041850e+02 -3.788921175609269767e+02
3.005619632204191021e+03 -1.658660464194124984e+01 -1.803043686048215477e+02
2.368056435698184941e+03 2.206414615453829526e+02 -4.011805098048970422e+02
2.544954772111180773e+03 1.115939893708785178e+02 -1.599426542174689700e+02
2.840741082783788897e+03 3.348617210227141072e+01 -3.042868426959302610e+02
2.426560802086749845e+03 1.206822358968899067e+01 -3.171660657471170452e+02
2.432369538820612433e+03 6.010278311070312611e+02 -4.649744464232124983e+02
2.408538546579270132e+03 6.466022578321224046e+01 -2.885425882005870335e+02
2.901067962603985507e+03 2.997750253816832355e+02 -9.662931109752406655e+01
2.566861794460119654e+03 3.287840242658984948e+02 -3.833809917674137182e+02
2.470400322059523205e+03 1.312790813965005441e+02 -4.197975919685671329e+02
2.460462166055094258e+03 2.397249138111527031e+02 -3.911359974901172336e+02
2.820937244417581041e+03 3.026355116885200687e+02 -9.164694080405277532e+01
2.730250344266774391e+03 1.494734847355471743e+02 -1.335467127696761622e+02
2.845400033748487203e+03 8.666436681954260735e+01 -3.085609074729682675e+02
2.522480392575635051e+03 4.690099197077428244e+02 -3.224297435594740477e+02
2.887121342874865149e+03 1.358274519904155113e+02 -2.356130932974771781e+02
2.670992725153690571e+03 3.572725167909806743e+01 -4.245784495632372568e+02
2.713488994889293735e+03 4.387190659129305459e+01 -3.188213167891382227e+02
2.730049358802234565e+03 -3.438034546542456127e+01 -3.650735763200536326e+02
2.434346974335429877e+03 2.083769499652451600e+02 -3.377468203809806937e+02
2.781969704047844516e+03 -1.210397661973336909e+02 -6.043985352703128910e+01
2.918250164117959230e+03 8.028434978140759881e+01 -2.999162167506998458e+02
3.017097430485867790e+03 -2.349546267982591417e+02 -3.628227324490140404e+02
2.938025244728143207e+03 -4.882759501228078136e+01 -3.708445779577646704e+02
2.538253619265092766e+03 5.163812542966207957e+02 -2.697145920054076100e+02
3.017248254225687560e+03 -7.581862211797208317e+01 -2.007168155783845975e+02
2.607435603495323448e+03 -3.046739435359372123e+02 -4.836745064524185409e+02
2.729562993242087487e+03 4.763115886320047707e+02 -1.781943437206361409e+02
2.720881141216525066e+03 1.539025623502295730e+02 -3.073751216447310526e+02
2.720944472214582220e+03 -1.266963415506928357e+02 -6.391256773106874789e+01
2.601568048445667955e+03 1.591033238068921492e+02 -2.881008843287266927e+02
2.424382066281359585e+03 1.218713819586084526e+02 -5.098158204748800131e+02
2.881561738065075588e+03 -2.146534296933130292e+02 -3.762840081497009237e+02
2.881713291603492053e+03 1.534527193720723517e+02 -2.065461534399347556e+02
2.251516771806440829e+03 2.901421456619484047e+02 -4.529107272918388958e+02
2.660376620150228973e+03 3.772791855640451217e+02 -2.205138765505865877e+02
2.681543194032958581e+03 3.606304619602983053e+02 -3.613139081861496038e+02
2.447667450405374893e+03 -2.010063207039231656e+02 -3.999878854385468117e+02
3.039510245587293412e+03 -3.284156223411728206e+02 -3.321402788941647373e+02
2.973980532910646161e+03 8.220561443019354897e+01 -1.810437667040120573e+02
2.720443621687458744e+03 -6.094095144466007241e+01 -2.937125077828114286e+02
2.509560844752299090e+03 -1.445178817314772175e+02 -3.625505354103548257e+02
2.844112198410711699e+03 2.041165028604630720e+02 -2.152363917982318924e+02
2.375421340341924406e+03 7.044695560340659313e+01 -3.111065138124207579e+02
2.593194909580654894e+03 1.328226245024789591e+02 -1.712223134451242004e+02
2.481258575757027302e+03 5.162954867252561826e+02 -3.789938858203666427e+02
2.837573656522814417e+03 1.764030034098788633e+02 -1.875308850957356412e+02
2.418440786517643119e+03 4.218841401967975457e+01 -4.338617500400213203e+02
2.559814073548233409e+03 1.057355685104969893e+02 -8.525794381296390156e+01
2.482631352082357807e+03 2.581152672180773493e+02 -3.943338474828199764e+02
2.538805540616553571e+03 1.843868285485816045e+02 -4.240204232722208531e+02
2.503304074306781786e+03 4.055940048760494676e+01 -3.532801067622266942e+02
2.869548572640658676e+03 3.346297047737964476e+02 -2.021525791028265644e+02
2.962395115994633215e+03 -3.348592849664752862e+02 -4.332825071045663208e+02
2.716785924799187342e+03 -1.524177282338174564e+02 -3.960205075031540218e+02
2.850922017875369875e+03 -3.840568595596577950e+01 -3.614319725514443462e+02
2.610854818628067278e+03 -4.009672082592693698e+01 -5.233786785410470657e+02
2.443588791792989923e+03 -6.329362836711622009e+01 -4.540648066578933708e+02
2.643967909775707085e+03 -8.039669363138008862e+01 -2.125752981072169234e+02
2.381442445890404088e+03 5.151654165257554041e+02 -4.916240118286095822e+02
2.524350711605065953e+03 4.192595566431953671e+02 -3.460242824255296341e+02
2.407663342411225585e+03 2.170852509571570721e+01 -3.609353230121160436e+02
2.778107276642613215e+03 3.144633670805138195e+02 -2.360681503174511420e+02
2.491070817513533257e+03 5.670155614129838568e+02 -4.169930630013080304e+02
2.642505914788842347e+03 -2.248767970414057800e+02 -3.923817501481143495e+02
2.688313694074260638e+03 -6.330409062613942694e+01 -4.025288680674213992e+02
2.712669265261176406e+03 -1.007940585485174978e+02 -1.502102284376156263e+02
2.826740085240369808e+03 2.128131870957155911e+02 -1.547187082347591058e+02
2.398582395257332792e+03 2.432868930906940648e+02 -2.867700728897204385e+02
3.034873147125418654e+03 7.075019758162120809e+00 -2.994804361236177783e+02
2.446602923899005873e+03 4.602210100865265190e+02 -2.388965437121823925e+02
2.792849000758866168e+03 2.560433736077463323e+02 -5.107404921730251601e+01
2.915732876874322301e+03 -8.071971326278060133e-02 -9.032536470114784777e+01
2.588597119670951997e+03 6.055268532399392143e+02 -3.839239344934098881e+02
2.628096700683456220e+03 -6.225432048374722172e+01 -1.306915401063782838e+02
2.696512158069728230e+03 5.181391792888736063e+02 -1.550003645082264825e+02
2.756326763273463712e+03 -1.049653556773410372e+02 -1.575385866116501177e+02
2.968083895452076831e+03 -1.589160529510386652e+02 -1.568235116219612735e+02
2.659600086377254229e+03 -3.040556232300254891e+01 -1.308956208484810873e+02
2.729469434579785684e+03 1.043760426971947055e+02 -1.029072103582868749e+02
2.828888820172072428e+03 4.566079395289339686e+02 -2.764852539663372681e+02
2.365417019719015570e+03 3.485350015722248145e+02 -3.207649435834158567e+02
2.522743777132377545e+03 -3.050870191319523883e+02 -5.366459725993829579e+02
2.567598911102174043e+03 -3.672246347221778251e+01 -2.362663387586425756e+02
2.449372403818122166e+03 -2.208246519641974004e+01 -4.819898803844145050e+02
2.501769509126529101e+03 -2.235974883439899230e+01 -4.180985404652034845e+02
2.710647278575138898e+03 2.625498560321187824e+02 -7.150672427776217432e+01
2.552583316759537411e+03 -2.886784054062640053e+02 -4.563551759613152399e+02
2.709592361723210161e+03 2.243691978507450813e+02 -2.913964168517114217e+02
2.675545658060620553e+03 4.909898182828177369e+02 -2.701182730178612701e+02
2.887857331285173132e+03 2.135591164203463279e+02 -6.916389878315685280e+01
3.085965669421656912e+03 2.800759080131841756e+02 2.769091081218093109e+01
2.950690932063645505e+03 2.876759056785753046e+02 -1.401449958536778126e+02
2.604989883647492206e+03 5.457558393540407451e+02 -1.428778801040180326e+02
2.649045904205448551e+03 -1.598360181385235137e+02 -4.921518328772014002e+02
2.615750248625260610e+03 -1.134984666537084053e+02 -1.965039634395192820e+02
2.486258223030594763e+03 -1.672382733869616231e+02 -2.792403219943635690e+02
3.087070836584781773e+03 -1.374222989163664579e+02 -3.306378785062937453e+01
2.645158749904576780e+03 -5.376380467779556227e+01 -4.381387181946188321e+02
3.059899477401875174e+03 -1.967405758873956358e+02 -3.122715826946858328e+02
2.555759304153301855e+03 2.213414374870847894e+02 -2.459406527722431974e+02
2.544722269784323089e+03 2.851308269296036428e+02 -9.919095808821589344e+01
2.601345397866402436e+03 3.530312813951381941e+02 -3.718166447550757425e+02
2.726718622199188758e+03 8.780022213622916638e+01 -3.847713034108642773e+02
2.662793287805827276e+03 5.848115103395443839e+02 -3.436717280227827587e+02
3.014168588867088602e+03 1.063799055876645951e+02 -2.090275306922331566e+01
2.680408430044967645e+03 4.803094309580646950e+02 -3.327302636886847722e+02
2.568287254787553593e+03 7.585309595750287599e+02 -2.247314035369051055e+02
2.613512550804217426e+03 4.015635525510373327e+02 -1.125623246212579005e+02
2.965195557916503276e+03 3.453776082895374202e+02 -1.362070317451648975e+02
2.296204209327162516e+03 4.182570143022625189e+02 -3.917480218653894894e+02
2.558020599201901405e+03 3.816452624203963069e+02 -3.561708336401189285e+02
2.424908083679116771e+03 2.944416035471074338e+02 -2.351508645174516516e+02
2.491930339017076221e+03 6.250537627166348784e+02 -4.145535380219377544e+02
2.884842155405651738e+03 1.594616054994983756e+02 -1.655528900133864454e+02
2.539224403444113250e+03 -5.287382755725970185e+01 -4.550986487491853154e+02
2.482696427892478368e+03 1.622052784992450540e+02 -2.872591869791115187e+02
2.846670268590601154e+03 -1.934308741862112129e+02 -3.141335859646025028e+02
2.604184511764802210e+03 -1.173214479706998361e+02 -4.078000618329932081e+02
2.821454937648835767e+03 -3.664318877420694207e+02 -3.620514565312809054e+02
2.863593542981849623e+03 -1.198277049994904218e+02 -4.085314586313328391e+02
2.499848811918942829e+03 3.927315611869279337e+02 -2.802688204915211827e+02
2.687829417085323712e+03 -2.825546474362143954e+02 -4.885372427231416737e+02
2.859715009286590430e+03 4.048614392057213536e+02 -2.204949580344305105e+02
2.688157413588161489e+03 3.937019216585479171e+02 -1.921144431961157011e+02
2.345103670229648287e+03 5.567562649315484578e+02 -4.458131541277829797e+02
2.310104851525313279e+03 3.544271647260013083e+02 -5.357844934314294960e+02
2.906177789566649153e+03 -6.525866029478578412e+01 -3.924984012728856442e+02
2.507135350342346101e+03 5.647191994395050187e+02 -2.469143144216648977e+02
2.547854357624784370e+03 -3.048137867254183675e+01 -2.920403957543139768e+02
2.632364359506276287e+03 -1.093404005365312912e+02 -3.581601992657890605e+02
2.362887894615154892e+03 1.874659452685596932e+02 -4.081761332416419918e+02
2.469534894603780685e+03 -3.301808863196367838e+01 -1.142075300947672361e+02
2.958544660976722753e+03 -6.547243323259624503e+01 -6.816423003958072968e+01
2.742646686092176878e+03 4.052249238963067342e+02 -1.995133326824778237e+02
2.778153758681331510e+03 -3.612313335297140782e+01 5.460159096421079994e-01
2.642212029804704798e+03 7.524757112844287121e+01 -2.724099904936577445e+02
2.662071936305456347e+03 4.607758530334744052e+01 -4.044794724259726877e+02
2.723714987742511767e+03 -5.791424149192398829e+01 -3.426966537630027574e+02
2.632796640623456824e+03 -4.642020622244555028e+01 -1.941024138197913658e+02
2.481520611557178654e+03 9.830375163734969135e+01 -4.480733474684445241e+02
2.737359223113745884e+03 7.210597379410233998e+01 -1.557648591353364225e+02
2.773433007091484797e+03 3.596863936056966509e+02 -3.249170195615000125e+02
2.539597780899026020e+03 -1.371337705688990809e+02 -2.974531904256178905e+02
2.352304463246663090e+03 3.999885852440201006e+00 -3.830808405412428783e+02
3.034886943115668601e+03 -7.188660051201149770e+01 -2.944507420594360383e+02
2.918680557955283803e+03 -2.235806109450353745e+02 -1.981743212353262606e+02
3.008677983952307841e+03 -2.113425902948745545e+02 -3.769171783264364421e+02
2.629182818702957775e+03 6.398846288614225131e+01 -3.569765207734604928e+02
2.804704361056717516e+03 1.362609167016353950e+01 -3.427177941567728112e+02
2.363467481226463860e+03 7.059203475595564896e+02 -4.793182235856088482e+02
2.498197102025406366e+03 9.572447134831818971e+00 -3.511555208601355957e+02
2.536099452115040094e+03 1.511307082137834357e+01 -5.348645872923666502e+02
3.000882767695343773e+03 2.477323025887022538e+02 -6.501579253231673761e+01
2.314841230414585425e+03 4.168449170731052789e+01 -5.680821601873395821e+02
2.686673751007319879e+03 4.523445307518808249e+02 -1.953558499200593701e+02
2.517669435852006700e+03 4.531735556462784587e+01 -1.882180668338688179e+02
2.865626161061645689e+03 2.418742264323820734e+02 -1.361826106073711173e+02
2.467260296202684458e+03 5.591564818211941201e+01 -2.435114303241402638e+02
2.704798368927819411e+03 -6.783743519550350243e+01 -2.908709819904945562e+02
2.918444952806361925e+03 3.486446068364850248e+02 -1.008123334863287255e+02
2.735324827202196957e+03 -1.372893002188953062e+02 -4.000648762682732809e+02
2.526198658073514252e+03 5.387589438102119033e+01 -2.629428524132251823e+02
2.343118634943604775e+03 4.812723472078806708e+02 -4.487342819543733299e+02
2.672290579365440863e+03 1.200625427099959808e+01 -8.443380947914394596e+01
2.404458472609904675e+03 1.738454407461548783e+02 -3.648491867310254975e+02
2.685575421174792609e+03 8.590144513842261631e+02 -3.975570916099861734e+02
2.557234297509061889e+03 1.773034247368359217e+02 -3.925392774925772414e+02
2.422451125898833197e+03 -3.794183025548240096e+01 -4.181249370189656247e+02
2.624757694355186231e+03 -1.583464348028874724e+01 -5.201542285122642397e+02
2.501995569728461305e+03 6.674168034335806965e+00 -2.287175724167121302e+02
2.593749700570162076e+03 -6.649630283432888689e+01 -2.854567615536741414e+02
2.318690182858435037e+03 1.567291710766771757e+02 -4.352636538230755718e+02
2.668308109862929996e+03 1.423940717499154687e+02 -2.562290404751644246e+02
2.552289931906686434e+03 1.177864561252800684e+02 -1.789681486633441239e+02
2.806157396204976976e+03 2.835088400614252464e+02 -2.075333161169324114e+02
2.742079410894666125e+03 -7.840317953780439097e+01 -2.789755422952829917e+02
2.446274914921393247e+03 -5.120066784753873890e+01 -4.679211708384591475e+02
2.818575998512278602e+03 3.057975490673117633e+02 -1.697690246612947362e+02
2.345397922412930711e+03 1.552779548027220926e+02 -4.392090069307464546e+02
2.758165135304988780e+03 1.109119755838735273e+02 -1.093775246662326310e+02
2.473105842109089281e+03 2.303624488015641987e+02 -4.310396546197700900e+02
3.117163239785737460e+03 -1.713365515208418799e+02 -2.868802377883063173e+02
2.856827969196038794e+03 -4.778440312925480526e+01 -2.162372797888059495e+02
2.844083298313369141e+03 -2.560466413790847469e+02 -3.056235792022449118e+02
2.612483183993473176e+03 7.114431215760970417e+01 -1.229997552160374568e+02
2.932584171729760783e+03 6.364374800150146712e+02 -2.918342095792424402e+02
2.560437160462180600e+03 -3.703601664276348515e+00 -4.972794585557962819e+02
2.508848010289629656e+03 7.698271590289510868e+01 -1.984732934962189006e+02
2.676346722541768941e+03 3.175093609804461607e+02 -3.830025307062426236e+02
2.698737935636319435e+03 5.165558137610602216e+02 -2.920068218359402294e+02
2.945208934184537611e+03 -7.334038567091658933e+01 -1.558515937740034190e+02
2.470414597831329957e+03 -1.494736048974842788e+02 -4.236267664262608150e+02
2.452399216375974447e+03 1.802791273400911791e+02 -2.863191191284222441e+02
2.628699889303526106e+03 -6.738495034262324168e+01 -3.140540987511060962e+02
2.589166214960489015e+03 4.795336647870845468e+02 -2.972054674497836686e+02
3.155443839908305563e+03 -2.392805510014794095e+02 -3.115164658389480792e+02
2.408720714018913441e+03 3.813615829485344761e+02 -2.695526736009716160e+02
2.705116164203191147e+03 4.136641247231972329e+02 -1.122975812890641976e+02
2.799580480270556109e+03 -1.532883401963183019e+02 -4.030594680590938310e+02
2.541988791644985668e+03 6.467331350201723694e+01 -3.225017610056734725e+02
2.437822167840130078e+03 3.394607240064871121e+02 -4.173879350261776153e+02
2.707355550362979102e+03 4.544935638259563575e+02 -1.533892137184625426e+02
2.484991276763936185e+03 2.435804729670745985e+02 -3.948550107095284147e+02
2.624033837105581824e+03 9.068093077727161244e+01 -3.293873114190610067e+02
2.733720602488002442e+03 1.606314055357076143e+01 -1.547037264305580777e+02
2.704691984856244744e+03 2.193100844061534076e+02 -5.207972350513322368e+01
2.544760137775631847e+03 4.663881310818859447e+02 -2.734944793492285839e+02
2.512800518234075753e+03 -3.391876883406331444e+02 -4.695118202354881305e+02
2.411663307407186494e+03 1.446063712040183304e+02 -5.189833676240248224e+02
2.537968401639375770e+03 5.746906193222614547e+02 -2.533231392286283210e+02
2.658868324821818987e+03 6.094116581258759879e+02 -1.310637932537609629e+02
2.768883751506323733e+03 -1.916981383139654156e+02 -4.465486249489313195e+02
2.723290194755928042e+03 -5.266698325054030505e+01 -3.458461185253784720e+02
2.935024675584593751e+03 -1.302194818634526143e+02 -2.674340620004055609e+02
2.716738320648416448e+03 -1.375747225511516660e+02 -2.732930295412288046e+02
2.627768930842931695e+03 -2.051134060594525863e+02 -5.299481043066086841e+02
2.418202606333059975e+03 -1.205190648441535828e+01 -3.400479059987754340e+02
2.596782376464572735e+03 6.255087201696916281e+02 -1.861261955039097415e+02
2.718421162774525783e+03 4.057920828689413639e+01 -1.333539920236246417e+02
2.444859637262230081e+03 3.849834476267413379e+02 -3.554200634203954223e+02
2.389691795898744203e+03 -1.075610826633048873e+02 -4.035304677887733078e+02
2.602204510469972320e+03 2.246621689337191583e+02 -2.136030897063086513e+02
2.996741105139707088e+03 1.157519373729937229e+01 -1.952913661919251638e+02
2.820615133397235240e+03 8.349521828946691926e+01 4.526870571958656342e+01
2.471145492937289873e+03 1.104413848938642957e+02 -5.190192497539250098e+02
2.492072905066650492e+03 8.914205134845289535e+01 -4.912914296457301475e+02
2.563763928155261056e+03 2.827207472069076175e+02 -2.521141838558214658e+02
2.554945974539027702e+03 4.512135531288213883e+02 -2.158684332737410898e+02
2.514330394729347063e+03 3.542487986876976720e+02 -3.851295050288068182e+02
2.539064255182902798e+03 7.725629254309595240e+01 -2.002787119700799110e+02
2.552519866623922098e+03 8.119856133625661414e+02 -4.968625065046429086e+02
2.616089482405089257e+03 8.083110566792249756e+02 -5.020825973526583539e+02
2.864362840559593224e+03 4.104684450285325852e+02 -1.037546624832284579e+02
3.041937061712013929e+03 3.501067270691037834e+02 -1.044539104288492979e+02
2.960873216412741385e+03 -2.468885041563866167e+01 -1.602815997419277210e+02
2.885494014601521030e+03 -1.237297619389311194e+02 -5.849911279991684410e+01
2.333169746281754215e+03 6.214116176082045513e+02 -5.437115781368014495e+02
2.521599237645134963e+03 -7.578588406062982585e+01 -2.621915922798168026e+02
2.415045794965818914e+03 4.971362679390360029e+01 -3.515527155437047782e+02
2.959204704867817782e+03 9.572153964805329451e+01 -2.667739804034301869e+02
2.360935571920343591e+03 3.314833541632683023e+02 -5.428358085125554453e+02
3.090822340550005720e+03 -1.070291349135473808e+02 -2.670728061624203633e+02
2.518447349627299900e+03 5.733614548444517141e+02 -2.534320232707510172e+02
2.882362056119854060e+03 -1.020739194307076048e+01 -8.237376516932968684e+01
2.553187527012036753e+03 -1.291891335492944108e+02 -1.854328033972385867e+02
2.600223044261932500e+03 6.225570787308656406e+01 -6.218455588606761353e+01
2.810499505510323161e+03 -4.268168763295925316e+01 -3.145974937012244936e+02
2.306997200998183416e+03 6.420833508523728028e+01 -5.324455159462298752e+02
2.382313137583250409e+03 -1.393987797933930892e+02 -4.478215197587234115e+02
2.377465798259598614e+03 1.468626929922819784e+02 -2.997935297528763954e+02
2.395397937403689411e+03 4.998508148521287353e+02 -3.085371906490200331e+02
2.535253875382927163e+03 3.633968203992272947e+02 -3.856697520094096490e+02
2.703405100055865660e+03 7.419064334058905388e+02 -3.617088607046486572e+02
2.994383868053570495e+03 1.532109249614604352e+01 -3.050340972761246690e+02
2.739169193133977842e+03 4.479362514787499663e+02 -2.908394106647847366e+02
2.310080394730069202e+03 4.394627476503660546e+02 -5.059068990213486927e+02
2.854664133313260209e+03 -3.063140065724342520e+01 -1.165342268662070637e+02
2.435268721926081980e+03 2.254650240735311684e+02 -5.438253755162364769e+02
2.893908390838118521e+03 1.812822961894264040e+02 -1.893923421233450028e+02
2.744185967714104208e+03 1.040599188992247264e+02 -1.616744277097895690e+02
2.710817042006296106e+03 -1.838933470714557359e+02 -2.596576083505956376e+02
2.519587968015973274e+03 8.488155463035178627e+02 -4.821377198438233904e+02
2.510539945013171746e+03 -1.678277972449954802e+02 -4.665949314930453511e+02
2.649845338436525253e+03 2.928882701690186536e+02 -2.464071612068441368e+02
2.762535255995604075e+03 -3.295834897243066735e+02 -4.592437647791236941e+02
2.764480130681995433e+03 -1.291469251603324722e+02 -2.143656381979347998e+02
2.363282831702628300e+03 3.524528786528838964e+02 -4.811446813408619505e+02
2.776447567842395529e+03 2.582573005612342740e+02 -7.591680128335002564e+01
2.500300269209905309e+03 2.967721176481674661e+00 -2.935563894167493117e+02
2.441379520676649463e+03 3.156734685020177267e+02 -5.008300260257030345e+02
2.709554718096836950e+03 1.607281593713066741e+02 -7.360895708990477715e+01
2.782590494559952731e+03 -6.571653677198519006e+00 -1.732745447296711063e+02
2.923322187362089608e+03 -1.954286128965396188e+02 -2.022556087831891034e+02
2.431879803640089449e+03 6.027134223466177332e-01 -4.050328167383320874e+02
2.931579672276064684e+03 4.779292031237179827e+01 -2.674977716958433120e+02
2.745535795393488115e+03 2.712506991339830051e+02 -3.481281585578482805e+02
2.774831285042055242e+03 2.206980669411321117e+01 -2.103342444438517020e+02
2.536920819389479675e+03 3.533808126983951183e+02 -2.966487675155360648e+02
2.472993049546947077e+03 3.918862721207007667e+02 -3.169144156601301461e+02
2.499322519283532529e+03 5.783277363035678036e+02 -4.064352704611437730e+02
2.888010019796168763e+03 2.514952580196481904e+02 -2.441215752083166137e+02
2.519972248509000110e+03 2.814745748157509979e+02 -2.723236299851678268e+02
2.692198204998919209e+03 3.907838730012014139e+01 -1.442628315840582900e+02
2.554739436185731392e+03 8.656018881379367258e+00 -2.949934347573520768e+02
2.680801683296454485e+03 4.561320838763316488e+02 -3.193991122074531859e+02
2.642875468694527171e+03 2.079833921732646331e+02 -1.135952219497523288e+02
2.853056121495982552e+03 -6.499467329576873453e+00 -2.799375225208549409e+02
2.624032671089461928e+03 -1.577647440045840312e+02 -3.582906113449386112e+02
2.625861346918384697e+03 5.175056831334231902e+02 -1.859327943424235912e+02
2.279548542596567586e+03 3.651556193613676555e+02 -5.535194799501208536e+02
2.739102483080235288e+03 1.490184267355771794e+02 -3.985674626589824925e+02
2.545709895001082259e+03 -1.854811568539676045e+02 -5.305721594488281880e+02
2.589807442115674348e+03 6.560094995431973075e+01 -4.896201014910641334e+02
2.287043770306477654e+03 2.432806131896471413e+02 -3.927156856567923455e+02
2.655561835750489990e+03 2.940739914894751337e+02 -3.846028887448674709e+02
2.357743109370729599e+03 3.523865373815822295e+02 -4.308210432339664635e+02
2.637928084358395154e+03 3.822728117644014105e+02 -2.139292361218468841e+02
3.081103008072994271e+03 -1.448555335522533483e+02 -2.148895072790840004e+02
2.834752002177438953e+03 3.211618425729561181e+02 -1.454740422806714264e+02
2.490260521822811370e+03 2.654519355834928973e+01 -3.552902128182409456e+02
2.514449778475778203e+03 2.032679149183857703e+02 -2.410142663910930878e+02
2.592968057954569304e+03 5.873611656825485170e+02 -2.573829508284574104e+02
2.403660022338593535e+03 4.336200125657187527e+02 -4.632384897987468548e+02
2.647191918409894697e+03 5.005115431757379270e+02 -3.671086994034368445e+02
2.814297602470887341e+03 1.866789448595246768e+02 -1.355958865370917295e+02
2.564824701535573240e+03 8.757600106139329910e+01 -3.489929066248129175e+02
2.513271531841196065e+03 5.509997333834990059e+02 -3.179813547278763508e+02
2.409149912166357353e+03 1.332419771928910848e+02 -5.398693537041064019e+02
2.440101445061131471e+03 4.738878511435886480e+02 -4.166065880006469229e+02
2.958843386454151641e+03 -6.946856669075408774e+00 -1.556960069413305519e+02
2.570204279555192443e+03 -1.777061148563411734e+02 -4.543976840653262457e+02
2.564909170621216617e+03 7.223621275993323820e+01 -7.114262156071853838e+01
2.926868885565325854e+03 4.663455167978894167e+01 5.988180485605246872e+01
2.762916324639258619e+03 -1.824151151302324649e+02 -5.001930478654317085e+02
2.852506808410259055e+03 3.500978681150501757e+02 -8.600923154809757420e+01
2.448651518068429141e+03 3.017237206683284967e+02 -3.737942476094523272e+02
2.826381141371687136e+03 3.027406915609763587e+02 -1.228855515823777296e+02
2.423477500145438171e+03 1.277222586186573494e+01 -3.618008778189199006e+02
2.692007695647547280e+03 2.243121242789569436e+01 -3.781404307992170857e+02
3.117342471180389566e+03 -2.302573605366397658e+01 -2.257306633009902725e+02
2.693036151148146473e+03 2.997798678431657891e+02 -2.697839827789924527e+01
2.493128196648859102e+03 6.173913436849174019e+01 -2.747602002155251739e+02
2.584958641872533462e+03 -6.455760961363600359e+01 -3.026647706275359724e+02
2.603407358326499889e+03 1.638920242401012786e+02 -1.528094711343982794e+02
2.650752189890481077e+03 5.618168073181800537e+02 -3.094743901304576070e+02
3.054974932935213928e+03 3.527545237698686265e+02 -7.977966994970995529e+01
2.624808943683659436e+03 6.547815126452079539e+02 -3.812681766552314002e+02
2.849281913121054458e+03 7.805786429669240079e+01 -2.209397798202176375e+02
2.587909808606518709e+03 1.559285245686308770e+02 -1.399483916245016530e+02
2.685359082656660576e+03 1.708810695501106238e+02 -3.578919219121098081e+02
2.487998369564938002e+03 2.820528714964842720e+02 -2.439911105578484296e+02
2.733257519903562752e+03 -1.122457502331686783e+02 -2.386678905211799986e+02
2.860005988067205180e+03 2.534984969060622291e+02 -1.540678734354718813e+02
2.614437529848651593e+03 1.172858162718314361e+02 -2.474529330299535559e+02
2.734549969512441294e+03 1.239626207680946948e+02 -3.672602415969596450e+02
2.666631162420102100e+03 -2.791564330883353762e+01 -2.583203367084120714e+02
2.981397907376097010e+03 -5.913239596843408208e+01 -3.383791384364220676e+02
2.412245381924934009e+03 1.624327857290761870e+02 -3.573333659841531471e+02
2.396878794360546181e+03 1.151629860205748201e+01 -4.626428475253950410e+02
2.803000623128254574e+03 -6.915429764028330339e+01 -2.679751893045521456e+02
2.356630459188254008e+03 -2.466477376669992339e+00 -3.218977964211528615e+02
2.616141027579393267e+03 4.345523752767296628e+02 -1.093386209489048611e+02
2.471925825996781441e+03 -1.178300042751058996e+01 -2.352044861142289562e+02
3.009177307512603420e+03 2.666471864738351201e+02 -4.275042589377900981e+01
2.566162112833856099e+03 4.090720811551847191e+02 -3.102411870251443133e+02
2.870790025718257766e+03 -2.026130076904313455e+02 -3.183504872683149642e+02
2.768561353548331226e+03 -2.554740331257079333e-01 -3.637024047923192711e+02
2.438751668608848377e+03 9.559911757656519171e+01 -5.131034733513822630e+02
2.580187520443113954e+03 1.747834249954307779e+02 -2.099779401059724364e+02
2.504021923835375674e+03 7.749448167431651768e+00 -1.233588140432072038e+02
2.666435138976517919e+03 3.461333523617661285e+02 -1.573294857022885083e+02
2.746042136219135500e+03 -3.021303007428122100e+02 -4.129025029148728549e+02
2.772464269890077958e+03 -7.483112054453023632e+01 4.815298806449533231e+00
2.616466132530058076e+03 3.913255388697149897e+02 -2.801893709772019179e+02
2.386699268562789257e+03 2.904421453021918182e+02 -5.317137496901003715e+02
2.927985853550495904e+03 7.170480258944431284e+01 -2.774921537618116645e+02
2.625428831638366319e+03 -3.307118116091616145e+01 -3.285083774909821841e+02
2.514510632342394729e+03 4.786240967138776909e+02 -2.810776128492361750e+02
3.169559035951160240e+03 -1.475966165898510098e+02 -3.296299942061969546e+02
2.321219405230551274e+03 1.097646917552196868e+02 -4.994183224159646102e+02
2.291353367429560421e+03 2.084497893201512397e+02 -4.223039736525169019e+02
2.796184250400221117e+03 2.821727984613732474e+02 -1.208922067850639479e+02
2.592307633128450561e+03 2.463154604392649958e+02 -2.633155851418295015e+02
2.484427405191220259e+03 3.326346693145645759e+02 -2.148801699080128742e+02
2.966086273541338414e+03 2.715913497445195048e+02 -6.315223430447133524e+01
2.333065149974893302e+03 3.044590711457952352e+02 -5.581816457329128980e+02
2.853327091579662920e+03 3.592981596635450501e+02 -1.554058451220928703e+02
2.588915833308729361e+03 -2.885502588225128306e+02 -3.570416384108178818e+02
2.774102853355652314e+03 -3.154770157652913554e+02 -3.048134997620027207e+02
2.848095578073814977e+03 5.700007513799820345e+02 -3.084838956351476327e+02
2.706074957431264920e+03 2.495554492488651874e+02 -2.845682705752498691e+02
2.678115662283180427e+03 4.241754626215281405e+02 -2.385220910537109376e+02
2.911072892077000233e+03 -4.828388010249631179e+01 -1.956870326542955070e+02
2.713356407465260872e+03 -6.141876468914805542e+01 -3.765804263969583872e+02
2.792715195804928499e+03 2.904983920213235251e+02 -3.145950978802061826e+01
2.282826549422969492e+03 2.295721856796882889e+02 -4.525456653960015956e+02
2.629747416287526903e+03 -1.436518671307049999e+02 -1.505227410345741816e+02
2.331909510806396611e+03 -5.467794180714442120e+00 -5.095913813139939634e+02
3.058950728597089437e+03 -1.044177701300423706e+02 -2.542853110539818431e+02
2.792021479068408098e+03 2.101513903814492892e+02 -1.859477387733990952e+02
2.689661176355642510e+03 2.940081740719236905e+02 -3.909632797187821325e+02
2.589193791452340520e+03 -2.977953735719332258e+02 -5.059975688630262312e+02
2.512483212684584032e+03 6.535934506242751922e+02 -2.602457340701865292e+02
2.984667434551792667e+03 -2.883099184006002815e+02 -3.767297012437494459e+02
2.854879959160095041e+03 2.673232021799569793e+02 -2.070013157660700926e+02
2.646241378792790783e+03 4.729804651855923794e+02 -3.375444941899663718e+02
2.622259936132817074e+03 6.724216793917258883e+01 -2.468154406914414096e+02
2.325839241788271920e+03 1.644361464475911987e+02 -5.503361902239835217e+02
2.820771642292405886e+03 1.913208248388104948e+02 -2.428233205134766308e+02
2.577471646867443724e+03 3.910297884032213460e+02 -1.087093994455233599e+02
2.389245856407679639e+03 4.654131342511857383e+02 -5.167711563638782764e+02
2.904880127724064550e+03 7.003638948153353283e+01 -1.973208475285159125e+02
2.689960582186593456e+03 -5.469783567396935098e+01 -1.051820662194222962e+02
2.559674557757874481e+03 -4.164495068529070920e+01 -3.182571341610808986e+02
2.679360073402894159e+03 3.326550271993921797e+02 -1.926192387065405001e+02
2.646069316057916240e+03 7.682366228064224742e+02 -3.961236098915558728e+02
2.814789534202444429e+03 3.697742568450522640e+02 -2.093743138332765454e+02
2.669628968692197759e+03 -3.041065389497568958e+02 -4.852518818976225248e+02
2.635504626141371318e+03 5.454855085155813867e+02 -1.858194693018921271e+02
2.999293444622325751e+03 3.456164273072880633e+02 -1.340602514771346421e+02
2.726310836910117814e+03 7.222198143733642439e+00 -3.468043009980191869e+02
2.721374745132851785e+03 -2.743230392799041084e+01 -1.759290323824191091e+02
2.456405241950692925e+03 4.505740250224997681e+02 -2.584402766298330789e+02
2.765949136054378414e+03 3.505425431586534160e+02 -2.536602902494676641e+02
2.883343521167190829e+03 2.013104556196149986e+01 -3.368553937254111474e+02
2.414967616440789243e+03 2.790408580275384907e+02 -2.758182966939730250e+02
2.330305886389522584e+03 2.749343679903785898e+01 -4.331078191202510084e+02
2.590031151104840319e+03 1.862141161654527934e+02 -2.086753216689650969e+02
2.431966498848617903e+03 1.357898392903239824e+02 -2.317389353929357867e+02
2.610688737766098711e+03 2.862894409716491282e+02 -2.260799623843192592e+02
2.821867820515855783e+03 1.658962671718396393e+02 -5.086951860867507236e+01
2.928998551842991219e+03 -2.558983377299583140e+01 -3.655708669480914068e+02
2.679722793375822221e+03 -1.251421965533771754e+02 -1.801882575460583951e+02
2.598265850936898005e+03 8.273600802915596830e+01 -2.340744442656517492e+02
2.476454087556954164e+03 4.644209968402248023e+02 -3.754456426591271452e+02
2.449169711374280269e+03 2.570688563573839360e+02 -2.999470537655357134e+02
2.497317067935829982e+03 2.963970272841379483e+01 -5.425696031410453770e+02
2.329555578317446361e+03 1.525167153440509935e+02 -3.427726431760203241e+02
2.605327807281618334e+03 5.723327708501204825e+02 -3.214401874646209762e+02
2.859633935326127357e+03 -3.287024504519093853e+02 -4.813285441457006755e+02
2.872782895217529585e+03 -2.480382814169131507e+02 -3.244245694913154239e+02
2.402498979398810661e+03 7.606576496210444702e+02 -4.050251434229950291e+02
3.118728406940073455e+03 1.099587506425005046e+01 -2.229735650795719266e+02
2.474284559457475552e+03 7.517612338083498003e+01 -2.200232968732939582e+02
2.625589958639747692e+03 5.799400220334164260e+02 -3.785773545275993683e+02
2.769524170263122414e+03 3.661786950520853452e+02 -1.568756918786320966e+02
2.896950904503644779e+03 2.531231150150081817e+02 -1.057986209687119725e+02
2.468305458953562720e+03 4.377408577246959567e+02 -1.485234394057581540e+02
2.671392518806833777e+03 9.350475204100405335e+01 -1.830003055438453146e+02
2.754982093826587516e+03 4.586136450825115674e+01 -2.811168568785698767e+02
2.379824867993210773e+03 2.417373988791370039e+02 -3.147131003954467587e+02
2.615099753702441376e+03 -7.734770824005953216e+01 -2.685580865680470311e+02
2.625577916449611166e+03 6.053855561333600690e+02 -3.270130164570508100e+02
2.580674313862955842e+03 4.435695694663920108e+02 -2.072862653828887858e+02
2.789643296526914128e+03 -5.285615119714032062e+01 -2.611955551416369872e+02
2.921997121173433243e+03 2.121308834537598500e+02 -1.691796205104148214e+02
2.669644376700404791e+03 1.498560310789256889e+01 -1.063152891890522369e+02
2.538483337177940030e+03 3.338611793344720695e+02 -4.015026536364101162e+02
2.829535161579839496e+03 -2.050412104941657958e+02 -3.332562735370711948e+02
2.706507987900487478e+03 2.500245275840063357e+02 -7.127384444729074175e+01
2.499373775054733869e+03 2.011330411300704668e+01 -4.364852965101994755e+02
2.618481784682430316e+03 -1.058390498849361308e+02 -2.421012130761202457e+02
2.767766255969383565e+03 3.294912724274887523e+02 -2.097141320440174184e+02
2.795200578834676435e+03 1.124665023330278615e+02 -3.522927107732533614e+02
2.527769426994910191e+03 -5.421457897984243601e+01 -5.175149922134636427e+02
2.806229560179605869e+03 -1.185008292476361476e+02 -1.833476964718176134e+02
2.882356428274028531e+03 -1.435963932627806514e+02 -9.707306836593438959e+01
2.471069641734094603e+03 -8.858393378510363902e+00 -3.122666148922521074e+02
2.728702190124387471e+03 4.705314383695421725e+02 -3.083804146217257767e+02
2.586458567272718938e+03 9.537116182623962857e+01 -2.988913335211254889e+02
2.673445659180108578e+03 4.845848212124944894e+02 -1.173868942251601624e+02
2.432109370619937636e+03 2.153066207127383223e+02 -2.591591776759450454e+02
2.715437838003760589e+03 2.031143965458149410e+02 -2.310259667344732009e+02
2.324367119034573989e+03 2.456582677441293754e+02 -5.185925586674837859e+02
2.610415459154372002e+03 3.360061387849321477e+02 -3.523965514103493319e+02
2.828737818145232268e+03 1.537859419701024990e+02 -2.502551255691939502e+02
2.727941896807682497e+03 2.507375964247188733e+02 -2.667348913101120615e+02
2.572974376398605727e+03 1.391090655434436201e+02 -1.323080667934568737e+02
2.538647055374742195e+03 7.228719503809463731e+02 -3.538697456733603985e+02
2.768539267469921015e+03 2.928631271050224427e+02 -8.366678842266748006e+01
2.740803130529222472e+03 2.515335648198267791e+02 -2.929961828737920086e+02
2.891366255165353323e+03 -9.630192822999575242e+01 -1.217158278054241407e+02
2.545353062821529875e+03 -9.638713391383620888e+01 -4.613797492871134409e+02
2.826482380840652695e+03 2.170093312362421898e+02 -1.505301488764040130e+02
2.937393012395927599e+03 6.588193749624610973e+01 -1.554536862088856708e+02
2.921423026666002443e+03 3.190575355638502515e+02 -7.631879856985133870e+01
2.962420714961207977e+03 3.016702569997439696e+02 -1.462718550410217233e+01
2.923334318513741891e+03 4.621941502892159548e+01 -3.261223202618934920e+02
2.366220889683273981e+03 2.713360295134521039e+02 -5.095963035011661191e+02
2.305494786482651762e+03 1.635649179660170489e+02 -4.833070211359958535e+02
2.606080573007992825e+03 2.727103836410794102e+01 -2.600453472661265550e+02
2.809463393115227518e+03 2.910740339263022634e+02 -1.134495125988763391e+02
2.543405113010101104e+03 3.652204235013606421e+02 -3.813369023674295022e+02
2.496821440846047608e+03 3.259811766980247967e+02 -2.170257974635441656e+02
2.593466160149577718e+03 5.379702474971121546e+02 -3.555873641520828414e+02
2.961283444116339524e+03 3.303933971888730525e+01 -1.943745881860024554e+02
2.474404110185826084e+03 1.795556356422839031e+02 -2.366456364415339237e+02
2.326223211481266389e+03 2.157708019376752873e+01 -3.451534475793587262e+02
2.407144258099538092e+03 7.955045317194608856e+01 -1.914607604679450219e+02
2.653961746791304449e+03 -1.020446197226717828e+02 -2.767143489125354563e+02
2.849411177290659907e+03 2.782386825659117449e+02 -1.537189395209729810e+02
2.650718735368692251e+03 6.998782051276803031e+02 -3.760207083879373613e+02
2.312372650150465688e+03 3.828175906902511372e+01 -5.041174129856894979e+02
2.825483613662987864e+03 1.515075619463075327e+02 -2.871879128858330432e+02
2.992620485359156646e+03 -5.824689900577725155e+01 -3.146783462128907445e+02
2.409486631999966903e+03 -1.250348454653100561e+01 -4.213382131431236530e+02
2.832662923077257346e+03 6.118143561477865688e+01 -1.352973203729519582e+02
2.381094440857674272e+03 1.434915114398785363e+02 -4.757465737423117957e+02
2.790018534207958965e+03 4.257126805068010640e+02 -4.092148866881436930e+01
2.599312525035496037e+03 7.413870416060075286e+01 -4.593493961433097752e+02
2.347713924366673382e+03 1.046545495070042051e+02 -3.766631937181703051e+02
2.327512793777509614e+03 4.775626546297074810e+02 -4.332445810219840610e+02
2.621375709450123395e+03 2.064632827417789827e+02 -1.600368835410108659e+02
3.089934593603956273e+03 -2.986574758860050451e+02 -3.193500239798461280e+02
2.512898158579681876e+03 4.361400691468375612e+02 -2.998839913391324785e+02
2.615794908762142768e+03 -1.100013549859311155e+02 -1.059179355246459693e+02
2.622275062871133287e+03 -9.506508784599904516e+01 -3.991316354522484744e+02
2.758955855537304615e+03 2.173488969497661287e+02 1.146603815600219178e+01
2.599705613954212367e+03 3.951543407144413891e+02 -1.104904340271195622e+02
2.722883150408647452e+03 7.871428701557192653e-01 -4.169083656518633916e+02
2.762873471905032602e+03 7.374591697386531450e+02 -2.861565210944218620e+02
2.362636552038303307e+03 3.886486314984636010e+02 -5.071599448830712049e+02
2.598465110492965778e+03 5.917280333396163314e+02 -3.848310175253682814e+02
2.575332624579551975e+03 -2.358698897106333732e+02 -5.705723139490307858e+02
2.584928161348953381e+03 -8.144849536291644654e+01 -4.996609332209289960e+02
2.490427931751234610e+03 2.899582824287330141e+02 -4.433074098841436239e+02
2.442459518956852207e+03 2.933396668578898243e+02 -3.582307162722058820e+02
2.950849788302455181e+03 3.112349801074498146e+02 -1.237680372813202609e+02
2.513110917229068946e+03 -1.228430005956034989e+02 -5.170709915520268396e+02
2.492668858386365173e+03 -1.410781415132965151e+02 -4.960736641622970069e+02
2.503930236077393147e+03 1.544168944567095991e+02 -2.911073363455466847e+02
2.832298040631767890e+03 2.137420441765790144e+02 -1.008886438761267499e+02
2.872437354079725992e+03 1.022459461688866043e+02 -4.698535236272116578e+01
2.952225146034844329e+03 1.282785562961093717e+02 -2.191627990778975459e+02
2.738308895473598113e+03 -1.286275823787563297e+02 -4.042886320110020506e+02
2.441064875588283485e+03 4.279640184707687922e+01 -2.222255962165838241e+02
2.722330902215089282e+03 3.549172808293205321e+02 -2.050964573099691393e+02
3.064498468497942213e+03 -6.628485280881409381e+01 -5.086431696585497519e+01
2.740942630313393238e+03 -4.814425971059267795e+01 -1.851858254246877209e+02
2.428129288340867333e+03 3.930194715351628361e+02 -2.767827977529503301e+02
2.693963068655350980e+03 3.051307302528369974e+02 -1.958166561368949488e+02
2.430693390499859106e+03 2.686735952598677386e+02 -3.678572708701561851e+02
3.063032399475735929e+03 -2.862132622341474644e+02 -2.614873364642345450e+02
2.499293423341558992e+03 4.986576108768225595e+02 -3.242828007320781580e+02
2.299478045615889187e+03 1.657857234897053900e+02 -4.571004828034973571e+02
2.805104944775399872e+03 -1.161332719216526925e+02 -3.975240947855336913e+02
2.396548447455509177e+03 6.410643600614095021e+02 -3.658649537729272652e+02
2.894122367233035675e+03 2.584168577428128515e+02 -1.598730807409045838e+02
