2.632096084149548005e+03 2.752581668189030779e+02 -1.074203749600281128e+02
2.881744572572610650e+03 1.609243414450263288e+02 -2.735540908205432515e+02
2.720232421421669642e+03 1.288660913559201617e+02 -1.051708676973827323e+02
2.977943892681532816e+03 -7.367480933463824044e+01 -3.770841693506909564e+02
2.384815009735715648e+03 3.329552537009783464e+02 -3.352901649560380974e+02
2.791162876561807479e+03 3.105052607266937059e+01 -6.412114477531241619e+01
2.602576392670966015e+03 6.821689299184437232e+02 -3.915800601395230274e+02
2.872130298529638821e+03 2.051238307306247179e+02 -1.454711918741602119e+02
2.607623025860177222e+03 3.979076685998362564e+02 -3.339995213084978900e+02
2.898582767549502023e+03 1.674626230981970423e+02 -6.687175167383705343e+01
2.532921207424546083e+03 4.137860590641669205e+02 -1.064559407961591404e+02
2.707300129754596128e+03 4.753742225806939814e+02 -3.239249292972533567e+01
2.858002728609837504e+03 1.887187423253815837e+02 -7.687687583401771008e+01
2.474769803264292932e+03 5.443632619515697115e+02 -2.181913411392130229e+02
2.644256825394269981e+03 -1.626752515393217777e+02 -5.143356099738845160e+02
2.635954285393320788e+03 1.704164141736620763e+02 -2.015961436701779235e+02
2.557620016938883509e+03 4.431077605704921751e+01 -1.846555989785560428e+02
2.804650537853973674e+03 1.505058711964695135e+02 -5.456909500494658971e+01
2.424564519950335125e+03 5.386542530715356634e+02 -3.624369937652027147e+02
2.709614609354375261e+03 3.124108970672882606e+02 -6.513249447469999609e+01
2.519983929852062829e+03 1.435915863288032597e+02 -3.626261819326156228e+02
2.484239902330717996e+03 1.122720705845340206e+01 -4.970394266542372748e+02
2.797891023198681978e+03 4.739460807468111625e+02 -6.769437081189481376e+01
2.619800763849303166e+03 1.034577345728430942e+02 -3.063416827482684539e+02
2.431539985706923744e+03 2.127965845421116455e+02 -4.846798836592415682e+02
2.681507877706404997e+03 5.119658608572050298e+02 -1.408831564917470587e+02
2.693465775316796680e+03 2.649722952322808851e+02 -1.090709534668484366e+02
2.764483187839914535e+03 -1.459325582360713156e+02 -4.472225008734865241e+02
2.894502074560408801e+03 5.618615239557550467e+01 -3.416154533009094507e+02
2.441081620551344713e+03 1.455048158245164132e+02 -1.834953916928358808e+02
2.494993170911429843e+03 4.757879572773807695e+02 -1.649000787211375041e+02
2.708391740470629884e+03 4.153363328307249276e+02 -1.086701962778945472e+02
2.638726830884406354e+03 6.718175981589420189e+02 -2.239170890346324541e+02
2.272905651693747132e+03 4.783438199315070847e+02 -3.959584593211494052e+02
2.644103357385966319e+03 4.763184371425113000e+02 -4.122406832187871828e+01
2.738497127113442275e+03 6.015479334695967282e+02 -2.536735046365249104e+02
2.863105019902937329e+03 -8.911209879334765560e+01 -3.294963768081065609e+02
2.616762021062850181e+03 1.247604626666204553e+02 -2.492504824894206763e+02
2.715979738632677709e+03 1.408289283601223190e+02 -1.174468351979738259e+02
2.765521139976399354e+03 5.805253771747032943e+00 -2.651574603908384233e+02
2.493587457931508652e+03 2.760943592858998272e+02 -3.875860745693804574e+02
2.735578449767071106e+03 2.842731515692522635e+02 -9.231839475165742215e+00
2.491983862944363409e+03 3.966517620087318505e+02 -2.739222995645855008e+02
2.589609569793507944e+03 2.827687099296784936e+02 -1.605251195867069214e+02
2.793538565642433241e+03 1.411749351087917148e+01 -2.240869582684667876e+02
2.669575733402713922e+03 3.452172298285918259e+02 -1.870975020834510758e+02
2.751651387747167519e+03 3.623454583382686565e+02 3.896618282396900668e+01
2.577049423288942762e+03 5.876051941703578905e+02 -1.857299153245937191e+02
2.351686160476782788e+03 4.097181133087049147e+02 -2.611887432124149200e+02
2.747239157237239397e+03 -8.446706565348698348e+01 -2.772621109171680587e+02
2.488503303124204194e+03 1.159160771867772155e+01 -5.079621098000837378e+02
2.561762353807546788e+03 5.037237715941095075e+02 -2.089835035066005844e+02
2.531243257232167252e+03 6.920022581801028991e+02 -2.644138327395726833e+02
3.037478366185457162e+03 7.822929152362823402e+01 -7.923486446631753211e+01
2.910039335077275155e+03 1.167381221345511193e+02 -1.215547338633264474e+01
2.544752550601846451e+03 2.850620857801570764e+02 -3.838993849588676994e+02
2.536297566432913300e+03 3.819380601773036688e+02 -1.871632250362092407e+02
2.663913135143031923e+03 3.698973747968561838e+02 -1.354679155456216222e+02
2.780062481151092470e+03 5.890684268727952713e+02 -6.915019542773757166e+01
2.677408079747653119e+03 -1.019317582424451416e+02 -3.918130372469850045e+02
2.854040077996708987e+03 7.100275588701805418e+00 -2.136103985967529866e+02
2.727730058519687191e+03 4.678330618952385294e+02 -6.080120366449558134e+01
2.639240313313165643e+03 1.570603060524676664e+01 -4.360984224147965165e+02
3.015301540288011438e+03 3.222852869814374799e+02 -2.239339891929749626e+01
2.663886163742525696e+03 3.793505783221385741e+02 -3.642134203995000234e+02
2.618406932717414293e+03 2.206116599166526271e+02 -1.929280906847612300e+02
2.803032800641068661e+03 3.295964436741277837e+01 -2.253028144187520070e+02
2.628014830817377515e+03 -5.954205847606229440e+01 -5.117085623822226808e+02
2.928312638592733492e+03 2.921948758025324651e+02 -5.482626098507154211e+01
2.787295297858381673e+03 3.846596466908035836e+02 -3.041844757997428133e+02
3.052354053359366389e+03 -6.510801629565521864e+01 -1.694931386103926911e+02
2.435482296852507261e+03 4.716856743856225762e+02 -3.895193338675767905e+02
2.390896436635021018e+03 1.658388172581982758e+02 -2.965618481461424949e+02
2.464488472139235910e+03 3.354883706955703246e+02 -1.232429014091526795e+02
2.591560933974122236e+03 7.310378913361300874e+02 -1.831520582021534835e+02
2.396375784367411143e+03 2.055039672783549349e+02 -3.417563571880962741e+02
2.589876419753633854e+03 3.944082562049241574e+02 1.125715551773982526e+01
2.924835787787302252e+03 -4.907269963615058828e+01 -1.501844382353650644e+02
2.571306498862454191e+03 2.669563715893582980e+02 -2.390697251614358265e+02
2.596806511436857818e+03 6.312165290892678513e+02 -2.481860181188743866e+02
2.462768973403271048e+03 4.479571314709942271e+02 -1.289602326112105004e+02
2.489542605759698290e+03 2.241009002921225033e+02 -1.166043872719383785e+02
2.825690384139314119e+03 3.368877212272499833e+02 -3.117060599418518052e+01
2.571569800727255824e+03 3.949388200052030129e+02 -3.522342554917225357e+02
2.364407591455076272e+03 1.609436880779409478e+02 -3.853731002543356681e+02
2.700861782648512417e+03 8.311774172969558094e+02 -6.175353012653246054e+01
2.836221136755935731e+03 2.801002349358756192e+02 -1.690253089025630118e+02
2.892277800965242022e+03 1.586386602881053989e+02 -1.582416297352825154e+02
2.621795606047864567e+03 -2.220528014913685411e+01 -4.294290795158651690e+02
2.494474916607424348e+03 1.667054173831360515e+02 -3.349371933577345999e+02
2.858004012277814581e+03 8.237361176993620404e+01 -2.903600519088598730e+02
2.533483687973826363e+03 4.174202491963160355e+02 -3.832881845108744301e+02
2.944220089974236089e+03 -2.337603569596441844e+01 -3.296429811005101556e+02
2.650620510274552089e+03 5.370736849488235976e+02 -2.529510015719263833e+02
2.305066822421137203e+03 3.019510088097212019e+02 -4.692534192688680719e+02
2.533538631581691334e+03 8.870587420399392613e+02 -3.603359008516191011e+02
2.696176255770864373e+03 2.893417919967731677e+02 -1.238924821118157240e+02
2.437233427604627650e+03 3.886723805967683916e+02 -2.833146439631046292e+02
2.554009359603925986e+03 2.565344865745034326e+02 -2.971766524068226545e+02
2.507739264944863407e+03 2.754184766917383627e+02 -1.403004672134920838e+02
2.834968441613684718e+03 2.783580154127394053e+02 -1.395801366026086043e+02
2.737344088765210927e+03 1.184349617895202300e+02 -6.732260410332835932e+01
2.604043378492248848e+03 4.412474120597584033e+02 -3.026528179966366849e+01
2.611727154554903791e+03 2.827242679150013487e+02 -2.531513666409821894e+01
2.536611853047383647e+03 4.106917245900264675e+02 -4.075158971083433812e+02
2.470261022242983017e+03 2.050113618296167033e+02 -4.468192031387836778e+02
2.529741542235672114e+03 9.697142954523391722e+01 -3.531622181423418851e+02
2.403588636896782191e+03 2.034720950885880484e+02 -2.028923701461056055e+02
2.659329340107628923e+03 -1.022384997416924648e+02 -4.904875659146237012e+02
2.458135042594696642e+03 1.475931240785802743e+02 -2.985391606557437854e+02
2.418264744693713510e+03 4.632159789564324228e+02 -1.939492451522584702e+02
2.669886505660322200e+03 4.290683134233529472e+02 -1.069108100633028045e+02
2.583601544493247729e+03 1.614296569695327150e+02 -1.233738027276015146e+02
2.524090729962460500e+03 4.141218000428710866e+02 -1.373065217427420919e+02
2.855882756236704154e+03 3.726899527325398367e+02 -2.147707963983255297e+02
2.407458698598976753e+03 9.561593505878076371e+01 -4.653759467556915865e+02
2.723308604113470665e+03 3.262395068350298857e+02 -1.054093951860555762e+02
2.571731282995875972e+03 7.723804194801609810e+02 -1.647946226848253275e+02
2.581041423122542710e+03 3.814463374571182044e+02 -3.893987593793153792e+02
2.397964685592135993e+03 2.770702779651667811e+02 -3.625869120054791779e+02
2.823988722633826455e+03 4.548019447292202813e+02 -1.794562841704481002e+02
2.472419361933613800e+03 -5.461428861589116934e+01 -5.156614339013642621e+02
2.794859769597690047e+03 1.109796274915605068e+02 -8.124412571960067453e+01
2.750485257197840838e+03 -9.369636624982545925e+01 -3.409477447380286890e+02
2.754465329093500713e+03 1.710182365695395106e+02 -3.046706572680315048e+02
2.482564235709410696e+03 4.341490482336835157e+02 -1.289302720681223491e+02
2.473443531521952991e+03 6.666500927595483290e+02 -1.947398180434858830e+02
2.817000569819077555e+03 3.468458690231918808e+02 -2.472685788724706413e+02
2.755017705544173623e+03 4.049989867087350603e+01 -2.602754963455405459e+02
2.564712892131747594e+03 4.034643312104814186e+02 -2.607627149767117203e+02
2.650648939991739098e+03 2.708456803946215814e+02 -3.218547063259553624e+02
2.663519580107443289e+03 5.121316682878449456e+02 -4.370518611573776724e+01
2.560505254255568616e+03 1.643760830609061827e+02 -1.530751724314165187e+02
2.459913971630317064e+03 1.124875101338176648e+02 -4.973115556759029801e+02
2.349138390797932516e+03 1.324348251771971832e+02 -4.671408562628895993e+02
2.557787789879228512e+03 9.411607881908804529e+01 -4.290286768057560494e+02
2.897766029274072025e+03 9.977463795505866528e+01 -2.739848770779943834e+02
2.471699119170000358e+03 1.326128257672213806e+02 -3.713793415808804639e+02
2.508693412732594425e+03 2.944833620551626723e+02 -2.239350553629626006e+02
2.638019805244206964e+03 3.312076429439641174e+02 -1.503334743257855450e+02
2.784478420382044533e+03 1.022302493135875778e+01 -2.590952716486009990e+02
3.077752717183894219e+03 2.606936807041003590e+01 -2.083454324360975818e+02
3.061744049241210632e+03 2.410338291832782716e+02 -5.221776119723652698e+01
2.438354589433598449e+03 8.291502888097122081e+01 -4.150673178506450540e+02
2.640896676984367332e+03 8.170943888506150188e+02 -2.268121859129702216e+02
2.693899318648090684e+03 5.937736940574989148e+02 -1.950630293913989135e+02
2.664040518060746308e+03 3.739310658098829663e+02 -2.028851854932761398e+02
2.519240504059307568e+03 6.129899617878730851e+02 -1.992486213726956237e+02
2.559660694166942903e+03 -5.477991723965583049e+01 -3.561982456475818708e+02
2.700855453279210451e+03 2.771830692417898945e+02 -2.246790468801090981e+02
2.582208749584789985e+03 1.882815253485142080e+02 -2.786078878321895900e+02
2.734960028475712534e+03 9.454615339021472664e+00 -1.750043640249091652e+02
2.741891965896731108e+03 -1.979795427836336330e+01 -3.004327324291182322e+02
2.681112268695804232e+03 1.889488073485930499e+02 -2.807514993120165627e+02
2.895226074283755679e+03 5.574119754117106140e-01 -1.270945366835891264e+02
2.935928246295655299e+03 5.317231059127987436e+01 -2.802639173029782569e+02
2.692530464980478882e+03 2.678309047687745874e+02 -1.012557198374487513e+02
3.045028965275387236e+03 1.466600643520029053e+02 -2.405170362244181774e+02
2.639570152014374798e+03 4.917332964793533279e+02 -9.164436087687319343e+01
2.473199538399009271e+03 4.561763543609895351e+02 -1.192168301074052010e+02
2.637824675428389583e+03 4.217725489944821220e+02 -1.891792346502342639e+02
2.909020924626576289e+03 1.362781339075104370e+02 -1.781507284294818874e+02
2.759453905095479513e+03 3.538626879850277192e+02 -2.887608344735062929e+02
2.750914082713991775e+03 -2.911401508332710364e+01 -4.367311113854674431e+02
2.674547292447788095e+03 2.764962433514050986e+02 -2.803833630784783395e+02
2.584066022008400068e+03 8.611022724019652514e+02 -2.918760509017567983e+02
2.451755189945519760e+03 5.493996532959038177e+02 -2.549423129534198154e+02
2.992279512424155655e+03 3.174280229518844862e+02 -1.843023713454580559e+01
2.298293270734007820e+03 4.686364062087406523e+02 -5.260197330679668539e+02
2.644476129906440747e+03 4.911834895681191711e+02 -1.041423858857821898e+02
2.987485560799430459e+03 3.461609374180635541e+02 -1.303051540596698032e-01
2.524952960165042896e+03 5.051026594636815616e+02 -2.653677177691691895e+02
2.407468941022555555e+03 7.839223763290476654e+02 -3.276811245145613043e+02
2.721072337748990776e+03 -1.649799579676526662e+02 -4.376022728059796805e+02
2.662662538755476362e+03 4.618019782213679036e+00 -1.081602768444152076e+02
2.452118678579545758e+03 5.840021118210527220e+02 -1.708731580228455869e+02
2.411956610036354050e+03 5.408933687619165767e+02 -2.967439460842205676e+02
2.946423175471037212e+03 3.565663540034294101e+02 -8.605167189744730649e+01
2.350534251519027293e+03 1.025224345597798532e+02 -4.397566825782821525e+02
2.463942025023246515e+03 4.048295206101937538e+02 -1.798559618015108015e+02
2.910540874012756831e+03 1.452319263894694501e+01 -4.942739397524286460e+01
2.866748863460577013e+03 8.652253428737799368e+02 -1.995797053172459243e+02
2.681803404216122999e+03 3.725539161864394373e+02 -3.047051805283314252e+02
2.936459588039169375e+03 7.945655848608372196e+01 -5.687649875828335411e+01
2.544565329761327575e+03 3.529988291955002069e+02 -3.253341018103355964e+02
2.755735481279624310e+03 2.174949553531939728e+02 -1.640183231814927183e+02
2.741201675117014474e+03 1.052520369081991447e+01 -4.536407871485382657e+02
2.357980446384992774e+03 1.305701876762915106e+02 -3.491167505261315682e+02
2.996154876345514367e+03 -2.186194274138421179e+01 -3.038806621826566925e+02
2.989489076349581410e+03 4.551010293553014208e+02 -6.240263342651249445e+01
2.506810665541841445e+03 5.834256816008588657e+02 -7.078948208272433362e+01
2.473990608535781121e+03 6.725643328288458633e+02 -3.142171114140694499e+02
2.740093926105651917e+03 2.274812309135383259e+02 -1.053842727645077275e+02
2.452888383818151397e+03 2.910720753393453037e+02 -2.442354142912160171e+02
2.381407237716622603e+03 4.379034338771863304e+02 -1.885830283367052402e+02
2.995688655206443855e+03 1.657860529396938318e+02 -3.303988263073371456e+01
2.654876602103493042e+03 3.826665096143808000e+02 -3.179493286629113413e+02
2.621531674503985869e+03 1.295953920618038069e+02 -1.295935664918431769e+02
2.919300991230718864e+03 3.212646298585558498e+02 -4.857268447275524181e+01
2.998727539123003226e+03 6.119022387006745589e+01 -1.975028490535995616e+02
2.894686436870990747e+03 -1.788769743600880702e+00 -2.149744612282203207e+02
2.903834998130378608e+03 1.557285994193469776e+02 -1.840309180956676300e+02
3.000873670763148766e+03 -9.563330417193478183e+01 -3.381362892847710100e+02
2.723549180037057340e+03 5.813004447142983508e+02 -1.081769698569768821e+02
2.513930214571799297e+03 6.021634344168953703e+02 -2.447930144783442756e+02
2.634080183026261238e+03 -1.404704445728719975e+02 -5.139520594766642034e+02
2.755851991653354162e+03 1.060168739726733946e+02 -1.241813501079137865e+02
2.832851328395709970e+03 -1.900092802322713226e+01 -3.735331112426036952e+02
2.960160451492759876e+03 1.551043415600205435e+02 1.256880129313826444e+01
2.891859979004642810e+03 5.272861737194057241e+02 -5.133044595113020847e+01
2.373572040434692553e+03 9.951868487688992104e+01 -3.649912744762241914e+02
2.994292230284462676e+03 2.378965416895891565e+02 4.262492606441156795e+01
3.090119346677267913e+03 1.899451818962336631e+02 -2.548232243893093312e+02
2.591985505089050548e+03 3.294221327691287229e+02 -4.531239383062241188e+01
2.887415762347005511e+03 2.854251918779600601e+02 -1.028384882360894750e+02
2.794327023681812989e+03 2.911321143990747942e+02 -1.297490865140928804e+02
2.668229192664720358e+03 3.480882773111665642e+02 -2.287755477422385297e+02
2.695838639016100387e+03 4.784349640762242188e+02 -1.141191995913599442e+02
2.910626827743624290e+03 2.156320652721340707e+02 -2.281211368660774497e+02
2.593356710376587671e+03 -1.327699413864926896e+02 -4.746634838152676821e+02
2.867775418064051792e+03 -1.918083910420547795e+02 -1.720937728586131072e+02
2.388016993235061818e+03 5.768924027301889055e+02 -3.270087977761854177e+02
2.735383074788428985e+03 2.817699968588251522e+02 -2.697353287862742377e+01
2.734420229993950670e+03 1.769815605582539604e+02 -3.960519720331436702e+02
2.352857383023182592e+03 2.853373200870740902e+02 -3.656720039250419063e+02
2.518782339883127406e+03 6.530453710668354006e+00 -2.979710678975513929e+02
2.910566664859146385e+03 2.814847038841626272e+02 -1.079376740705762785e+02
2.868330229798166783e+03 4.312325288849323215e+02 1.355728737165730280e+01
2.950162755486996502e+03 1.310013126848699585e+02 -2.157141020634192614e+02
2.686567294811263764e+03 1.884834994218923327e+02 -7.642350854599074239e+01
2.704883191372852707e+03 7.401139560021604780e+01 -3.508675612020849144e+02
2.557944890194555683e+03 1.596874989679498356e+02 -1.857337146285056804e+02
2.993951613261027887e+03 4.404871646124825588e+02 -3.765713407277296199e+01
2.771273421600035363e+03 2.859140211835043601e+02 -1.910513062454419924e+02
2.533509459757362038e+03 5.565076372661792448e+02 -2.235530035745744613e+02
2.601805350506632749e+03 6.248662464345663921e+02 -2.048246494720081046e+02
2.447848912899718925e+03 2.346442699598652553e+02 -2.786173057792364034e+02
2.905508345463569640e+03 4.334946969482903967e+01 -3.586392578294542091e+02
3.005993228451958657e+03 5.039691502266047110e+02 -7.038144848493858774e+01
2.638095300471729843e+03 5.712360381661694930e+01 -1.683230978728541913e+02
2.513021759255377219e+03 5.295403048897862845e+02 -3.536832382804585109e+02
2.664587521649605605e+03 -9.848256440027225267e+01 -4.713788635797837401e+02
2.639385780424981021e+03 3.524084040599112200e+02 -2.151804056699031094e+02
2.839732269219288355e+03 -9.643950470646556994e+01 -3.713488340923366309e+02
2.329799298096898838e+03 4.074469619086726766e+02 -4.599303607014513773e+02
2.453439561573477476e+03 2.371255699564375448e+02 -1.541766144199312976e+02
2.408990637400622745e+03 6.895120410249056704e+02 -3.548539709866185490e+02
2.533739210092248413e+03 6.405738135527803934e+02 -1.901652356200860936e+02
2.729213233867137205e+03 1.421384517266768626e+02 -3.809454395623518508e+02
2.541612762546014892e+03 4.324830512361414208e+02 -2.243194502765005893e+02
2.483602552000745618e+03 4.155874417695600869e+02 -1.995503044593052095e+02
2.420802329042706788e+03 7.820072457487667634e+02 -3.666273251638017427e+02
3.061540808831153299e+03 4.744017219057284507e+01 -1.205495706219009833e+02
2.655979528767031297e+03 5.062912741843099980e+02 -5.580428961054654735e+01
2.890183186315725834e+03 2.222874105907077933e+02 -2.010942051006675513e+02
2.755893992598612385e+03 -6.427764651565547638e+01 -3.938298642555205902e+02
2.491276864222259519e+03 1.710956662775496682e+02 -3.510434419069751470e+02
2.355800831354327784e+03 1.246781338317544794e+02 -4.327153484529811749e+02
2.719202428303611669e+03 3.131622042076481307e+02 -7.589967918107394951e+01
2.715215791959452872e+03 -6.020503564388872064e+01 -4.642904471906425670e+02
2.295880538970071029e+03 2.928039056280679802e+02 -3.741348683631823064e+02
2.811268886027563440e+03 3.712039726503266479e+02 -2.154357455985894489e+02
2.653983599886771117e+03 1.421559514545102729e+02 -1.145510234855420464e+02
2.607665925063876330e+03 3.302006814745266183e+02 -4.965216926590187541e+01
2.710704741669351733e+03 -1.578933674753959053e+02 -3.760911777001749670e+02
2.645459268858599444e+03 5.552471455850314896e+02 2.624617812158474095e+01
2.453635459234571954e+03 1.962817376074376341e+02 -5.579041522106672346e+02
2.956954009071115706e+03 1.927595293701731975e+02 -8.159935489904184180e+01
2.611095570359269459e+03 7.526329067981783965e+02 -3.362524735696928815e+02
2.874482382458471420e+03 3.215566619723236954e+02 -3.254024321654853225e+00
2.581665900519264142e+03 2.914373863790821133e+02 -6.573249719238887678e+01
2.525362544945049194e+03 5.058477981491824949e+02 -3.170020405743346714e+01
2.305328381690283095e+03 3.033795135486402614e+02 -3.817867966507207029e+02
2.497126789531251688e+03 1.787828010278520878e+02 -2.696530001391597580e+02
2.725984004746708706e+03 3.918909213449283584e+02 5.013068794805467832e+01
2.871666400873873499e+03 2.532142824092615001e+02 -9.276888284207572610e+01
2.671636250925298100e+03 3.474730708178091731e+02 -3.846249355920582502e+02
2.473144965893893186e+03 4.344176213698672768e+02 -3.424479287478980041e+02
3.110900073636598790e+03 -7.644705033337758948e+01 -3.452012034247467795e+02
2.410177772627450395e+03 4.067848070225804804e+02 -3.701284070371253847e+02
2.795757529085051829e+03 -1.906718633174972410e+02 -3.928174026544813842e+02
2.594406025625517032e+03 2.286885598135420992e+02 -8.625685398847042507e+01
2.854365583686778336e+03 9.055543016989207672e+01 -3.013456054900849495e+02
2.664498959901039143e+03 4.551408947525967505e+02 -1.488781096189636060e+02
2.485740900156406497e+03 1.747591929875969470e+02 -3.379838472224712405e+02
2.566008432792992153e+03 4.425351071086116690e+02 -2.704179295057051604e+02
2.862169113246263350e+03 -2.439914919923830325e+02 -2.602202771118667215e+02
2.603780924084786420e+03 6.157656636977776543e+02 -3.204871238717880715e+02
2.806514710776008542e+03 6.157941513024926508e+02 -2.017394685587822778e+02
2.911812413060571089e+03 1.836089595341160816e+02 -7.813779512910278413e+01
2.649349766557797466e+03 6.040594716854109265e+02 -1.605919489534843763e+02
2.722049250402048074e+03 2.841472163295599103e+02 -2.021166047599540150e+02
2.629812520747213057e+03 6.845300535883990278e+01 -2.213172788808790870e+02
2.911013460624891650e+03 -1.368333377857255186e+02 -4.250702840347791494e+02
2.808157760211242021e+03 8.011497997568918095e+01 -2.883719955737499845e+02
2.724064555585536255e+03 2.386867698454157676e+02 -1.651229406628471850e+02
2.887065615570488717e+03 4.555930190580346562e+02 1.441889427105627419e+01
2.581491966233626044e+03 3.725018327649579533e+02 -1.388993176970533057e+02
3.007251044884061230e+03 -1.001866961346524931e+01 -2.551707618675777667e+02
2.708795790995079187e+03 1.932284848761760543e+01 -2.016395678474929412e+02
2.879452661186538535e+03 8.939624669939387331e+02 -1.523424898061374506e+02
2.437672493237577328e+03 5.628875213159927853e+02 -2.816671496231360834e+02
2.746813521910821237e+03 1.224616820158758372e+02 -7.058297857445280954e+01
2.722390953496146267e+03 2.310119499105927048e+02 -2.853914347136529983e+01
2.573798332883049625e+03 1.787009093017553312e+02 -4.344359028737706012e+02
2.301486424167431323e+03 4.181760297044629624e+02 -4.060178411503532061e+02
2.514049295560410883e+03 3.047954543245273840e+02 -6.639703975453743112e+01
2.799797805372240418e+03 2.575480034221602637e+02 1.868883128766881185e+01
2.760406733060132410e+03 1.204337861770031992e+02 -1.086669692992970937e+02
2.306559507420250156e+03 3.326820099636710211e+02 -4.336883084806176498e+02
2.430492083154452757e+03 7.087318424271848016e+02 -2.263277073074803525e+02
2.709578563350900367e+03 3.636791367843675289e+02 -3.515819301471734661e+02
2.553377184500725434e+03 2.037610841355518687e+02 -3.424251547052123783e+02
2.848023797115282832e+03 1.171733257610073053e+02 -2.811338733373409013e+02
2.621869819304473822e+03 3.476688426899049489e+01 -2.596266230387670930e+02
2.549674612716296906e+03 2.778513493370139287e+01 -4.367665447581441640e+02
2.889808806253981857e+03 2.899258257579458586e+02 -4.871215126758976055e+01
2.350081349133809908e+03 3.676018129568056452e+02 -4.248634867983565186e+02
2.727634521284244784e+03 5.636158463275468193e+02 -1.435219409365632828e+02
2.832088557712200782e+03 -1.549017344914164482e+02 -3.310080734027357607e+02
2.376308410834332790e+03 7.525406159261851258e+01 -3.628628946157522819e+02
2.822125898810929812e+03 4.252868028731771801e+02 -4.518193754997408007e+01
2.648058023303468872e+03 5.485399675272867626e+02 -2.500400852538650440e+02
2.469017278459770296e+03 3.475152257414760015e+02 -2.104722610001329031e+02
2.639116360020421325e+03 1.675825331383116463e+02 -1.618508941016741858e+02
2.695733102063682054e+03 3.217455500782650120e+02 -3.146755076439647496e+02
2.696164515781010323e+03 4.337028092124904788e+02 -4.544131458049662342e+00
3.088183608219741473e+03 1.073133681901249616e+02 -1.176147308302412000e+02
2.667235703554700194e+03 3.307289330886242738e+02 -2.544420098893522493e+02
2.694204631207952389e+03 2.394229342579874640e+02 -1.649915043786135698e+02
2.743108769383468371e+03 1.804557734251762326e+02 -2.538280703427240610e+02
2.516638275888133194e+03 2.873579476099376961e+01 -3.247308072570347122e+02
2.781703250174405639e+03 8.420941350170796795e+02 -2.029323938365537288e+02
2.487312680589652246e+03 2.163277533258704466e+02 -1.124040449883812016e+02
2.746886167648859100e+03 2.770653216020530181e+02 -3.247293637829995987e+02
2.434369984139966164e+03 4.771718346721927446e+02 -4.305643700333897641e+02
2.554387162655952579e+03 5.081185581079101610e+01 -5.446177734449370291e+02
2.553913217753821300e+03 2.845561967862414008e+02 -2.603357783104764849e+02
2.801524094754854559e+03 3.833269566878267653e+01 -3.915098253495307290e+02
2.554620449743951667e+03 1.080851825483155437e+02 -4.309896256965758994e+02
2.816405724814909263e+03 2.623381365518562234e+02 -2.171735575828751053e+02
2.409707924394090242e+03 4.277242562209459038e+02 -2.606403801228864268e+02
2.847099389579029321e+03 1.539176474015519887e+02 -3.329475991582575034e+02
2.587654672845953883e+03 1.677596632742401539e+02 -1.150284371916229844e+02
2.601756674369127722e+03 3.320050019697679886e+02 -4.784689772355386594e+01
2.908043732194421409e+03 1.344581385143371222e+00 -3.548536935744694460e+02
2.609107872471303835e+03 2.633843446886686479e+02 -5.188325760314152291e+01
2.700997972591314920e+03 -1.468501125267478642e+02 -4.905636811853844961e+02
2.643993327711584243e+03 4.481502114291050702e+02 -5.193700313330830198e+01
3.112250535483983185e+03 2.242885831161243004e+01 -2.515448899568006595e+02
2.876589345761639834e+03 3.871202298801483721e+02 -5.455826114488419165e+01
2.683476708469262121e+03 2.675105606979990398e+02 -1.376818409052945640e+02
2.506285563863476455e+03 3.902940434836909844e+02 -6.842044899412013592e+01
2.514547952173806152e+03 2.115909086676826973e+02 -9.823485723457582708e+01
2.389498575486077243e+03 5.723797120168874244e+02 -1.807291424840494187e+02
2.575365685233687145e+03 1.019117913586877791e+02 -2.046596585185892252e+02
2.660661210493504313e+03 2.760798711723069232e+01 -1.848871233721440035e+02
2.693461777512635763e+03 5.324995077587750529e+02 -1.428837695895655315e+02
2.715194804237650260e+03 1.547192912996789005e+02 -2.620938463143948525e+02
2.597326937315445775e+03 8.489282581125277716e+01 -2.325852476053714497e+02
2.565377200699822879e+03 6.239708202274367750e+02 -2.607393203991024393e+02
2.687979963729413157e+03 1.731542441311111986e+02 -4.027233558833537472e+02
2.537794104994975896e+03 2.220959654442101225e+02 -4.819822883946644083e+02
2.295126398066057845e+03 4.007506268238306575e+02 -3.996407723912147389e+02
2.554039907892763949e+03 6.759158070729213250e+02 -1.942425548457933644e+02
2.505111102571467654e+03 2.594255728872037707e+02 -3.562080074232201241e+02
2.444304832918229295e+03 4.190589046572014240e+02 -2.410479605445486015e+02
2.446124676086230011e+03 4.519818616020789932e+02 -4.705578516027539422e+02
2.643157737617582370e+03 3.684508076671539243e+02 -1.524040718977731217e+02
2.480861217525435222e+03 1.973127709551093290e+02 -4.052761670020674387e+02
2.578560106505407475e+03 1.191923577327997208e+02 -2.082925419170380223e+02
2.616240587350718670e+03 -6.300546105901149474e+01 -4.428046913782112597e+02
2.337251203316393912e+03 5.614007366163132247e+02 -2.934873012198412425e+02
2.472342397392745170e+03 1.711857989698511346e+02 -4.283749583613538903e+02
2.427782460864060340e+03 6.019932831500345856e+02 -4.467107516513424343e+02
2.479686169655161848e+03 4.577344093933182876e+02 -2.984078125413026328e+02
2.785633806131155325e+03 4.800252399603130584e+02 -1.916694036202798088e+02
2.567030860092774219e+03 7.947183463655111382e+02 -1.644555300167083942e+02
2.735067603443083954e+03 1.722274859010208274e+02 -7.005307379412792557e+01
2.399323220762002620e+03 3.231473682664912417e+02 -4.100323040889526283e+02
2.841844767817614411e+03 4.967300658555398627e+02 -3.070905335621274901e+01
2.456908489525977529e+03 3.418468563379473153e+02 -5.003679193716557165e+02
2.643483825945081207e+03 3.357434173610906782e+02 1.566651531071956782e+01
2.278784376889039777e+03 5.271304131747690462e+02 -3.859899081992881520e+02
2.496082766047955829e+03 4.849902640480411975e+01 -3.795921154578534242e+02
2.710098254114709107e+03 1.322596066952421552e+02 -8.012459856540645831e+01
2.854420943740756229e+03 -1.737455955417997586e+02 -4.153041625045246406e+02
2.872205130166140407e+03 4.165348331615052757e+02 -4.654804700239507298e+01
2.331790192451601797e+03 8.828968609866633699e+01 -5.704589746218115351e+02
2.711061435933895154e+03 3.975378260124459189e+02 -8.892701734108896972e+01
2.664435329639135034e+03 5.944911557554523824e+02 -1.719053203893562056e+02
2.554392853449711765e+03 1.061770981365818471e+02 -4.297186649449885181e+02
2.568191142932924322e+03 2.417961634172899608e+02 -9.247893102023142831e+01
2.569321814129452378e+03 5.130137299842157290e+02 -1.005572791933565782e+02
2.697057964059265942e+03 4.194282274491135922e+02 -2.197561244162961032e+02
2.767903810326547500e+03 3.974291280725611841e+02 -3.421348376416561905e+02
2.495347374384090472e+03 6.848777057927234182e+02 -1.900775986197166958e+02
3.152189534390950485e+03 6.740092158631129848e+01 -7.501046021556753374e+01
2.410631274496106016e+03 3.881816054998397476e+02 -2.631488188113763158e+02
2.437509312226250131e+03 7.397764519205576050e+01 -3.920756247177833416e+02
2.922643723196309566e+03 2.240586671836253458e+02 -1.060879095394773799e+02
2.567564084113206718e+03 3.594626539237175962e+02 -3.615185579414822996e+02
2.707221796673808058e+03 3.196322054526610259e+02 -2.923924181531297961e+01
2.553656700948253729e+03 -1.162862099604726325e+02 -5.523355200737032646e+02
2.333637550179126265e+03 1.504877955608615423e+02 -4.728986420207386914e+02
2.538560012150866442e+03 5.201856129950542709e+02 -1.820070274903798406e+02
2.654977172845111454e+03 2.883533587196928352e+02 -1.416378787580867993e+00
2.597650523607717787e+03 3.368454840221442055e+02 -1.429341637262882330e+02
2.731626209205062423e+03 8.180239297519755155e+02 -1.695696068096459612e+02
2.911456803056365516e+03 1.565767685669249829e+02 -2.497359097006240347e+01
2.311956292537888658e+03 5.001906554208957800e+02 -4.321757627319179846e+02
2.926191698218886813e+03 -8.054067158343167421e+01 -1.563924364500934132e+02
2.920462890241003606e+03 9.182252686464588010e+01 -1.287853632289065899e+02
2.594456775527162335e+03 6.347986515795681726e+02 -3.480902990973183933e+02
2.672056116220063359e+03 6.527914140456788346e+02 -2.486673435474642702e+02
2.421770468407248245e+03 4.771153911096214415e+02 -2.991766139688844532e+02
2.542039468709819175e+03 1.877423570866650380e+02 -2.799085757476946128e+02
2.357354637526445913e+03 3.850005568220817054e+02 -2.434724633041256254e+02
2.672446684724069200e+03 5.237913196651281567e+01 -3.920584703295790518e+02
2.419055884347814299e+03 3.042962439012009099e+02 -1.866052243676525393e+02
2.870111237839430032e+03 1.197178159912641604e+02 5.682926409906514209e+00
2.650827832946087256e+03 -2.036766464031706789e+02 -3.032870065057838929e+02
2.814933437054029582e+03 7.344045914869388980e+02 -1.296582059287947004e+02
2.990867239524434808e+03 1.485084591966180767e+01 -1.459378979060890629e+02
2.810757052981302877e+03 -5.059283855044132849e+01 -6.283451034670983404e+01
3.024111976361143661e+03 -5.643760443097896484e+01 -3.400941329902131542e+02
2.481563214932679784e+03 1.746247299518944089e+02 -3.977257502935767093e+02
2.428187163987676286e+03 3.099866299488043069e+02 -2.425659567847701226e+02
2.532692485444350041e+03 -1.071519564836457334e+02 -5.134387854700487424e+02
2.757503396818285182e+03 4.600938389399526045e+02 -1.024004358031511970e+02
2.471060401361338336e+03 1.583279328286660359e+02 -3.595440906547325994e+02
2.788082378816187429e+03 4.766734528527450721e+01 -1.349940710962786738e+02
2.530034330749803757e+03 -8.376240810050902041e+01 -5.071975568338189646e+02
2.804868187892588594e+03 1.420264467803519608e+02 -3.673640356586125790e+02
2.963941646447394760e+03 -2.061112989384281491e+01 -2.196268606990037142e+02
2.641241561315559466e+03 6.367099185182521381e+01 -3.066757103075360078e+02
2.558595192077592401e+03 3.772455242066396295e+02 -1.338963244188948352e+02
2.555361117381447002e+03 2.995764265207561721e+02 -3.189054822349438041e+02
2.783416012958964984e+03 1.705310588288067493e+02 -1.403169889707487812e+02
2.691842365814654386e+03 1.795483108679551094e+02 -2.073189833724036646e+02
2.587665639317130626e+03 7.848470793008681312e+01 -1.135940024420561656e+02
2.521376745145342738e+03 2.597703851450043544e+02 -4.039314062937472727e+02
2.622783541807144957e+03 4.036107933203645644e+02 -2.778490803270165088e+02
2.749040968014513055e+03 4.587201317867337593e+02 -2.795306090944015978e+02
2.438181184795223999e+03 9.844650197789032120e+01 -2.440210949739839066e+02
2.630939545831857686e+03 -1.038781039025673181e+02 -2.917908444261896079e+02
2.776094980736374964e+03 3.312776243872538089e+02 -1.947218546413637910e+02
2.657972131345993148e+03 6.635130855188667454e+01 -3.738914698509314576e+02
2.614386048929020490e+03 5.131942029316094249e+02 -2.855257025213254565e+02
2.698301397633099441e+03 3.666805066220007916e+02 -2.838108639537522322e+02
2.312392806431711506e+03 3.854019122598266449e+02 -4.211298375152640006e+02
2.619151667572208225e+03 1.677113334234227864e+02 -1.968061366543851705e+02
2.491756397478999133e+03 1.684415715687394481e+02 -2.229536666198429771e+02
2.501007087757447152e+03 -1.279513468121710673e+01 -3.366277134349061271e+02
2.848749944399825381e+03 1.654307086717554114e+02 -2.767330012414437306e+02
2.416557167783249952e+03 5.836246927563730651e+02 -1.422510782594445402e+02
2.790233402580133315e+03 2.760370529234505739e+02 -2.303101819773296484e+02
2.773902741484313083e+03 3.528493347961558584e+02 -6.444965779849243859e+01
2.651834306285825733e+03 4.257650640278935725e+02 -1.867256857297029455e+02
2.595441818017066907e+03 3.725569706974522433e+01 -3.897421938327033217e+02
2.898019520870080214e+03 -6.405283102062929856e+01 -2.790380202481969718e+02
2.285956689488184566e+03 2.403777532531375982e+02 -4.810911663190623244e+02
2.517238578544405755e+03 1.448286144406670815e+02 -4.907096667421747611e+02
2.545069285533941638e+03 3.496160081338850887e+02 -2.073706371105799633e+02
2.455017140104236205e+03 5.142936876264104740e+02 -1.309103410376960710e+02
2.670923279171722243e+03 -1.367993334269749539e+02 -4.953988831725982891e+02
3.050732631703202514e+03 -6.310692069802598780e+01 -3.528434750267588242e+02
2.795128531880141509e+03 1.204178118382060063e+02 -2.974302649487752888e+02
2.817310144680443955e+03 4.222172922441990295e+02 -1.240359355071090874e+01
2.953341038385430238e+03 1.767756641693047186e+02 -2.275849567814028092e+02
2.431386736401007511e+03 5.786483060169696273e+02 -2.821161454503804293e+02
3.008953764944982595e+03 1.138266102244436269e+02 -1.063426603980708620e+02
2.378571178037561822e+03 3.061496241456821963e+02 -2.784334053338060357e+02
2.534352860597783092e+03 2.575905237781166761e+02 -1.925259129114339203e+02
2.843132717696235886e+03 1.727206493660286242e+02 -2.486352680792721799e+02
2.423549866356927851e+03 1.620015018758638234e+02 -3.172265816207923308e+02
2.429557039716833515e+03 6.941862749248647333e+02 -3.474897600678817184e+02
2.409035954232962922e+03 2.043893749832798221e+02 -2.340946793038174292e+02
2.890003853270110085e+03 4.180704818493947528e+02 -5.126153788481232709e+00
2.547103246029386355e+03 4.771529126638614571e+02 -3.741435650021941228e+02
2.475025314443837033e+03 2.580874694181897553e+02 -3.398770094721578516e+02
2.450175274551808343e+03 3.844328866469720651e+02 -3.531512664166057220e+02
2.805067151356620798e+03 4.454544796325366178e+02 -4.875242046144872177e+01
2.726753530431183208e+03 2.635812828750642893e+02 -3.630351233627790464e+01
2.846225138654257535e+03 2.225104955830358620e+02 -2.450455090593040097e+02
2.510560011061959813e+03 5.856876625819020319e+02 -2.289777978539958951e+02
2.887730092325805344e+03 2.503996817026026633e+02 -1.388562282352842203e+02
2.671196096510180723e+03 1.833127400104936555e+02 -3.979788328770051749e+02
2.708443349091084201e+03 1.936619923505093084e+02 -3.239719478674886659e+02
2.732178909059355192e+03 1.146129000669595115e+02 -3.481757913998713434e+02
2.428642455711286857e+03 3.457569193985409015e+02 -2.778864846021599533e+02
2.786148396637339374e+03 2.805084307072065997e+01 -7.604709832239720413e+01
2.924678322661706261e+03 1.836316759054692795e+02 -1.914401074246232497e+02
3.029781871130770924e+03 -8.766833148267747333e+01 -3.376253216392339027e+02
2.941846966314400106e+03 9.888535764468319655e+01 -3.452450585236371126e+02
2.514326529985907200e+03 6.530761194315241482e+02 -2.128721291967282241e+02
3.023872292165181989e+03 5.165431741767784501e+01 -1.220032262732569563e+02
2.613146032929075773e+03 -1.625241824220153148e+02 -5.311075513126918395e+02
2.718440468270108340e+03 5.716548397683354779e+02 -6.297710874781671464e+01
2.726041715679218214e+03 2.525045971681111041e+02 -1.945032272920273613e+02
2.725350440226620776e+03 2.173075783463921340e+01 -8.486587171190383572e+01
2.608829512022150539e+03 2.372895403701458008e+02 -1.603384328023450109e+02
2.424419984581831613e+03 2.648884842289353401e+02 -4.647030245719328718e+02
2.895692057555400879e+03 -7.105423391976466974e+01 -3.354347440428521168e+02
2.878668310262368777e+03 2.810065510135086697e+02 -1.277438345908048944e+02
2.261416996016366284e+03 3.805570570367979144e+02 -3.336790758923428939e+02
2.639993752553223658e+03 5.231058650324578139e+02 -1.920854471616912633e+02
2.685490136015319877e+03 4.421446545929926515e+02 -2.355008906473930210e+02
2.457132840301870601e+03 -5.138447606573735982e+01 -4.035610262073286663e+02
3.046097003441962443e+03 -1.908236092721202226e+02 -3.914202071528022771e+02
2.973052630718441833e+03 2.125292822924504890e+02 -1.068552370904022837e+02
2.721391983624621389e+03 8.897461241646770702e+01 -2.973842451938854197e+02
2.518209257522531971e+03 4.378983672081034229e+00 -3.469304917698927397e+02
2.837229935967982328e+03 3.399017031934391753e+02 -1.519586613713072438e+02
2.375601101699714945e+03 2.115009055863182255e+02 -2.601868887759760014e+02
2.585054482954920786e+03 2.807203623108024431e+02 -1.477904987627085234e+02
2.466230862138392695e+03 6.395918292747680880e+02 -2.949627185602995496e+02
2.836418299077186020e+03 2.796013722030548365e+02 -7.872914264011083674e+01
2.420287646949654118e+03 1.874915578406708505e+02 -3.968125552301380026e+02
2.552953693294909499e+03 2.506463448033418899e+02 -4.727295426755927110e+01
2.462867940383046971e+03 4.061435557505212728e+02 -4.079753534824783401e+02
2.528406280390677239e+03 3.331982913034059948e+02 -4.086561376297430570e+02
2.514733084550081003e+03 1.436343761539492334e+02 -2.449565892324644096e+02
2.863951615052909801e+03 4.340144018969722879e+02 -8.999013718363870851e+01
2.974827974105399335e+03 -1.863929162287160466e+02 -4.503769134060700026e+02
2.724275943474555788e+03 -2.836607774816044980e+00 -3.883755512408878872e+02
2.861244024250252096e+03 8.581716995678470994e+01 -2.780581422024880567e+02
2.635708101589358193e+03 3.242071463501615369e+01 -3.944888293907218895e+02
2.447603019501853851e+03 8.606467397571178424e+01 -4.412179848349915119e+02
2.649320613596540170e+03 6.471350583314232097e+01 -1.751128381379012922e+02
2.364256940012782707e+03 6.481171215608693501e+02 -4.244112165455243826e+02
2.499909235976932905e+03 5.663746659079897654e+02 -3.302503726721877797e+02
2.417355380408624569e+03 1.433671899783899732e+02 -2.737900936980464621e+02
2.759922602607322460e+03 4.631432893465151892e+02 -2.288117270259369320e+02
2.469638077238736514e+03 6.999963620956616523e+02 -3.510703686700944672e+02
2.660111980079953355e+03 -8.558653499127210296e+01 -3.396815917351660801e+02
2.701496343700974649e+03 6.155209353700216468e+01 -3.205154035703121735e+02
2.718899791914979687e+03 3.833061484990759027e+01 -9.458143083082359226e+01
2.814155106272136436e+03 3.618776867964284065e+02 -1.442091617590569683e+02
2.391008938032484821e+03 3.763869783150158810e+02 -2.180964433604660258e+02
3.039148389020052036e+03 1.422441675883434868e+02 -2.346724033237821345e+02
2.430682570711446715e+03 5.794446194649269728e+02 -1.493346620048981492e+02
2.777866413340253075e+03 4.031083705801351584e+02 -2.584576997486317396e+01
2.916149768217750534e+03 1.303619304120122990e+02 -1.634159240152479953e+01
2.580544015857487011e+03 7.029899334243004887e+02 -2.702350922364586836e+02
2.628090273500244621e+03 8.500276593687748061e+01 -1.590536237988646633e+02
2.673537082757275130e+03 6.483186004369813418e+02 -8.418707791799442930e+01
2.761506259396096084e+03 4.242169874049893252e+01 -1.303487660214377684e+02
2.976160026674082928e+03 -1.523334676612198280e+01 -1.146439741465043483e+02
2.659291163094589137e+03 1.195558339686690488e+02 -1.301597387673863295e+02
2.720706513576677935e+03 2.509339327270560887e+02 -1.334531334785327772e+02
2.816793646214199725e+03 5.748872302461076060e+02 -1.850917449618639523e+02
2.342476287854413840e+03 4.964803025087869628e+02 -3.121065322923001872e+02
2.538208734970365640e+03 -1.559349765819913500e+02 -5.385329320646293354e+02
2.562549638562977179e+03 1.033005680902402901e+02 -2.897183061000175144e+02
2.459271832144934706e+03 1.169601356751808794e+02 -4.266887610879418276e+02
2.500492576493698380e+03 1.275765142178099154e+02 -4.206566254461298513e+02
2.698439233020128995e+03 3.893000361737139201e+02 7.704466797613093831e+00
2.559145098982586660e+03 -1.449318271830952654e+02 -4.985798322295116236e+02
2.708096332591480859e+03 3.407831698379257546e+02 -1.968733701552333741e+02
2.667885624782196373e+03 5.854950159703084864e+02 -1.539324355246395157e+02
2.875729920577425219e+03 3.605996882225398963e+02 -4.231145965019941002e+01
3.071404789361681196e+03 4.246293859178553589e+02 -9.475339083690613506e+00
2.936728968879250715e+03 4.314572004317624305e+02 -9.988260401073914352e+01
2.591907050698850071e+03 6.303938996849584555e+02 -1.977509557321432965e+01
2.649439776939469539e+03 -1.381833349720454862e+01 -5.263240141075141310e+02
2.619512714777374185e+03 3.617714755705016927e+01 -2.049958238285026937e+02
2.494071019378796791e+03 -1.747928524039001275e+01 -2.797531731581182157e+02
3.091576505091823037e+03 1.007673574637114911e+01 -5.976193495196983463e+01
2.663179343161991710e+03 4.782397059208180679e+01 -3.293074751246835490e+02
3.070352139147429625e+03 -4.965299202624254349e+01 -2.849761275766466042e+02
2.544281008614289476e+03 3.669413341017396988e+02 -2.119116038419468282e+02
2.526156963882924174e+03 4.338067787460205409e+02 -9.287842277745681940e+01
2.588363322401497953e+03 4.917096641140702786e+02 -3.162394082560871880e+02
2.732758684612984780e+03 2.110823415933245997e+02 -2.996003341667401969e+02
2.641257163199418301e+03 7.151800335537238880e+02 -2.727541644318726526e+02
3.006967535853164009e+03 2.521518764914245025e+02 -5.536627970396634169e+01
2.679056337921170780e+03 5.630762125205341135e+02 -2.076827165297786451e+02
2.557506322825005554e+03 8.271838799668015554e+02 -9.184195564325386840e+01
2.602305472005451065e+03 4.938475309737594330e+02 5.111487440102735036e+00
2.952724714991538349e+03 4.694421069438810150e+02 -5.289115340155717604e+01
2.304025128751897228e+03 4.868933034619410591e+02 -2.586429867858687999e+02
2.533640268380120233e+03 5.296090373848946911e+02 -3.573447591298430552e+02
2.416857472065387356e+03 4.140728916443108574e+02 -1.450808923034644522e+02
2.481259049655858234e+03 7.297139987949916531e+02 -3.076825134120305165e+02
2.882401663143979931e+03 2.720615799370275454e+02 -6.653598697169297793e+01
2.559683358462433716e+03 4.080465739111646428e+01 -3.397954399858779766e+02
2.472553124055185435e+03 3.110268542654878274e+02 -2.718219168999672775e+02
2.848263116849984726e+03 -5.362057240123912294e+01 -3.683516612070642395e+02
2.619893632588417859e+03 1.039889358401366337e+01 -3.307948983056297152e+02
2.838437631104400225e+03 -2.174694019198149704e+02 -3.653413310621114078e+02
2.878506453547275669e+03 5.349743561590315721e+00 -3.273078856738151217e+02
2.486603123708509429e+03 5.194929937181692594e+02 -2.012425697881051008e+02
2.708507334211342368e+03 -1.402931044752237142e+02 -4.458390639391776631e+02
2.843612205092431395e+03 5.397116962846598653e+02 -1.568933448740049243e+02
2.675717549921039335e+03 5.103274544828316266e+02 -9.866503325054708284e+01
2.343838988113660889e+03 6.477119404073723672e+02 -3.265884796192663657e+02
2.299443746998602819e+03 4.931293816077883321e+02 -4.797747334236605639e+02
2.915982706543566565e+03 6.997439610190437520e+01 -3.284285847095069357e+02
2.487571409153430523e+03 6.818931121206226180e+02 -1.553906359229609393e+02
2.556875535115588718e+03 9.303334716072831156e+01 -2.074721499832733400e+02
2.636422045812608758e+03 4.056681375137251422e+01 -3.588079801388590795e+02
2.369787834441434370e+03 2.960305298089938901e+02 -3.049522060360941396e+02
2.467927133187409709e+03 1.140426089231354752e+02 -1.435268696442063856e+02
2.959943722588560377e+03 8.445602576852702725e+01 -7.108948933311344831e+01
2.727880533670650948e+03 5.311098536255749423e+02 -1.193634571772653601e+02
2.778130629345643683e+03 1.136089682987795015e+02 -7.781921035555157573e+00
2.650485741269663322e+03 1.596583971047569435e+02 -1.487353548953643383e+02
2.674648855744869707e+03 1.492809649556726015e+02 -2.964056973483333195e+02
2.732831390296694735e+03 7.657720096871591409e+01 -2.769851597676133110e+02
2.631430340946589695e+03 1.013276838459692328e+02 -2.197490810361030071e+02
2.493926963837840503e+03 2.052459317191100467e+02 -3.436774190218424110e+02
2.737690575330447246e+03 1.883163527441915051e+02 -6.098039118955543358e+01
2.761858687975725388e+03 4.936621367467482742e+02 -2.585423804243332597e+02
2.550748835451607192e+03 4.371783923232527513e+00 -2.490704521399509019e+02
2.352446789847019318e+03 1.530273468407156088e+02 -3.663520345974073393e+02
3.042558993830313284e+03 6.318292546221887562e+01 -2.297481909141508822e+02
2.928856651988794056e+03 -7.423489920229695826e+01 -1.891541866434454846e+02
3.023931847500792628e+03 -7.458439122204821103e+01 -3.173053341427421401e+02
2.631251643268423777e+03 2.032695046665227494e+02 -3.014286252303452329e+02
2.800774260395941837e+03 1.631884059152181976e+02 -3.529513565980398653e+02
2.360358699510572933e+03 7.919471986182084038e+02 -3.565225652464188215e+02
2.512295190251516033e+03 1.005530875427107844e+02 -2.327797449888844881e+02
2.556892697927702557e+03 1.131007135387244773e+02 -4.232620777459790133e+02
2.988737218746185590e+03 3.869941181192384647e+02 -1.072316218857544357e+01
2.324865815931860652e+03 1.785219527281043668e+02 -5.075505628156428770e+02
2.663525200592483543e+03 5.950054077388001588e+02 -1.553424006211740220e+02
2.519453493056855223e+03 1.701843053917962152e+02 -1.051872333168622049e+02
2.856174502452460274e+03 3.724191066974125306e+02 -6.298590494445282673e+01
2.468026091126919255e+03 1.926215112186770853e+02 -1.818674695222614730e+02
2.706202684545423836e+03 8.208796846019589566e+01 -2.939464608314834777e+02
2.900423066385977563e+03 4.936030236134129723e+02 -6.688113325473003101e+01
2.747312604253381778e+03 4.628896565191880086e+00 -3.531119641466187318e+02
2.527272429761471813e+03 1.915850449741278112e+02 -2.035787707554849533e+02
2.344881417784161840e+03 5.723674612984776786e+02 -3.296224432511706368e+02
2.669316334741384708e+03 1.617283544142860592e+02 -9.240274487727484143e+01
2.394245136874115360e+03 3.223188120144275217e+02 -3.463991696263895506e+02
2.673658301742295407e+03 9.461206601806986782e+02 -2.760682115126022040e+02
2.539721544193756472e+03 3.221387135798258896e+02 -4.272538264722854819e+02
2.434491254804733671e+03 9.364491310475699493e+01 -3.472093421081464157e+02
2.649357852675550475e+03 4.959852888526404513e+01 -3.874802314421055485e+02
2.498935332600735819e+03 1.565178167410061008e+02 -2.338724947996092851e+02
2.605422643092714679e+03 4.536596845310458548e+01 -1.862618422832727845e+02
2.319951635766658001e+03 2.906274186787799181e+02 -3.677453203170866800e+02
2.664618159941212070e+03 2.800261856885768452e+02 -1.967913183104467407e+02
2.543565759733041432e+03 2.674230764934276863e+02 -1.742961043074882639e+02
2.800947632862172668e+03 3.916855474096490752e+02 -1.038042667286904646e+02
2.750833995824058093e+03 5.484996529637022888e+01 -2.107405515039289128e+02
2.461996128658704038e+03 7.457922114485006659e+01 -3.877880297701859718e+02
2.802846348552717700e+03 4.512227313302869902e+02 -1.367061782969880994e+02
2.358026276108317234e+03 2.518357763590123000e+02 -3.251644142793301739e+02
2.753018618283636442e+03 2.483835070168341588e+02 -4.967703269334284499e+01
2.473138797721996525e+03 3.568804000352693038e+02 -3.505271446394384043e+02
3.126992238662353884e+03 -2.706563327786140860e+01 -2.471517811836212388e+02
2.858109997472342457e+03 1.018915644558819196e+02 -2.070438873392536721e+02
2.857254795499496595e+03 -1.075294646351452315e+02 -2.895544408412474695e+02
2.610787319857570765e+03 1.971018451322150611e+02 -4.163095735369107331e+01
2.926830674459760758e+03 7.133224722173720238e+02 -1.632081913053832238e+02
2.581570690709486371e+03 8.484568739660248582e+01 -3.781096023006225550e+02
2.506977649517968075e+03 2.154103608711355378e+02 -1.408248226326284680e+02
2.663429075028752322e+03 4.606771858883828372e+02 -3.402805734987425694e+02
2.684097331268000289e+03 6.342916145828244225e+02 -2.002844622807703558e+02
2.950298541742662110e+03 5.990230335303311904e+01 -8.722551235920205670e+01
2.485599492765677496e+03 -9.697033551366956772e+00 -3.714636913411374621e+02
2.448621414137860484e+03 3.127518145047145595e+02 -2.161352698508773074e+02
2.623468907447386755e+03 7.156843781985186581e+01 -3.702114676421864488e+02
2.572442554374668362e+03 6.066343469158197195e+02 -2.193929163233740383e+02
3.165139763335111184e+03 -8.963322022324626914e+01 -3.106662931322391046e+02
2.389531652332465910e+03 5.221312083397227752e+02 -2.215448636884390794e+02
2.686149964936237666e+03 5.439440200993112740e+02 -4.048888070247354420e+01
2.815590870948104566e+03 -2.501035892286600415e+01 -3.270497039196117157e+02
2.552112921188259861e+03 1.594354604698651769e+02 -2.067144782980522848e+02
2.441265925078828786e+03 4.377701062291889116e+02 -3.041957831920011586e+02
2.687596284783438477e+03 5.844842511937717973e+02 -8.127090844733412212e+01
2.481619170311937978e+03 3.743533141941904887e+02 -3.215327751377488426e+02
2.619592868319595254e+03 2.389452731761796258e+02 -3.073187839865182696e+02
2.731830277721116545e+03 1.649939087991908764e+02 -1.372363203316344880e+02
2.692688402204345039e+03 3.564789293456994415e+02 7.331380804157390685e+00
2.525255554566908813e+03 5.996923110292328829e+02 -2.076262459115618526e+02
2.522676132766493538e+03 -1.949139933183924995e+02 -5.092186269065892930e+02
2.410669485597942639e+03 2.874238412065318471e+02 -4.732532909340362153e+02
2.531593894584464579e+03 6.503225021635938674e+02 -1.239854367151636296e+02
2.646457279533091878e+03 6.825966664370605486e+02 -7.603863638694088323e-01
2.783015532808430180e+03 -4.729293444385466216e+01 -4.086476066744733657e+02
2.725807641205023629e+03 9.671840169823776989e+01 -3.329338545542175893e+02
2.942663642396292289e+03 1.582153159366875173e+01 -2.342267449114521014e+02
2.725735367429983398e+03 7.629383475004686943e+00 -2.369078941679109391e+02
2.652535309517720179e+03 -8.534796105278709888e+01 -4.431614578483431615e+02
2.411982642164608478e+03 1.340349457407799605e+02 -3.733495724203939972e+02
2.576819927919304064e+03 7.308305561423435392e+02 -8.125547104180361657e+01
2.716346205917119732e+03 1.843697727123176833e+02 -9.082135196874864391e+01
2.436079969996698310e+03 5.068217620669511234e+02 -2.684292598210795404e+02
2.392580051718605318e+03 4.209138983444123028e+01 -4.127420250626547045e+02
2.603077262194681680e+03 3.084315044521621871e+02 -8.922063891438557448e+01
2.995144363575604075e+03 1.610163179800844091e+02 -1.828874097582072977e+02
2.814638970445037103e+03 2.317133865066427063e+02 2.325240674602227386e+01
2.481878576855979645e+03 2.317759063135329711e+02 -4.315447268616341034e+02
2.507806544997911260e+03 1.905448385955194794e+02 -3.819342870037462490e+02
2.541433040037986757e+03 4.230201047081185379e+02 -3.001400003967278849e+02
2.527950496082312839e+03 5.981531541969251293e+02 -2.028663136534927389e+02
2.500016835478140820e+03 4.948636791319112831e+02 -3.350132925521906486e+02
2.534661276370808991e+03 2.244571328327859305e+02 -1.719664579204804227e+02
2.546992202697597349e+03 8.977965304951645749e+02 -3.740008413435375587e+02
2.605861463646513585e+03 9.053642713848928452e+02 -3.882181231679971916e+02
2.840666573728438834e+03 5.568790312777593954e+02 -1.259241123231341959e+02
3.023958930990831050e+03 4.973125261623065398e+02 -8.217618920599262822e+01
2.960221567637380303e+03 1.252701690283192306e+02 -1.612434599499873400e+02
2.890095478758841637e+03 2.611832197701357927e+01 -5.483365128620407347e+01
2.330121644388710592e+03 7.216213167981489960e+02 -4.321867710448808566e+02
2.526531297724667184e+03 7.188703536355930623e+01 -2.365509802378149402e+02
2.418913443240354809e+03 1.864384903690778970e+02 -2.900676741844108619e+02
2.957523193039563466e+03 2.362572418752368435e+02 -2.144677068670420681e+02
2.351084581841318595e+03 4.715146762151121038e+02 -4.900793475560491288e+02
3.089283058099027585e+03 3.307661851508569839e+01 -3.205243337318996169e+02
2.498052524032436850e+03 6.925787728793008000e+02 -1.647734675453594662e+02
2.881530679171797601e+03 1.385487907988089660e+02 -6.340104153210911164e+01
2.560264206730178103e+03 1.867889769298577107e+01 -1.614740205717581318e+02
2.594168782997458948e+03 2.112504261788237159e+02 -7.808981197690607701e+01
2.818163399426275646e+03 9.088210521655412322e+01 -2.468403147201235868e+02
2.314329790241094088e+03 2.020206850704798569e+02 -4.737680359362688023e+02
2.381413227477494274e+03 5.737034785224025768e+00 -4.855553616275612399e+02
2.374338620037650799e+03 2.839817958108038738e+02 -2.391500656995143004e+02
2.390017951352537239e+03 5.890235809602036170e+02 -1.880866577796980437e+02
2.505728685629911524e+03 5.018768185499343986e+02 -4.350722885435616263e+02
2.685269052950002333e+03 8.503357558574299446e+02 -2.597126688058642685e+02
3.000242147322916026e+03 1.408917475537996609e+02 -2.232615561258476475e+02
2.718296897373631055e+03 5.904508527253655075e+02 -2.490902425893561087e+02
2.326490415087007477e+03 4.983700041027250336e+02 -3.689773415732925628e+02
2.856671007581975118e+03 1.067700629127830183e+02 -5.648535012180915516e+01
2.436140323398694818e+03 3.585339120015946150e+02 -4.746808261269964078e+02
2.887919757180397937e+03 3.157476113581121240e+02 -1.232691796363672125e+02
2.740916124106461211e+03 2.390403762017658096e+02 -9.641615924549408589e+01
2.723759954454166746e+03 -4.663800521345066841e+01 -2.006448175117568553e+02
2.521913327158866650e+03 9.125530925070473813e+02 -3.464130896450673163e+02
2.513982765542576090e+03 -1.968198461759681095e+01 -4.896171494910927322e+02
2.630228969124783816e+03 4.410247305511485365e+02 -2.590501234490830029e+02
2.780667766353938532e+03 -1.814467266342517178e+02 -4.445546932262512883e+02
2.771035025372594646e+03 1.923788568600515703e+01 -1.936765444654537873e+02
2.362806684649845010e+03 4.689743047900291231e+02 -3.867434744167472331e+02
2.763070169778942272e+03 3.970726722930880328e+02 -2.077702321180898082e+01
2.508770596268788722e+03 1.210936198259986440e+02 -2.015586559580427206e+02
2.423087225783406211e+03 4.637492140335931481e+02 -4.857295999858064306e+02
2.700305162159916563e+03 3.033606613832392895e+02 -2.822754659435682356e+01
2.781951858505264681e+03 1.425663769605338302e+02 -1.575743123980118412e+02
2.934320425032370622e+03 -5.439388670173376283e+01 -1.524831052387241357e+02
2.430645708572475542e+03 1.504271964244002788e+02 -3.986957325262484915e+02
2.924464725267215272e+03 1.942754184696808579e+02 -2.988236810431365029e+02
2.750802965660169775e+03 3.562042124673671424e+02 -2.246606939225204371e+02
2.779235784215657077e+03 1.370189515923133001e+02 -1.141243083250600705e+02
2.519261836741711704e+03 4.971740480990605420e+02 -2.579095997568674079e+02
2.442921348467410553e+03 5.320391807167758316e+02 -3.609815501258839845e+02
2.484829772052084991e+03 6.960119893053378064e+02 -3.146233202210994477e+02
2.877962758632691930e+03 3.928140564342721746e+02 -1.949574918593983455e+02
2.499978515720179530e+03 4.296331140229889911e+02 -2.840860805345296285e+02
2.693536576439047622e+03 1.555222257515432887e+02 -4.977421543181090868e+01
2.560249489621246994e+03 1.410737462907836743e+02 -2.248204904508312438e+02
2.660692041661832263e+03 5.964948735692665878e+02 -2.705836749286208942e+02
2.636544602459233374e+03 3.177775459103350499e+02 -1.164316816145932165e+01
2.863076868535297763e+03 8.340235822277232103e+01 -1.603285607959546155e+02
2.632504656946320210e+03 -8.491212382797854730e+00 -3.466847702905205324e+02
2.596884025869790094e+03 6.626422392572000035e+02 -1.617511427206640349e+02
2.290866326686580123e+03 4.576318864284793335e+02 -4.360073311041240345e+02
2.742143668844385047e+03 2.747635859655703143e+02 -3.169098637893658292e+02
2.567205421566948189e+03 -5.315124306452607073e+01 -4.633725047777307964e+02
2.605754309130181355e+03 1.671945039700611346e+02 -3.804710998985077595e+02
2.287826908247751362e+03 3.617731415682018223e+02 -3.008028750850228903e+02
2.651809978297318139e+03 4.185665379560982160e+02 -3.010769240770685542e+02
2.339748118299838097e+03 4.975670227723834387e+02 -3.978382554222985164e+02
2.625243967400251677e+03 5.039841464111509595e+02 -1.272428961986577605e+02
3.088097868667588955e+03 2.603307653417942902e+00 -1.885073275108687199e+02
2.830369857407545169e+03 4.004174841542268268e+02 -1.824040907570282144e+01
2.485696753691743197e+03 1.763427229709963626e+02 -3.606688312368132756e+02
2.503584063299967511e+03 3.492639394828876220e+02 -2.085157375188632329e+02
2.568727563113184715e+03 7.166241493986611886e+02 -1.853236919894128221e+02
2.373108679360854694e+03 5.801268553586407961e+02 -4.727997549287490529e+02
2.629729430802510706e+03 6.325195166009291370e+02 -2.981303418373449858e+02
2.812670208828742489e+03 2.716281552740637153e+02 -1.202388091421809690e+01
2.563753996142422693e+03 2.309919439848947889e+02 -3.051776325859157168e+02
2.505428056427080719e+03 6.443947340414379141e+02 -2.009133784093656629e+02
2.405649412466593731e+03 2.799792153551545084e+02 -5.091287165580945953e+02
2.416081926343188115e+03 6.175121256008582122e+02 -3.807710212971478541e+02
2.959504280034579097e+03 1.372134815732111690e+02 -1.143872012054527545e+02
2.583992058693598210e+03 -3.209133480447388820e+01 -4.213025135618151467e+02
2.558547601873576241e+03 2.220645672832092714e+02 -7.137056386960307464e+01
2.923060830290117792e+03 1.950786207605064533e+02 3.893152076347382717e+01
2.781217678053945747e+03 -4.748589573443720724e+01 -4.373581566805836474e+02
2.834752694599906135e+03 4.909663149113711142e+02 -3.773988854675995697e+01
2.430775455739240442e+03 4.496493781700007730e+02 -3.568383170221756018e+02
2.815235086282883003e+03 4.241502218098785306e+02 -3.556688946208487323e+01
2.436016011570582577e+03 1.210906297678580046e+02 -2.588495959411333160e+02
2.695119318867833954e+03 1.654124787508326335e+02 -3.330213371092504531e+02
3.121491511825802718e+03 1.106039521802455141e+02 -1.577972457658001133e+02
2.675138132948403836e+03 4.371170770035097348e+02 -8.448673904990589278e+01
2.494843465513539741e+03 1.964949316174344744e+02 -2.089803378387816224e+02
2.586236719431190522e+03 8.537113152348899803e+01 -3.056306486713261847e+02
2.594418444555939004e+03 3.086837232928451158e+02 -1.148144629303628363e+02
2.620171675834229973e+03 7.072820190887431409e+02 -2.896309615360779617e+02
3.036411614414656469e+03 5.009776245513696722e+02 -6.657463553093859332e+01
2.620703638054048497e+03 7.361743897002656922e+02 -2.553817065157943773e+02
2.850535086599677015e+03 2.018199096401295947e+02 -1.362613113502394526e+02
2.574901875903645760e+03 2.994494498054005476e+02 -1.814404997868826968e+02
2.697305242525661924e+03 2.344551013234882930e+02 -2.225970990908302269e+02
2.470814453874502760e+03 4.299181336249762921e+02 -2.258352676692364298e+02
2.742013936083432782e+03 2.560094613526277385e+01 -1.802669418150672982e+02
2.848037156797015996e+03 3.954333223288310819e+02 -1.071604140711713313e+02
2.620158870974443744e+03 2.027521221297573675e+02 -1.243601462693094817e+02
2.736745351253528497e+03 2.537634045287731226e+02 -2.921869829231541189e+02
2.676389423439701659e+03 7.233097113735607309e+01 -1.472147564357273097e+02
2.990559028779084201e+03 7.087367082125163620e+01 -2.641931978122369173e+02
2.416533230930106129e+03 2.771923822783747937e+02 -2.608921575484918662e+02
2.396718216383045274e+03 1.607552718622484349e+02 -4.479200621660691581e+02
2.809995595003734707e+03 6.897855969576514212e+01 -2.100145006749322363e+02
2.350871258732857768e+03 1.450645176927050102e+02 -3.481750572703022044e+02
2.597498832509935255e+03 5.558611252073771993e+02 -2.316604359952129499e+01
2.466784535323728960e+03 1.331930353857845830e+02 -2.732120314684998448e+02
2.993985601322260663e+03 4.125571396737502710e+02 -7.387204143674999557e+01
2.543629768159008108e+03 5.553517204656327522e+02 -2.860830020676876302e+02
2.882597144027095965e+03 -5.626726346404984724e+01 -2.878124382499635203e+02
2.771495012099315773e+03 1.449681372404487263e+02 -3.264122759383236598e+02
2.460172369494110626e+03 1.726715250771058550e+02 -3.862568931474431224e+02
2.572596468883750276e+03 3.158732963083551226e+02 -1.597277512216989521e+02
2.501949322490150735e+03 1.572396354411746699e+02 -1.116350959339798123e+02
2.661691378993031321e+03 4.248342415876670088e+02 -2.976489770839741311e+01
2.765302607748496030e+03 -1.577626869542524446e+02 -3.771801897304842441e+02
2.774432534668999779e+03 6.844502114669676018e+01 -3.942416874928775883e+01
2.598410854382048456e+03 5.323020843029628395e+02 -2.323492423978908903e+02
2.366066480691293236e+03 4.389748253159214642e+02 -5.328920392845957394e+02
2.936996864756113609e+03 1.409505740618719187e+02 -1.447786196214678966e+02
2.626805848175999927e+03 1.163526360517601859e+02 -3.158717636713156480e+02
2.505293670996757101e+03 5.801770877643639324e+02 -1.711180977264759804e+02
3.178327399482137480e+03 -2.244539458452976532e+00 -2.937838394841579657e+02
2.341845328449732278e+03 1.906185113111048679e+02 -3.748137940537881718e+02
2.297220520812945779e+03 3.201177808189045209e+02 -3.223795346018530950e+02
2.781308501621945197e+03 4.264675907061554199e+02 -8.285561436276071845e+01
2.593035701892366887e+03 3.408560716763020082e+02 -1.469085403525125173e+02
2.478881515849595871e+03 4.307599978666075913e+02 -1.016118144783357309e+02
2.950519463274571535e+03 4.207128333847196586e+02 -6.623685240783795791e+01
2.324238216103514787e+03 4.455999558034632742e+02 -5.082778056976933954e+02
2.833024088465056138e+03 5.077700054334350170e+02 -1.496650775784713119e+02
2.599937731522927606e+03 -1.409363362539141349e+02 -3.810771321117427988e+02
2.786695472887530286e+03 -1.674709942804734055e+02 -3.254217716774398923e+02
2.841936014941387839e+03 6.571374369513918055e+02 -1.865892068934861072e+02
2.691758994187535791e+03 3.982234278126738900e+02 -2.710796576022735280e+02
2.654623884274693864e+03 5.709109255433918406e+02 -2.183751900293362382e+02
2.917205675602349402e+03 7.182119009958803701e+01 -1.060978680652492017e+02
2.717895954136757609e+03 8.668554762719185192e+01 -3.534814540583243456e+02
2.777717208508474414e+03 4.232118681462457062e+02 3.674057060544181752e+01
2.289214194228561610e+03 3.405716450438425227e+02 -3.519108038991887497e+02
2.634616310834460819e+03 4.855054075716935813e+00 -1.707969994293970331e+02
2.339523486338458497e+03 1.376763544364189613e+02 -4.655364448476591974e+02
3.063629357700353466e+03 4.454463651523691681e+01 -2.376309071336922045e+02
2.791381969952157306e+03 2.992886740535902277e+02 -6.535257709009549387e+01
2.690177677864773614e+03 4.048993840313943338e+02 -2.900081901309100658e+02
2.610683109719291679e+03 -1.538257605202101672e+02 -4.699418196413220130e+02
2.501881089433525631e+03 7.357449405350726011e+02 -1.352345944794080310e+02
3.002156381526586301e+03 -1.460991417786178488e+02 -3.324658437518282312e+02
2.849800035694482176e+03 3.787239779881201116e+02 -1.067360732305707245e+02
2.616405597219104038e+03 6.194147014323327767e+02 -3.500304033078754173e+02
2.628520852576151810e+03 1.633982396307145564e+02 -1.319073550929063572e+02
2.328212269562236088e+03 3.014477097166385420e+02 -4.894160982712010650e+02
2.809551675560980584e+03 3.405430363262452715e+02 -2.330304006667396948e+02
2.561134835514505085e+03 5.097640006697520221e+02 -1.857420783844589351e+01
2.402107402796017595e+03 5.346364379588571865e+02 -3.843635577070197087e+02
2.905844808445442141e+03 1.931294702012335165e+02 -1.116691096371056346e+02
2.692182589552293848e+03 9.161402349605126005e+01 -7.236499926854355635e+01
2.570332147027281735e+03 8.003256040617974065e+01 -2.312510629974584333e+02
2.671380892982258956e+03 4.405734613878275354e+02 -8.879726812270439495e+01
2.632809899834179760e+03 8.653153969297352432e+02 -2.825940682299243463e+02
2.801369594649335795e+03 4.992648677839305265e+02 -1.349354514370347431e+02
2.683840538099339938e+03 -1.548729007619569416e+02 -4.893027906843542496e+02
2.607402872699656655e+03 6.861336255182263812e+02 -1.420307039517365695e+02
2.984341202624435937e+03 4.825344376140461691e+02 -7.473954474959589334e+01
2.729160828686753121e+03 1.513866808475954144e+02 -3.056031261679165709e+02
2.725048515518896238e+03 1.066539430065746785e+02 -1.088735394833800427e+02
2.453023488456508858e+03 5.298443989986532188e+02 -1.311853007476893822e+02
2.759209059652802807e+03 4.611866107505959462e+02 -1.526577209227907588e+02
2.893724318578756083e+03 1.203172768790742282e+02 -2.257517689719692271e+02
2.418113213506229386e+03 3.581051141997711511e+02 -1.484291058306462787e+02
2.330711008579253757e+03 1.754873978020320919e+02 -4.088863262588432690e+02
2.583409034739261642e+03 3.213609179725443141e+02 -1.440181730314394599e+02
2.424528360665247419e+03 2.822419023477370956e+02 -2.003458683179875095e+02
2.600301126561125329e+03 4.179625727371437733e+02 -1.550634767045797844e+02
2.813821422548765895e+03 2.936841887816494250e+02 2.719814373739471591e+01
2.935213329726410393e+03 1.137767854117984427e+02 -3.105492409575781494e+02
2.685320507190701846e+03 2.439659559105970033e+01 -1.703968032205138741e+02
2.604388938280488674e+03 1.696184410453950591e+02 -1.119965676116850233e+02
2.460273449705326129e+03 5.958322631857070064e+02 -3.050302794919117559e+02
2.453494522640077776e+03 3.401443415407693465e+02 -1.751719877353389450e+02
2.515863518458528233e+03 1.385483706284493906e+02 -4.411596008580926309e+02
2.328631783407569401e+03 2.856837578977275598e+02 -2.738180007344021760e+02
2.590836444867763475e+03 6.842166574290083645e+02 -2.226421425792461832e+02
2.876430938934986443e+03 -1.799933536828990555e+02 -4.717096802996560996e+02
2.887140916902846584e+03 -1.023808892534688795e+02 -2.917622264154092591e+02
2.401369901240236686e+03 8.282892465172665197e+02 -2.711828869508390198e+02
3.116858177315817557e+03 1.608356546800505384e+02 -2.171770126886648882e+02
2.472503890123858127e+03 2.155176202654135977e+02 -1.672014188046399852e+02
2.598391090720264856e+03 7.212282353080886423e+02 -3.363053814564387380e+02
2.748716766418897350e+03 5.141285045539823386e+02 -1.439542698440671415e+02
2.882430237028089323e+03 4.020188301420290600e+02 -9.539316246574220770e+01
2.460310839127965664e+03 5.140291329482912488e+02 -1.966210908889089026e+01
2.668891563785361086e+03 2.295900072945524073e+02 -1.200431307316224547e+02
2.759059772750872980e+03 1.725644017672731820e+02 -2.009996289078709424e+02
2.375251137354753155e+03 3.684184328555318189e+02 -2.345878612226495932e+02
2.625514265152763528e+03 4.457370968280086743e+01 -1.818645854465099774e+02
2.601723900255249646e+03 7.367162325683858626e+02 -2.586588163498348649e+02
2.560703340448813833e+03 5.775132624167385984e+02 -1.428711687556653942e+02
2.799710806998155022e+03 5.130365771270673747e+01 -1.537784393054945724e+02
2.912126350726864985e+03 3.557583795267886444e+02 -1.271942945457055600e+02
2.665421387709147439e+03 1.609971896939703129e+02 -1.402540617121660773e+02
2.523226783281474127e+03 4.783092838533744384e+02 -3.642060050218217384e+02
2.841498167599007957e+03 -5.812929347880468356e+01 -3.056368517539016239e+02
2.692896024553727329e+03 3.901734539459408779e+02 -1.967878434244032348e+01
2.503077182877366340e+03 1.644827166713880899e+02 -3.960771930923594937e+02
2.627402962959432443e+03 3.175883221832887671e+01 -1.831411184982996474e+02
2.765962677194268508e+03 4.089556441139167191e+02 -8.254802779503603460e+01
2.806129706207532763e+03 1.909495397093861584e+02 -2.249741168726425826e+02
2.538465841358325633e+03 8.746017782425272458e+01 -4.695263754585890865e+02
2.813546608572278728e+03 2.240852262069662970e+01 -1.325532805125284312e+02
2.887222164131025693e+03 5.076279185110827541e+00 -1.160945934244445539e+02
2.469114531428770533e+03 1.410764848014768233e+02 -3.144500027703066962e+02
2.714891061455383806e+03 5.940140496708058890e+02 -2.244140239353990296e+02
2.586512496438654125e+03 2.317737598649046618e+02 -2.365745165795722755e+02
2.659985547874017357e+03 5.761286128634129682e+02 6.284308287517319513e-01
2.436817086004103203e+03 2.918250902690862176e+02 -1.302723336367042748e+02
2.703078260734250762e+03 3.522613183173256175e+02 -2.214607218561901618e+02
2.336423475896905074e+03 3.450241944142940156e+02 -4.069228930909843598e+02
2.599313693579187202e+03 4.717590414464593778e+02 -2.896513718834471547e+02
2.825976419090215586e+03 2.855116349525200121e+02 -1.786326862269008586e+02
2.718316499348072739e+03 3.905085741877430223e+02 -2.132514094424140580e+02
2.564410311542745148e+03 2.859448459967389908e+02 -1.030682359869035594e+02
2.534536791351222291e+03 7.942586821697573214e+02 -2.220513190860696398e+02
2.754426361774746056e+03 4.265577231135558236e+02 -1.721651961407815179e+01
2.730916550459985956e+03 3.932933556874378951e+02 -2.450850718296371156e+02
2.894716678829288412e+03 5.350131880455839450e+01 -1.156479473718538884e+02
2.563099131656342706e+03 2.649892439057752824e+01 -3.772777216712829045e+02
2.821528018073226576e+03 3.269558632746897047e+02 -4.866616252172124035e+01
2.934116351747273711e+03 2.116439818594791404e+02 -1.203574292599732729e+02
2.910163275465114566e+03 4.291865931076188190e+02 2.484377366511633767e+01
2.945434501467677364e+03 4.493646395796544084e+02 -3.429683825321949087e+01
2.922001394807110955e+03 1.939437015822919079e+02 -3.003382978745765399e+02
2.353479056691603091e+03 4.178019952093226834e+02 -4.800256437424110345e+02
2.316627395954846179e+03 2.733193320416029337e+02 -3.817240947603294785e+02
2.599584879962688774e+03 1.743366462532430887e+02 -2.886560145397145334e+02
2.800417731570886644e+03 3.997053732304353844e+02 -1.046181691635723254e+01
2.540846938225816757e+03 4.748474600698142467e+02 -2.790411256766412862e+02
2.487713758053067977e+03 4.419483581959963203e+02 -1.223805637571466036e+02
2.590044492175736650e+03 6.249830114519182871e+02 -2.334967075439639927e+02
2.962109672399789360e+03 1.687362332488855259e+02 -1.305409938417109004e+02
2.478854784643810035e+03 2.569242609277404199e+02 -1.082581578772779380e+02
2.325208819544083326e+03 1.704117467621024957e+02 -3.268157713288094897e+02
2.401591102879272967e+03 2.280058936531217739e+02 -1.709863375842746223e+02
2.663646160224252981e+03 3.391057677794088931e+01 -2.141727306514196982e+02
2.836034307016210278e+03 4.205696005650922871e+02 -1.084196408845624973e+02
2.638213128325662638e+03 7.993395303268071075e+02 -2.644854587316135053e+02
2.324491814444779266e+03 1.668612388816233647e+02 -4.278973332054328580e+02
2.821353201043107219e+03 2.919166216318033094e+02 -2.346779806481692390e+02
2.998878759831483421e+03 8.269892162541229652e+01 -2.638436436858847856e+02
2.417762461497854929e+03 1.262811253759071661e+02 -3.651296726125407304e+02
2.826391046399161951e+03 2.090884281747088380e+02 -1.592398024621410855e+02
2.362829186462874986e+03 2.878267983181921181e+02 -5.121163795904025164e+02
2.765622994194934563e+03 5.692899195401889756e+02 -7.669146760090131920e+01
2.616028725727640904e+03 1.616370878641210993e+02 -3.387108499921269527e+02
2.344371553449503153e+03 2.506130455876080418e+02 -3.423994619844548879e+02
2.324214886853799726e+03 5.807986040349671839e+02 -3.245223666677093775e+02
2.609095259398128292e+03 3.540647459861554580e+02 -1.365410130864174505e+02
3.103141442889893824e+03 -1.493715737127099601e+02 -3.140250002218236887e+02
2.495652200977182929e+03 5.691166056177771679e+02 -2.327358340424107155e+02
2.619511961436444835e+03 3.945820032256756349e+01 -1.176261454724525066e+02
2.621657883515887988e+03 5.270842827137573749e+01 -4.246593528929257673e+02
2.745213475833350913e+03 3.656754336202271247e+02 2.877045531458864502e+01
2.576559710997625643e+03 5.409500761541826250e+02 -8.409103938086133212e+01
2.733325161853907957e+03 1.261896243868535237e+02 -3.353348444564967394e+02
2.751187055057804173e+03 8.217331930418099546e+02 -1.626641165047006439e+02
2.367461681591104934e+03 4.896897731707184676e+02 -3.964510331002087469e+02
2.562945912714589213e+03 7.374158133221533262e+02 -3.864167939030765524e+02
2.598629179462208413e+03 -9.976015274600315763e+01 -5.120875521063237557e+02
2.583023487543148349e+03 6.672171954019950135e+01 -5.227047386149507702e+02
2.486893219175593913e+03 4.187511578266802417e+02 -3.665678608398856113e+02
2.422414587050430782e+03 4.419571511987620624e+02 -3.579123032744478223e+02
2.942052709319462338e+03 4.185499185935732385e+02 -1.938809326492333440e+01
2.537667229423559547e+03 -1.887239492930899587e+01 -4.118276638653262012e+02
2.507715179792116487e+03 7.602114043384489150e-01 -4.497644082025335592e+02
2.499474998467300338e+03 2.940342138947340800e+02 -2.365526637266237344e+02
2.818160100134851291e+03 3.588144818772668145e+02 -1.361471718071863393e+02
2.866639812940772572e+03 2.393445094701093581e+02 1.350786867288243798e+01
2.952007671353002934e+03 2.470357022919343422e+02 -1.275890565887500401e+02
2.755923990047813732e+03 -1.551284381241316623e+01 -3.074185040251833243e+02
2.438898108758878152e+03 1.898790283001275156e+02 -1.930526044097947533e+02
2.712410050028346632e+03 4.704981315815350627e+02 -1.100611956169389885e+02
3.066069702629200492e+03 8.349937632134439980e+01 -4.370378200200124752e+01
2.746682654674671994e+03 7.733948526997468775e+01 -1.032716068801426275e+02
2.423346932493180702e+03 4.894437076042069066e+02 -1.620284814732260941e+02
2.683597067404844893e+03 4.307954532596070294e+02 -1.146379597721104346e+02
2.423109780099711770e+03 4.041948531069076580e+02 -3.040957240050234418e+02
3.074393567900351627e+03 -1.369716057234208506e+02 -2.708098440529386153e+02
2.487753130569993118e+03 6.102375157521864821e+02 -2.247548960795088533e+02
2.307292195253060527e+03 2.826336723519189036e+02 -3.634278974547356142e+02
2.809892653438912930e+03 3.370589832989333701e+01 -3.937348682336976822e+02
2.394845181965489701e+03 7.137441305383716781e+02 -2.347016693375859973e+02
2.878661085731251660e+03 4.075091344107014493e+02 -1.645097979080376831e+02
